N disks	Disks radius	time	Gen	Method	ks	kt_bot	kt_par	kc	color	current length	div_length	X
6	0.7	3.001	1	7	10	10	10	10	(0, 128, 0)	4.900000233093314	8.038919245284305	-2.200000116546657 1.4287546703519706e-16 -1.5000000874099901 -2.857509197987497e-17 -0.8000000291366638 -1.1430037505532248e-16 -0.09999997086333844 -1.143003750553224e-16 0.6000000874099888 -2.8575091979874795e-17 1.3000001165466568 1.4287546703519736e-16 
7	0.7	6.002	1	7	10	10	10	10	(0, 128, 0)	5.5999998319008615	8.038919245284305	-2.899991028640948 0.003914677476334054 -2.1999916552173007 0.0029903293539390507 -1.4999922807323038 0.0020724203118814397 -0.7999929092202949 0.001167897998907536 -0.09999351686263504 0.0002796536120371401 0.6000059127538792 -0.0005952040972684489 1.3000053577996997 -0.00146362274463562 
7	0.7	9.003	1	7	10	10	10	10	(0, 128, 0)	5.600000291358276	8.038919245284305	-2.899991298188235 0.003884315218311258 -2.1999918429838194 0.0029879315408952415 -1.4999923586433637 0.0020915478799729084 -0.799992874303135 0.0011951643309078559 -0.0999933899627323 0.00029878091785811775 0.6000060943781844 -0.000597602383335289 1.3000055495831986 -0.001493985593414948 
8	0.7	12.000	1	7	10	10	10	10	(0, 128, 0)	6.300000334043313	8.038919245284305	-3.5999807130394115 0.007918676350942788 -2.899982351038575 0.00639148046745279 -2.1999839593960537 0.004864977684348004 -1.49998556506595 0.003340017476485961 -0.7999871664075797 0.0018171544857320601 -0.09998876295238805 0.00029638871106694824 0.6000096445270324 -0.0012228344912633279 1.3000080253807462 -0.0027413644707973573 
9	0.7	15.001	1	7	10	10	10	10	(0, 128, 0)	7.000000077942099	8.038919245284305	-4.299968323363925 0.01221358172182726 -3.5999714090693615 0.010131873609585751 -2.899974451112101 0.00806096088398393 -2.199977432661559 0.006015230218050811 -1.499980315171275 0.004006288171641802 -0.7999830806878523 0.0020385332942366393 -0.09998573624654183 0.00010756699268947053 0.6000116907612207 -0.0017982173283929708 1.3000091354346583 -0.003693206198796097 
10	0.7	18.003	1	7	10	10	10	10	(0, 128, 0)	7.699999459111313	8.038919245284305	-4.999953952206027 0.016798318411844117 -4.299958822095007 0.014192052061182927 -3.5999636254403513 0.011607756792973491 -2.8999682726413636 0.009076495986305104 -2.199972656197813 0.006626663108197085 -1.4999767126897348 0.0042749116988562395 -0.7999804370540458 0.0020212115923993515 -0.09998387800096133 -0.00015113381979851268 0.600012881033095 -0.0022705203900574567 1.3000097208880435 -0.00436797654337247 
5	0.7	21.004	2	7	10	10	10	10	(87, 53, 66)	4.182856479486608	6.009448782391862	-3.2838979272812496 -0.05304595907820135 -3.9761734135223112 -0.012083593690310056 -4.669777385718542 0.02895459438274774 -5.364960424691152 0.07008301224498689 -6.061896521789379 0.11131338562358663 
6	0.7	21.004	2	7	10	10	10	10	(44, 30, 227)	4.876667645401513	7.996441170553984	-1.9164556464549285 -0.13308129698456395 -1.2252904416290522 -0.08273494643950034 -0.5332343156282204 -0.032834342302427565 0.1600686782685149 0.01651466404972017 0.8548870221588071 0.06547200268936257 1.5513964643119298 0.11432010704915045 
5	0.7	24.001	2	7	10	10	10	10	(87, 53, 66)	4.040621784579766	6.009448782391862	-3.4956227511887428 0.015128447387542134 -4.131309784801359 0.027129980192263987 -4.782624740567273 0.04597941966691402 -5.450623710542677 0.07218728294673096 -6.134669356225713 0.10258967773640898 
7	0.7	24.001	2	7	10	10	10	10	(44, 30, 227)	5.445490579856896	7.996441170553984	-2.442836141302316 -0.25660510010801607 -1.808310888441357 -0.1711042642122278 -1.1557915481515268 -0.09499706611070126 -0.48589299176612355 -0.030894386651693414 0.1970653116696484 0.023845755149215067 0.888171310126269 0.0735734097097245 1.583790789470858 0.12178390801014397 
6	0.7	27.002	2	7	10	10	10	10	(87, 53, 66)	4.89955225089785	6.009448782391862	-2.9743384345015325 0.595417667706717 -3.659622447059042 0.45322276932450806 -4.344960022892742 0.31127176609562646 -5.030379269420257 0.1696383655194778 -5.715877966123994 0.028257886128877096 -6.401435575458217 -0.11300869222680451 
7	0.7	27.002	2	7	10	10	10	10	(44, 30, 227)	5.59922456970064	7.996441170553984	-2.3590436338476595 -0.660058831007704 -1.6793710978169194 -0.49315817742888485 -0.9996284302819395 -0.3266478573198117 -0.31973690743383076 -0.16076401473332788 0.3603319282605179 0.00446556658771695 1.0405565089927518 0.16920955868362172 1.7208851302195403 0.33374124735355026 
7	0.7	30.003	2	7	10	10	10	10	(87, 53, 66)	5.598488593273919	6.009448782391862	-2.29317064027121 0.7502666142298393 -2.977103300683485 0.6032650644814113 -3.6613256771550553 0.4573059599714534 -4.345937516587819 0.31275883563753903 -5.030908301293967 0.1694792339937002 -5.716134243167824 0.02703035111080407 -6.401497362562732 -0.11508481923756704 
8	0.7	30.003	2	7	10	10	10	10	(44, 30, 227)	6.299494429168213	7.996441170553984	-3.0381472854150533 -0.8285830298498235 -2.357753455013503 -0.6637150419836768 -1.6774159302794143 -0.49834952862921245 -0.9977777673355331 -0.33177067232800145 -0.31822996668710357 -0.16463682095238139 0.3613555304382815 0.0025636905756168888 1.041028071430206 0.16963214982726535 1.720776324243258 0.33659915182423933 
7	0.7	33.004	2	7	10	10	10	10	(87, 53, 66)	5.599974182542075	6.009448782391862	-2.2941994945133324 0.7563020137504051 -2.9787387058446555 0.6100233161001094 -3.6632815647737837 0.46376016216634686 -4.34782992753169 0.31751964457272236 -5.032383975856271 0.17130103769601984 -5.71694259798241 0.025097835840394402 -6.401504067565037 -0.12109883145373573 
9	0.7	33.004	2	7	10	10	10	10	(44, 30, 227)	6.9999806253355015	7.996441170553984	-3.716219647690278 -1.0012192952725412 -3.036442643943038 -0.8341769240520291 -2.3566687566601163 -0.6671220152355983 -1.6769026417331327 -0.5000356167447135 -0.9971543450004312 -0.3328991221126835 -0.3174165852430385 -0.16571789173686852 0.3623136246938432 0.001497620817645987 1.0420398229700654 0.16873445331593734 1.7217653268739734 0.33598002440343117 
10	0.7	36.001	2	7	10	10	10	10	(44, 30, 227)	7.700019566722084	7.996441170553984	-4.392829593759902 -1.1798143617991548 -3.7134469304716875 -1.0111609483147481 -3.0340505829118625 -0.8425613428264278 -2.3546336945470063 -0.6740452938103354 -1.6751963709838122 -0.5056138336568495 -0.995744177279277 -0.3372452427231145 -0.3162848066466412 -0.16890844503388563 0.3631753930730519 -0.000577534073692286 1.042633471483167 0.16776002163682072 1.7220897154309125 0.3361035787601586 
4	0.7	36.001	3	7	10	10	10	10	(99, 82, 79)	3.498980291217918	6.834298924424344	-3.3230053071772923 0.5308534901684601 -2.6437623722521626 0.69802496066938 -1.9643853948689385 0.8652304614783307 -1.2848462207747666 1.0324766569295087 
4	0.7	36.001	3	7	10	10	10	10	(225, 90, 23)	3.498978596590258	8.210883852019863	-4.678450228972823 0.1903611045245056 -5.369101159818636 0.07937710609649817 -6.059889673200197 -0.03162365508503842 -6.7508441197711795 -0.14264746924937166 
4	0.7	39.002	3	7	10	10	10	10	(99, 82, 79)	3.499999219681398	6.834298924424344	-3.321852596434396 0.5310993215527765 -2.6423873704227825 0.6994039475032435 -1.962921998561059 0.8677086100786862 -1.2834565123286397 1.0360133013204194 
4	0.7	39.002	3	7	10	10	10	10	(225, 90, 23)	3.4999992230194015	8.210883852019863	-4.679662981496205 0.1904158750810107 -5.370779787276711 0.07925381555834721 -6.0618967388883425 -0.031908281405698236 -6.753013804888915 -0.14307040622432157 
5	0.7	39.002	3	7	10	10	10	10	(91, 28, 225)	4.147681826254688	10.378192573440957	-2.689825627032328 -0.7463660135573108 -3.3486242155079227 -0.9152855999434971 -4.011391961310462 -1.0851285600075282 -4.6788630531222966 -1.2560798586781894 -5.351536047160593 -1.4283139073945061 
6	0.7	39.002	3	7	10	10	10	10	(135, 103, 133)	4.828467316696292	7.048923820026322	-1.419811220920448 -0.43411744676076724 -0.7604129009361724 -0.2743865529005573 -0.09842216235358628 -0.11398509086601095 0.5671720399596757 0.04734435454145218 1.2371841179361656 0.20978821497842012 1.9121856960774355 0.37346202400208856 
5	0.7	42.003	3	7	10	10	10	10	(99, 82, 79)	4.17659099718129	6.834298924424344	-3.8406011461769443 1.2303362483947393 -3.151510107373764 1.1423787763137558 -2.4620115843222092 1.0659890488484578 -1.771106199888158 1.0037959599575106 -1.078617466999729 0.9510728482696884 
5	0.7	42.003	3	7	10	10	10	10	(225, 90, 23)	4.1733628053002745	8.210883852019863	-4.23996140387064 -0.02213665988458992 -4.930557954681035 -0.029102527632338455 -5.622426534541564 -0.03504236004852565 -6.316425421153822 -0.04002190997911594 -7.013230967699848 -0.04455574345317213 
5	0.7	42.003	3	7	10	10	10	10	(91, 28, 225)	4.200843076996456	10.378192573440957	-2.6974940642775427 -0.9709243203084782 -3.376014197424266 -1.1455866423506038 -4.056302136014926 -1.3153065999397464 -4.7383002823457225 -1.4701120733237616 -5.421796381220506 -1.619899783167349 
6	0.7	42.003	3	7	10	10	10	10	(135, 103, 133)	4.898413535124044	7.048923820026322	-1.3662570566598993 -0.5278536318309451 -0.6909121117550493 -0.3440836427796982 -0.01717986995523563 -0.1558046810617204 0.6562980851448533 0.03336972034317937 1.3300037759388625 0.22205578556280364 2.004007637866923 0.4102863477969566 
5	0.7	45.000	3	7	10	10	10	10	(99, 82, 79)	4.19840917838701	6.834298924424344	-3.853736527269828 1.3094703264720147 -3.1557278576844188 1.2606317235496665 -2.4577338653420915 1.2128501314796771 -1.75969356520497 1.1667999426551308 -1.0616040831976146 1.1222612483415495 
5	0.7	45.000	3	7	10	10	10	10	(225, 90, 23)	4.199415880008784	8.210883852019863	-4.249042339746344 -0.029886933983409768 -4.948817194638044 -0.03293509907693234 -5.648631852682552 -0.03633179858968822 -6.348497373835106 -0.04008633256015708 -7.048422193697839 -0.044023462772538526 
6	0.7	45.000	3	7	10	10	10	10	(91, 28, 225)	4.893981909321411	10.378192573440957	-2.283041878860195 -1.6796754407635386 -2.980085903819627 -1.6354779273913023 -3.677335484597675 -1.5946818588373624 -4.375019819458669 -1.5582831829516735 -5.073239198450629 -1.5253840812482438 -5.772008057968849 -1.4940994460318675 
7	0.7	45.000	3	7	10	10	10	10	(135, 103, 133)	5.583541572344764	7.048923820026322	-1.8878368485458668 -0.36249400298536744 -1.1982575120672807 -0.2631875448554778 -0.5093836902213199 -0.1584326992331327 0.17796384256213424 -0.04589315930179574 0.8645407409648235 0.0739551726905604 1.5510137120476275 0.19901679973898956 2.2381158959846283 0.3264801758494122 
6	0.7	48.001	3	7	10	10	10	10	(99, 82, 79)	4.902161575564241	6.834298924424344	-4.5568981129264445 1.413489456902909 -3.858904023373439 1.3628557003494426 -3.160004378771885 1.309830164577457 -2.4613203992702837 1.2566324042816308 -1.7628181765274356 1.2040339510569487 -1.0645210300355041 1.1519212150133915 
6	0.7	48.001	3	7	10	10	10	10	(225, 90, 23)	4.846675633392444	8.210883852019863	-3.6903245565778615 -0.0011848880141402418 -4.373703224093548 -0.013155423483330226 -5.059510768573573 -0.02442463941244239 -5.748317836021361 -0.034809417952561386 -6.440574942411653 -0.04451933875237238 -7.13659252040514 -0.05394951076301223 
6	0.7	48.001	3	7	10	10	10	10	(91, 28, 225)	4.901615718143952	10.378192573440957	-2.2961819280394344 -1.8564234876462646 -2.991731250427343 -1.7699067585978412 -3.686807857128711 -1.6846342421234517 -4.382081286237943 -1.6016369336841072 -5.077514335369591 -1.5205967089623362 -5.772986191577885 -1.440492733885012 
8	0.7	48.001	3	7	10	10	10	10	(135, 103, 133)	6.216606375903737	7.048923820026322	-2.4634330067337715 -0.48239006171608045 -1.7924030970602725 -0.3630436134038913 -1.1197416715765105 -0.24592248060519653 -0.44455857029027024 -0.13162475091508527 0.23359825086865166 -0.019908714094587585 0.9149787303373808 0.09004192278617598 1.5996766407246288 0.19919760925848135 2.2877055115327734 0.308388566105098 
6	0.7	51.002	3	7	10	10	10	10	(99, 82, 79)	4.903815899887508	6.834298924424344	-4.553911427537519 1.5440662045380247 -3.8581901253234574 1.470232164795011 -3.1614960880334713 1.3863529030368906 -2.465414160306205 1.301150805171117 -1.7695866625680388 1.217679295793023 -1.0740310102766009 1.1357074260070892 
6	0.7	51.002	3	7	10	10	10	10	(225, 90, 23)	4.796385328637891	8.210883852019863	-3.87980332783158 0.1744474070809359 -4.542348322311221 0.10200438587686876 -5.211446980325247 0.03720164276664701 -5.888099264905433 -0.017152396682396348 -6.572433941044614 -0.06298487000637025 -7.26412290031635 -0.10497945411101876 
7	0.7	51.002	3	7	10	10	10	10	(91, 28, 225)	5.607250146276327	10.378192573440957	-1.612021471862114 -2.0468334808622064 -2.309633016750508 -1.9836038754399512 -3.0064735630974404 -1.910685061093806 -3.7038510491034264 -1.8099856408581905 -4.394287285230974 -1.689849820977777 -5.082784845023085 -1.5607334801347181 -5.770496004952061 -1.4290057397199325 
9	0.7	51.002	3	7	10	10	10	10	(135, 103, 133)	6.862682258246291	7.048923820026322	-3.0148661128248637 -0.6366344485265162 -2.3660004357376607 -0.5100971830807213 -1.7099280172253388 -0.3847219588734682 -1.0458231614407691 -0.2612008858105302 -0.3741879234392625 -0.1391867394620968 0.30357694403597013 -0.0183366259938236 0.9859160314705997 0.10192943370919222 1.6714525140490282 0.22210787472979893 2.359220648258614 0.3424890090021564 
7	0.7	54.003	3	7	10	10	10	10	(99, 82, 79)	5.601045210574517	6.834298924424344	-5.199519737129382 1.9702455465499673 -4.50440877782594 1.8855295556298668 -3.809479671391439 1.79733087969756 -3.1158603776526124 1.6982471313057614 -2.426839922011128 1.5765919403963677 -1.739544559769063 1.4441121867756073 -1.052862474186283 1.3082075600518606 
7	0.7	54.003	3	7	10	10	10	10	(225, 90, 23)	5.560659404233483	8.210883852019863	-3.3747235936175586 0.4410502892098059 -4.056780399111123 0.32672243368914106 -4.736203096227808 0.20916752561821375 -5.418607414609001 0.09608629421274233 -6.104187322050101 -0.010907462179137737 -6.792536739950091 -0.11366332708589348 -7.48316696009869 -0.21485350782090407 
8	0.7	54.003	3	7	10	10	10	10	(91, 28, 225)	6.313593939074712	10.378192573440957	-0.9599041371324112 -2.4646885761903774 -1.6537148736866667 -2.3739885423058484 -2.347880285787069 -2.2831551908699392 -3.0429453570714986 -2.1872375540486244 -3.7372980236926834 -2.0725814604877493 -4.428114407256531 -1.9132535712935492 -5.102861007945397 -1.7277696978646329 -5.775202542499578 -1.534166344487281 
5	0.7	54.003	4	7	10	10	10	10	(156, 91, 100)	3.9587898597017213	9.577916131182217	-1.101936003311461 -0.34127110651014 -1.7041620516689422 -0.4948071558214385 -2.3200045385055077 -0.6444815604762625 -2.9504879914616464 -0.780514624406409 -3.5987314283984957 -0.8965025102922701 
5	0.7	54.003	4	7	10	10	10	10	(7, 203, 105)	4.031350713790159	8.794467862843678	-0.09518085117382122 -0.05565735256324171 0.5259550544454862 0.04349187933593278 1.1662299648118846 0.14906221124728508 1.8250623851671786 0.2610330991201868 2.5002546793662286 0.37742978513799724 
8	0.7	57.000	3	7	10	10	10	10	(99, 82, 79)	6.305059428520256	6.834298924424344	-5.854951775042515 2.2186696831522896 -5.158752812229223 2.14255172457718 -4.462350088091011 2.065102247577816 -3.766031112497087 1.9839023175857713 -3.070265883810179 1.8955257451927332 -2.3753174351360293 1.795424104701372 -1.6853463749351072 1.6795526140834527 -0.9961776611706076 1.5576404695522372 
8	0.7	57.000	3	7	10	10	10	10	(225, 90, 23)	6.2638575714173435	8.210883852019863	-2.7860433535298914 0.5307774663900858 -3.477536700858715 0.47608198816992126 -4.167587633528883 0.40524902630736814 -4.853267750159253 0.30958606114835435 -5.537218888694231 0.193601058058053 -6.220094468803265 0.06301484364704611 -6.902869451150279 -0.07622947950938282 -7.586536480637553 -0.2189839273285396 
9	0.7	57.000	3	7	10	10	10	10	(91, 28, 225)	7.000510481443449	10.378192573440957	-0.2895333488191864 -2.659692096606672 -0.9846054076900574 -2.577748093482303 -1.6794839780726192 -2.495204916269351 -2.3739519142640657 -2.410449546282328 -3.067575370550842 -2.3205247788851713 -3.7595769434068678 -2.2208781354356173 -4.4513704385820985 -2.104765752437709 -5.1409243998515395 -1.979746689861841 -5.829513191968152 -1.8516246317386589 
5	0.7	57.000	4	7	10	10	10	10	(156, 91, 100)	4.189208168130834	9.577916131182217	-0.9906932029956229 -0.716532144368532 -1.687621248555066 -0.7608349423975678 -2.3835505049775203 -0.8044148438804053 -3.0789779939835413 -0.8457872886602805 -3.774846935855991 -0.8841193196237797 
5	0.7	57.000	4	7	10	10	10	10	(7, 203, 105)	4.198745386718979	8.794467862843678	0.03154805317843546 0.23563863646073124 0.7307771821047563 0.25606331346189193 1.430093885342378 0.2766889967150159 2.1295179938357496 0.2975196305444187 2.82906774008359 0.3184561835450643 
9	0.7	60.001	3	7	10	10	10	10	(225, 90, 23)	6.980346782525379	8.210883852019863	-2.1149349156656223 0.5596812045445609 -2.809496823819773 0.5220558435682645 -3.5031637926187873 0.4713292058137234 -4.197248366297404 0.39871683448950046 -4.887672292134345 0.3046759578132777 -5.577284777226225 0.19848081136317428 -6.266761895661408 0.08717792043791127 -6.956589860433694 -0.025396512488609097 -7.646946900539926 -0.13798785393392343 
10	0.7	60.001	3	7	10	10	10	10	(91, 28, 225)	7.69881108778897	10.378192573440957	0.40833353108449116 -2.7730995919773753 -0.28707718952062733 -2.6937364442859977 -0.9823667865253838 -2.613974027365661 -1.677435438093363 -2.532933873379985 -2.3721312231392364 -2.449299230071839 -3.066266375384638 -2.361512542478561 -3.7596415097267704 -2.268089146176151 -4.452508369414581 -2.167798055152633 -5.144758483091207 -2.0632919563863306 -5.8367158475038226 -1.9570840082251593 
6	0.7	60.001	4	7	10	10	10	10	(156, 91, 100)	4.881085197303316	9.577916131182217	-0.26245080255235825 -0.9336344519867076 -0.9592971764610172 -0.8990569597552254 -1.6539517608703909 -0.8708896371939185 -2.349103315685966 -0.8591057855691078 -3.045004577674251 -0.8651227817586156 -3.741765392621615 -0.8824954440974764 
6	0.7	60.001	4	7	10	10	10	10	(7, 203, 105)	4.880995813957371	8.794467862843678	-0.6374292086928954 0.41696359167820995 0.057176493038302384 0.38324933125859373 0.7506022315705375 0.34826985040460545 1.44555190790694 0.3180892815040363 2.142223301777603 0.2940927999923314 2.840498913132423 0.273619040874961 
4	0.7	60.001	4	7	10	10	10	10	(154, 29, 32)	3.3813895858150627	8.177011512653603	-4.6672127531579575 2.166160344366425 -5.3092029691155025 2.1970206836638093 -5.967960271001127 2.2293678053119637 -6.646226336143648 2.2631548398465013 
5	0.7	60.001	4	7	10	10	10	10	(84, 170, 134)	4.04175981904117	7.460380489530104	-3.5513217557566508 2.0736673815778293 -2.9172938641181223 1.9930764786288142 -2.2702580894273594 1.9116819459578427 -1.606590603477197 1.8263967630009466 -0.9309095150036837 1.7385292072776974 
9	0.7	63.003	3	7	10	10	10	10	(225, 90, 23)	6.998000564648516	8.210883852019863	-2.1114914789941612 0.5968223997942708 -2.8082130914332106 0.5310028655155794 -3.5047435028839202 0.46215215275864374 -4.200953207232057 0.3869272944589202 -4.895216365006801 0.30298492087652046 -5.58877454361352 0.21230095619969397 -6.2818547217838825 0.11699825038901136 -6.974706587121608 0.01907453155071669 -7.667550930293758 -0.07983928250192951 
11	0.7	63.003	3	7	10	10	10	10	(91, 28, 225)	8.39896872734575	10.378192573440957	1.105275096956089 -2.8629374939324923 0.40975708903524094 -2.7842566140468556 -0.2857061459615505 -2.7055094637408805 -0.9810874098372858 -2.626474248449178 -1.6763337438196124 -2.546707612413123 -2.3713585387342753 -2.465488544449485 -3.0660322274396057 -2.3817777806222185 -3.7601685153213347 -2.2941834860233508 -4.4540825059911295 -2.200836490461831 -5.147534609131153 -2.104440583737051 -5.840777047168854 -2.006961219890636 
6	0.7	63.003	4	7	10	10	10	10	(156, 91, 100)	4.8960881721460705	9.577916131182217	-0.24240850432762062 -0.9656944518173682 -0.9420383895181172 -0.9550275768301697 -1.641419524708269 -0.9445140401671539 -2.340556937528567 -0.9342497646142108 -3.0394556891840514 -0.9242513907344982 -3.738120593089552 -0.9144393484526793 
6	0.7	63.003	4	7	10	10	10	10	(7, 203, 105)	4.899947762095456	8.794467862843678	-0.6389903947411915 0.43328726454139366 0.06023976937301359 0.4003789933349096 0.7594409431724407 0.36740501024696337 1.458646320719979 0.33441968053976917 2.157857453534957 0.30144317577494495 2.85707468175228 0.26847434446697616 
4	0.7	63.003	4	7	10	10	10	10	(154, 29, 32)	3.4995295131728215	8.177011512653603	-4.867602009885553 2.2071669870788675 -5.567101045795288 2.2266975336232138 -6.26666848518176 2.246233049343473 -6.966313408907176 2.265772791062752 
5	0.7	63.003	4	7	10	10	10	10	(84, 170, 134)	4.199316991016762	7.460380489530104	-3.47159533466927 2.119389751792426 -2.775022176810394 2.053209343341434 -2.07848501040636 1.9865343661195085 -1.381887038181346 1.9183673111456125 -0.6853025876847906 1.8497015261288563 
12	0.7	66.004	3	7	10	10	10	10	(91, 28, 225)	9.09942763908865	10.378192573440957	1.8015409601844319 -2.946571591062172 1.1059720087251872 -2.868099222912511 0.4104329454396617 -2.789525993783581 -0.2850545963828211 -2.7106587565804054 -0.9804605032185618 -2.6312298565917747 -1.6757481190913437 -2.5509176417716013 -2.3708763316689487 -2.4693698648933102 -3.0658009003107196 -2.386222948345896 -3.76047178540629 -2.30109709372934 -4.454999776559801 -2.213517424378445 -5.149348471793818 -2.1245998386501883 -5.8436247168651585 -2.035190887317089 
7	0.7	66.004	4	7	10	10	10	10	(156, 91, 100)	5.600900683617343	9.577916131182217	0.45348508869389303 -1.2731138795766384 -0.24564370842873823 -1.2341898066206558 -0.9446128154978086 -1.1898200511007084 -1.6418585156920735 -1.128382499867082 -2.338450799383488 -1.0583676499178198 -3.0346495719379183 -0.9842186263539349 -3.7306646509327788 -0.9084445007978225 
7	0.7	66.004	4	7	10	10	10	10	(7, 203, 105)	5.491605519388868	8.794467862843678	-0.8115786890447979 0.09415230561189919 -0.14383640536763054 0.1697833681592711 0.5265047680311102 0.23019032316157578 1.2039791788884693 0.2772025691072376 1.8868039799929384 0.31693578161859765 2.5748788170494286 0.35320998756643024 3.268419152797453 0.3882021305810312 
4	0.7	66.004	4	7	10	10	10	10	(154, 29, 32)	3.4092131835072297	8.177011512653603	-5.142759586558372 2.246073791027473 -5.798919538765841 2.249428995569322 -6.467956581292237 2.254172771606308 -7.151923066581332 2.2599392229447606 
6	0.7	66.004	4	7	10	10	10	10	(84, 170, 134)	4.7509715702935615	7.460380489530104	-3.964262802442875 2.1367608433628287 -3.3154858753407033 2.1854716374592997 -2.659178195856736 2.231029871060596 -1.9935300788981936 2.2722147590669217 -1.3159024868396705 2.3037769384058406 -0.6189054375198186 2.3205293281090382 
5	0.7	66.004	4	7	10	10	10	10	(8, 135, 69)	4.047032683472771	9.862478942809775	-3.6549895425022347 0.49053692667455656 -3.0478313679492435 0.6381413855090876 -2.4046413532712063 0.7978217480572136 -1.753563045350156 0.9661954584330545 -1.0893448882654113 1.1415601749072435 
6	0.7	66.004	4	7	10	10	10	10	(3, 56, 102)	4.779807891181719	7.0715466435364895	-4.441592986989841 0.3390834854890344 -5.069636057968212 0.2540458905973916 -5.737522232075123 0.1663239320825331 -6.418264796160603 0.08336471364281133 -7.104966588740396 0.005620138719050106 -7.796388032841775 -0.06999591798536173 
13	0.7	69.001	3	7	10	10	10	10	(91, 28, 225)	9.8025480402526	10.378192573440957	2.500650797016088 -3.02549742672085 1.8031985410177196 -2.967091797538197 1.1059346676172876 -2.9076969334990372 0.40893340582360255 -2.8453026845846603 -0.2875975591867418 -2.777856483456253 -0.9834705240158803 -2.703106747412596 -1.678634241514043 -2.619219884702685 -2.373193961587159 -2.5265445220278226 -3.06718925058561 -2.4283413974685057 -3.7607819330930043 -2.3284335133532874 -4.454155679663272 -2.229133399267198 -5.147460418152627 -2.1306834288149217 -5.840684779805234 -2.0326504654132216 
8	0.7	69.001	4	7	10	10	10	10	(156, 91, 100)	6.30138226195948	9.577916131182217	1.1164865382433624 -1.5134599459018634 0.41906595156083115 -1.456140898878454 -0.27818475082820426 -1.398642793878421 -0.9749415227019209 -1.3367378757284263 -1.6743996846302724 -1.2571859196737334 -2.3660704069052105 -1.1518310163917918 -3.056173217095472 -1.0383523294223662 -3.7462150107172834 -0.9236826997672046 
8	0.7	69.001	4	7	10	10	10	10	(7, 203, 105)	6.234451304490676	8.794467862843678	-1.4006100790926026 -0.05707593851320661 -0.7249380770925442 0.021197267279239724 -0.045078870922023784 0.0964099084330596 0.639483423638149 0.16979864921504154 1.3276500211037898 0.24251180345848747 2.018466010515946 0.3153829818453393 2.7112949273926215 0.3887424681880531 3.4058101163299064 0.46249955838967366 
5	0.7	69.001	4	7	10	10	10	10	(154, 29, 32)	4.198381340975472	8.177011512653603	-4.775267253836402 2.7419105376137063 -5.454306828895474 2.574893902091533 -6.133741007934166 2.4084276500316943 -6.813490880626398 2.2424848200337424 -7.493451569686148 2.0767737655490857 
6	0.7	69.001	4	7	10	10	10	10	(84, 170, 134)	4.898803498777342	7.460380489530104	-3.794759345281434 1.7548004300982056 -3.1485935697218213 2.0231408442799808 -2.5005682370489213 2.2873117545570505 -1.8494619833622619 2.5435917754841926 -1.1951796227465523 2.791729308867876 -0.5388529358868329 3.034678170114766 
5	0.7	69.001	4	7	10	10	10	10	(8, 135, 69)	4.198105114575814	9.862478942809775	-3.3184699873291956 0.4434202334988773 -2.682374803608485 0.7268143873916967 -2.0423210753721235 1.0044434682406598 -1.3864557710792798 1.2632274197196665 -0.7312955947645592 1.506852591084002 
6	0.7	69.001	4	7	10	10	10	10	(3, 56, 102)	4.887303218885858	7.0715466435364895	-4.684986109932781 0.247358037594376 -5.377516013170543 0.17923808800574606 -6.070793676347695 0.11095342416203682 -6.764851144198307 0.04248855302057542 -7.459726442411417 -0.02613082060022665 -8.155456683364333 -0.09486620344116987 
8	0.7	72.002	4	7	10	10	10	10	(156, 91, 100)	6.280064434625647	9.577916131182217	1.1053823952296864 -1.5606550990781944 0.4083204732673806 -1.5033654354736075 -0.28828814412157616 -1.4458827082669976 -0.9848125302385445 -1.38679743623621 -1.6800824552219538 -1.321093111839983 -2.371232436256124 -1.2431685769126652 -3.0609372093318936 -1.1589943829965408 -3.7495721130715514 -1.0734231182843494 
8	0.7	72.002	4	7	10	10	10	10	(7, 203, 105)	6.264843514788804	8.794467862843678	-1.3240978923897715 -0.022240224996047626 -0.6351094093275214 0.04709715463730483 0.05424585898518846 0.11672413956774952 0.7442996729245294 0.18663569544545575 1.435320565550145 0.2567510693979053 2.1275166585778926 0.3270121831067427 2.8210396625136416 0.39740183414638314 3.51598838347528 0.4679281817029317 
5	0.7	72.002	4	7	10	10	10	10	(154, 29, 32)	4.200141110864058	8.177011512653603	-4.841535562746612 2.9236235547054585 -5.503203224417973 2.695000230110528 -6.165002437473309 2.466786000484672 -6.826935941087889 2.238999419284611 -7.488930764717539 2.0114360817892485 
7	0.7	72.002	4	7	10	10	10	10	(84, 170, 134)	5.599934001900214	7.460380489530104	-4.462764495796864 1.5799886425860499 -3.8216120839820724 1.8609495321369085 -3.1800833075185104 2.1407684972963468 -2.537695171485699 2.4183912515068395 -1.8938434597845808 2.6930394784186373 -1.2487535262089333 2.965110594233727 -0.6031464772709157 3.2359401564278483 
6	0.7	72.002	4	7	10	10	10	10	(8, 135, 69)	4.657151873594453	9.862478942809775	-3.5021980434978377 0.49051286491114365 -2.9460766147612283 0.739302847125007 -2.367681116520834 0.9954447860500582 -1.7666777549457156 1.2559299651854325 -1.1460270898695286 1.515665569228124 -0.510702895200134 1.7784079101909929 
7	0.7	72.002	4	7	10	10	10	10	(3, 56, 102)	5.337908187461684	7.0715466435364895	-4.387335654184472 0.1184169148702396 -4.997465960977291 0.11545473666535316 -5.629052471216435 0.1002438042425837 -6.280934728068341 0.06963258909618869 -6.9490563175137545 0.026692410709023992 -7.629351931733104 -0.023303375262020098 -8.319108501879612 -0.07604610700115859 
7	0.7	72.002	4	7	10	10	10	10	(165, 157, 221)	5.526650983378424	8.815991836259034	-0.6853742314438586 -2.7752860008969207 -0.007269944154190581 -2.8373051966068927 0.6728708076766822 -2.9001863212161543 1.355470927454432 -2.964532246995935 2.04105116799153 -3.0303901295929476 2.7300522506930243 -3.0974420331292674 3.4228000179004603 -3.1652315065297842 
7	0.7	72.002	4	7	10	10	10	10	(137, 112, 112)	5.524995513695917	9.156100970560225	-2.0008470281683106 -2.7414275668260477 -2.672725931628484 -2.6328110503733386 -3.3466414934122906 -2.5235714427247746 -4.022685121330304 -2.4108933103912285 -4.700585601441198 -2.29137805261009 -5.381562941790076 -2.168261805865305 -6.066234202620445 -2.043531392064601 
9	0.7	75.003	4	7	10	10	10	10	(156, 91, 100)	6.9883979020415445	9.577916131182217	1.8426578658929098 -1.6053321112117207 1.147528163391171 -1.5293830144868776 0.4527898000141805 -1.4572272121337946 -0.24202230463210783 -1.3958228136020079 -0.9382479170515161 -1.3547033033748008 -1.6386133442951494 -1.3352480764747785 -2.340240383865303 -1.311470764801223 -3.0357758271151796 -1.2733136143900197 -3.7307640471844317 -1.2282082044917022 
9	0.7	75.003	4	7	10	10	10	10	(7, 203, 105)	6.9444988424738145	8.794467862843678	-1.9277122161251978 -0.04750156382238888 -1.2419105568976245 0.006336050750864259 -0.5549208143185071 0.06295138779729963 0.13308754529342973 0.12423267513329275 0.8221448138637151 0.19032997591809028 1.5123528041870378 0.2603159053676032 2.2038509199355847 0.33286441981735243 2.896773459987262 0.406770263027397 3.591217107480391 0.4812192445826811 
6	0.7	75.003	4	7	10	10	10	10	(154, 29, 32)	4.901471570144181	8.177011512653603	-4.250190585529125 3.3534032911949962 -4.891385607482706 3.071866690545895 -5.5329312836139115 2.790755283876311 -6.17491590206124 2.5107928102645185 -6.817268615672941 2.231973370334679 -7.459742524655674 1.9537485609349616 
8	0.7	75.003	4	7	10	10	10	10	(84, 170, 134)	6.30148642760742	7.460380489530104	-5.154037773826291 1.4447384397404017 -4.515121758615268 1.7311183228455216 -3.8751452999552978 2.0160166639610138 -3.2322328490913024 2.294112951450029 -2.585708801354733 2.562997804701585 -1.9360468863179778 2.8238523665592283 -1.2845368400705435 3.079910553906657 -0.6324407157580176 3.3344394687172936 
6	0.7	75.003	4	7	10	10	10	10	(8, 135, 69)	4.887357664468914	9.862478942809775	-3.3981814551174443 0.7355053227702079 -2.757697207851438 1.0047607600895037 -2.1092507634572892 1.267686592792637 -1.459400667741022 1.5182507735479462 -0.8068929875637655 1.7649891890027802 -0.15281378565693085 2.0108816010037147 
7	0.7	75.003	4	7	10	10	10	10	(3, 56, 102)	5.573659337237064	7.0715466435364895	-4.508418557753652 -0.07611620997122927 -5.201758938409871 -0.0560004730915451 -5.895491122224402 -0.03686077510010791 -6.589993167657594 -0.01906262789252446 -7.285566825210811 -0.0025055132631987033 -7.982436717927629 0.013211020472658463 -8.68075063322287 0.028588049782985365 
8	0.7	75.003	4	7	10	10	10	10	(165, 157, 221)	6.157123245355699	8.815991836259034	-1.136746611712598 -2.6162231497201627 -0.47173950252626057 -2.735045880081568 0.19283704063373477 -2.8419954717203715 0.8596832892170626 -2.9349941404191218 1.530926394537818 -3.013528029871882 2.208003996865692 -3.0795931293503567 2.891726988735991 -3.1373977352840705 3.582452989696968 -3.191990983823947 
8	0.7	75.003	4	7	10	10	10	10	(137, 112, 112)	6.224948032193259	9.156100970560225	-1.7200672025858204 -3.6883073320697233 -2.322654897063847 -3.342188408962497 -2.932994216042084 -3.0253880132593984 -3.5599183503552663 -2.7508966997924764 -4.204338097088291 -2.5197515857198773 -4.862411866292192 -2.322363307854769 -5.530827984002348 -2.147346288730832 -6.206053961400639 -1.9811488272322408 
10	0.7	78.004	4	7	10	10	10	10	(156, 91, 100)	7.6397508288533285	9.577916131182217	2.5952836441819933 -1.5474524241531182 1.8981784599696674 -1.5024250895790905 1.2024156240707116 -1.459833847365875 0.5079098585189774 -1.4231096074946894 -0.18532517830511397 -1.3963133812140618 -0.8770563185688176 -1.3850539954910934 -1.5674712155502935 -1.3984172618155448 -2.261333718540209 -1.4468582025820376 -2.9459503081061884 -1.52438166630795 -3.6279374225877024 -1.6150575304023864 
10	0.7	78.004	4	7	10	10	10	10	(7, 203, 105)	7.676906089223333	8.794467862843678	-2.601119276923488 -0.13016813316248838 -1.9077229427639566 -0.05683820123755836 -1.2143220019595549 0.014623547803156283 -0.5211468124803772 0.08443589388324081 0.17214782195157585 0.15228956686133485 0.8658251600010877 0.21805672159078457 1.5600595398996544 0.2820174362537096 2.2549627812860478 0.3447286622326596 2.950609059244895 0.40679093343743306 3.6470465520641437 0.4686731493455641 
7	0.7	78.004	4	7	10	10	10	10	(154, 29, 32)	5.603521413402408	8.177011512653603	-3.7397417562601625 3.9481562117040756 -4.363752665409449 3.6309850362309546 -4.987061566775776 3.312473127557014 -5.608251632068634 2.9891463036659216 -6.226695613448156 2.6558184862820204 -6.839302625354803 2.3161763828038016 -7.450423102276863 1.974305363171192 
8	0.7	78.004	4	7	10	10	10	10	(84, 170, 134)	6.30840344943736	7.460380489530104	-5.272971053082304 1.6715063263338017 -4.637323752523088 1.9640944438360337 -3.989346845344187 2.240027934021139 -3.3349186894791245 2.4913397856429396 -2.674443217625004 2.7266571098784267 -2.010616579152866 2.952006072773739 -1.3453274343498327 3.1721467099025946 -0.6798034985878224 3.390415282654848 
7	0.7	78.004	4	7	10	10	10	10	(8, 135, 69)	5.5460936363428655	9.862478942809775	-3.85308612074435 0.901674923866979 -3.1957841922475607 1.0953810295472186 -2.5349075751523373 1.2857439708601968 -1.8716424771449507 1.4746411618844721 -1.2060032498743973 1.6633950202159882 -0.5378806912673761 1.8526768931147402 0.13287149674341733 2.042722141412945 
8	0.7	78.004	4	7	10	10	10	10	(3, 56, 102)	6.259166883231465	7.0715466435364895	-3.980296364096374 -0.3682048326100328 -4.665549750551803 -0.27828761515222616 -5.352100408240298 -0.19362184839164445 -6.040489396482608 -0.11743623248631867 -6.730968944733648 -0.05059151641361931 -7.423553662117423 0.008200142439866876 -8.118123547055585 0.061688401364560656 -8.814519914437472 0.11302931713268173 
9	0.7	78.004	4	7	10	10	10	10	(165, 157, 221)	6.952140035010084	8.815991836259034	-1.8420778516549945 -2.6656866316345296 -1.1645659514978872 -2.736834118674245 -0.4796057268199725 -2.804076774495173 0.2103808542068912 -2.869108289632081 0.9031186199313569 -2.934655554722764 1.5970883025114846 -3.0029061779204644 2.2915938650193195 -3.074541577581731 2.9864759433050994 -3.1488102828476974 3.6818166520632434 -3.2242927241831736 
9	0.7	78.004	4	7	10	10	10	10	(137, 112, 112)	7.005455593160354	9.156100970560225	-1.1769109271235239 -4.2949550522354665 -1.8153464416886733 -4.009652894954325 -2.454467812200383 -3.7116904693717037 -3.0799588082713956 -3.3947730748642027 -3.7040526254451756 -3.0762715661344613 -4.329940257050301 -2.7617354838222314 -4.954495442818628 -2.4470576233628925 -5.5798510438741635 -2.133546239775806 -6.205804609851389 -1.8207133270824571 
11	0.7	81.001	4	7	10	10	10	10	(156, 91, 100)	8.335923406769794	9.577916131182217	3.3422756640979654 -1.5335299037969559 2.6456593954093273 -1.4778049429864009 1.9499564601305035 -1.4254312939161655 1.2548517306634315 -1.3821867026550048 0.5602177486882157 -1.3555645564329057 -0.13356142601665855 -1.3538365961124583 -0.8253273022100893 -1.3849568716738678 -1.5131076061216275 -1.4553866518681327 -2.1947290556801744 -1.5690940288487236 -2.865943232146031 -1.7254746130161325 -3.5321464204299846 -1.9049800018407055 
11	0.7	81.001	4	7	10	10	10	10	(7, 203, 105)	8.077739938555686	8.794467862843678	-2.8665507722289996 -0.0541232962073789 -2.2193754285196023 -0.013627296660580029 -1.5699969725856806 0.027410893703347667 -0.9173928210545603 0.07032040565354412 -0.26083693085367715 0.11655037481857017 0.40025745784931344 0.16715779022199143 1.0663929022022678 0.2225356492674426 1.738010315512603 0.28237573021481904 2.415496451296923 0.34581811188518646 3.09917706124216 0.4117203471431035 3.7892975677615053 0.47898259038888247 
7	0.7	81.001	4	7	10	10	10	10	(154, 29, 32)	5.599695509124482	8.177011512653603	-3.7598331336797 4.0108446303451455 -4.389661066014405 3.7060838910408087 -5.018851761736043 3.400959721566476 -5.646708244488342 3.0930068684140513 -6.272745173857348 2.7796299158632904 -6.89708304783625 2.4606507095365746 -7.5195548898695055 2.139949472483231 
9	0.7	81.001	4	7	10	10	10	10	(84, 170, 134)	7.012077702317875	7.460380489530104	-5.945776667251776 1.4473492252657243 -5.318805936973386 1.7585680889421658 -4.678522217972501 2.05613028197548 -4.029690069894376 2.3262480589620784 -3.3741466152120316 2.574601325976723 -2.7136267378416754 2.8086450446015245 -2.0499539884900493 3.0333767138186496 -1.3845905779091745 3.2525008394854207 -0.7187194761844778 3.4692943302410564 
8	0.7	81.001	4	7	10	10	10	10	(8, 135, 69)	6.2647566847647465	9.862478942809775	-4.488180121526892 0.7501286098922022 -3.841191315914878 0.9721629416050602 -3.1858242041495886 1.1933885222735439 -2.5206070980267667 1.394639171533788 -1.8488850424939696 1.581690077616597 -1.173576098887987 1.7594676146255 -0.49631109743785073 1.9322353901761822 0.18194509086825908 2.1032623850517043 
9	0.7	81.001	4	7	10	10	10	10	(3, 56, 102)	6.748766362674935	7.0715466435364895	-3.8643478048575464 -0.6942516801161517 -4.4966375726177805 -0.5523167216357405 -5.137282100572614 -0.40474808263188 -5.77804708600417 -0.26055943857998903 -6.42795175524678 -0.13024146996890232 -7.087978077949365 -0.01626254600559887 -7.7574518001538095 0.08504139216610605 -8.435474295044544 0.17952745030890957 -9.121463184872598 0.2722505739547701 
9	0.7	81.001	4	7	10	10	10	10	(165, 157, 221)	6.943280558081241	8.815991836259034	-1.7675936119560118 -2.8280925926701492 -1.0797065042465817 -2.8519291141706375 -0.3909839424653141 -2.880815080152838 0.29857157424395575 -2.917375466531146 0.9889975231344749 -2.9622557915932766 1.6803934753856244 -3.0146093112577255 2.372929552802903 -3.0726335605444977 3.066820951463617 -3.134131074830883 3.762274528944392 -3.1970753457463084 
9	0.7	81.001	4	7	10	10	10	10	(137, 112, 112)	7.000006204347956	9.156100970560225	-1.3192140795070646 -4.5278714537331775 -1.949566436701868 -4.222253802351898 -2.5785331932339672 -3.912716872569899 -3.2008067100074595 -3.5934382218706316 -3.818393408669252 -3.264332326558026 -4.430953495023688 -2.9237091140032745 -5.035168869045662 -2.571961347857078 -5.636096505199836 -2.2139786267187955 -6.236022954876476 -1.8537948192200187 
8	0.7	84.002	4	7	10	10	10	10	(154, 29, 32)	6.310333402885947	8.177011512653603	-3.1780259837868083 4.372736027233058 -3.831068109332456 4.118042268940178 -4.484484332645645 3.8617439055399188 -5.1370718866543115 3.6009707294988615 -5.7850209535205 3.3315019370085257 -6.429059332672068 3.0540071024035673 -7.070760889327759 2.771720542124531 -7.7113301167274875 2.4878163362002037 
8	0.7	84.002	4	7	10	10	10	10	(8, 135, 69)	6.2917002120360515	9.862478942809775	-4.534224151019042 0.9717336200339114 -3.867911750865605 1.1824903203016373 -3.1959782910674095 1.370599474858232 -2.519067001950508 1.5422654418109334 -1.8391193330082207 1.7027745615638719 -1.1571040859061434 1.8560742011513578 -0.47387420350424536 2.005502582997586 0.20997330993250246 2.1535815734259867 
10	0.7	84.002	4	7	10	10	10	10	(165, 157, 221)	7.529013264360444	8.815991836259034	-2.213170292490772 -3.0816901326413726 -1.5443947134112712 -3.03289370887002 -0.8735468226492173 -2.9943512307042526 -0.20015736104508305 -2.971740319861353 0.47606739120956976 -2.967405341877609 1.155306733589512 -2.981121203043106 1.8377311269868897 -3.0105629313290003 2.5235852776867325 -3.0518601309320164 3.2132011173039543 -3.100426696749567 3.9069254532088085 -3.1520282838245954 
10	0.7	84.002	4	7	10	10	10	10	(137, 112, 112)	7.71172509928501	9.156100970560225	-0.8155887213705939 -5.065147125265707 -1.4628322093601334 -4.796764582613974 -2.1069981750521447 -4.519982649199981 -2.7407075674125356 -4.22065944472691 -3.354557104588472 -3.879850626519326 -3.9506361513398986 -3.5094460853005605 -4.5337580709531 -3.1188902062990755 -5.108078150297873 -2.715916474658341 -5.6773448638173925 -2.306575659818071 -6.244470643778135 -1.8952178693695563 
6	0.7	84.002	5	7	10	10	10	10	(240, 130, 118)	4.757638184516335	7.573479870182711	-0.18000309378299525 -0.028108325901666127 -0.8545478096767372 -0.020186923289011605 -1.5267242909737686 -0.015349931135973941 -2.1973557544315137 -0.016072002126787156 -2.867301509184568 -0.022956425071546358 -3.537447658125655 -0.03417803008393944 
6	0.7	84.002	5	7	10	10	10	10	(12, 56, 179)	4.838828947971783	8.37920112168356	0.9721056543316323 0.5720695321017788 1.650627598405549 0.5142473408030424 2.3324751105876507 0.4625593564261811 3.0183222501025995 0.4184406604244753 3.7084946730813506 0.3800548838678726 4.403106549183028 0.34413247577781986 
5	0.7	84.002	5	7	10	10	10	10	(183, 16, 226)	4.191514554427547	7.210184244982999	-4.385594718998001 2.464258298180305 -5.024110553798198 2.1900088583010104 -5.6622212734854 1.9106047446017331 -6.302245676838901 1.6331935141139884 -6.947061182513691 1.354576973407324 
5	0.7	84.002	5	7	10	10	10	10	(162, 52, 61)	4.185956525550196	9.785927508454554	-3.0610971104560836 2.8283146355164925 -2.3937540264859463 3.0208884874060553 -1.7253778615748556 3.214180059496108 -1.0558371001180158 3.408235941721415 -0.3849832355379816 3.6028892473230454 
5	0.7	84.002	5	7	10	10	10	10	(70, 138, 241)	4.027231204217086	7.181388030860619	-6.132629004584394 0.29637904197274567 -5.6006400754831835 -0.10420896689325458 -5.074629607756049 -0.5006208722596026 -4.552537090412276 -0.8912763146315997 -4.027291310937351 -1.2751337986631508 
5	0.7	84.002	5	7	10	10	10	10	(142, 228, 178)	4.192486689588824	9.208140267471407	-7.105122823869383 -0.6524000736891843 -7.723083578183588 -0.32962638423557167 -8.34335508365989 -0.010141141583197134 -8.966074585443316 0.3060741535107422 -9.590405290056609 0.6208301148723825 
6	0.7	84.002	5	7	10	10	10	10	(115, 4, 197)	4.700807835624225	6.896998463433099	1.5136067748684483 -1.4082783081681944 2.1445288288339643 -1.4247724864024465 2.789751271058553 -1.4436714449607264 3.4501845258158177 -1.4653591819826821 4.124990542601607 -1.489213683260401 4.812688996697314 -1.5142566044046715 
7	0.7	84.002	5	7	10	10	10	10	(155, 167, 70)	5.336997693952892	11.446283484613202	0.43918149612544294 -1.3028215141739499 -0.1849170178922925 -1.3873269867674702 -0.8187782648240588 -1.4757518258436777 -1.460400101370611 -1.5878786719994613 -2.1026163017630255 -1.7434741473162603 -2.741833198520428 -1.9578316395453406 -3.3690336070651514 -2.222769982519994 
9	0.7	87.003	4	7	10	10	10	10	(154, 29, 32)	7.000278889269401	8.177011512653603	-2.5403192164990984 4.600169883735564 -3.2017810058840164 4.371199709624241 -3.863414212296201 4.142852206274161 -4.5254835329763905 3.91597173907418 -5.188183423147278 3.691237119644053 -5.851495494200953 3.4687281066453712 -6.5153506562409715 3.2473269391600077 -7.179562762640506 3.0255636983112484 -7.844122941521313 2.802332407525486 
9	0.7	87.003	4	7	10	10	10	10	(8, 135, 69)	6.980716227705837	9.862478942809775	-5.128353507117621 0.8403077201142012 -4.4567036767407995 1.0284026919110045 -3.7842574721193905 1.2133954375247047 -3.112123735508821 1.3917586992840572 -2.44035931703284 1.573546578923613 -1.7715540059504244 1.767334987289109 -1.1064319554710504 1.9776027990409673 -0.44522492276291425 2.205303556458734 0.2133202953665008 2.4463544362488308 
12	0.7	87.003	4	7	10	10	10	10	(137, 112, 112)	9.143622935892804	9.156100970560225	0.4082607842172749 -5.7008191911127994 -0.25358301207407585 -5.471250639312303 -0.9158396125423189 -5.241130978106276 -1.577823990010537 -5.008186346859641 -2.2374896649930403 -4.766428246102206 -2.889976967508697 -4.5041662514576055 -3.524904826181196 -4.202789813822622 -4.135330650579633 -3.829796256553556 -4.6932130954402895 -3.396009671739314 -5.225489667778717 -2.93316779537285 -5.746995484949158 -2.461750758512279 -6.2656130776359324 -1.9898245644366825 
7	0.7	87.003	5	7	10	10	10	10	(240, 130, 118)	5.537700147051014	7.573479870182711	0.4700324958589692 -0.08649407637985225 -0.21782723712545723 -0.05149836160605652 -0.9049563081525857 -0.029648771577007977 -1.5924481181150034 -0.027296912114647832 -2.2809483057437503 -0.045827891194557144 -2.9710814743853406 -0.08185164991418907 -3.6636973812933338 -0.12807066154896957 
7	0.7	87.003	5	7	10	10	10	10	(12, 56, 179)	5.544963861593224	8.37920112168356	0.5455865477542597 1.2091617654814322 1.2116341750332098 1.0262163657269325 1.872663205174349 0.8408126884333796 2.535996874160529 0.6583385948471409 3.2031739883298713 0.48157683747922125 3.8746337993728877 0.3097471649107125 4.550048405527026 0.1398985769309586 
5	0.7	87.003	5	7	10	10	10	10	(183, 16, 226)	4.197138196170492	7.210184244982999	-4.40562216404392 2.5109537828419994 -5.071280166694786 2.294998710583255 -5.737102928331195 2.079219889042054 -6.402041144766818 1.8638446256382597 -7.067294105638664 1.6510336092344682 
5	0.7	87.003	5	7	10	10	10	10	(162, 52, 61)	4.197320140887308	9.785927508454554	-3.0429225438966787 2.825608386721326 -2.375089192748879 3.034411129297455 -1.7083545223124168 3.245605332927168 -1.0431262785411306 3.460520897499375 -0.3787164259462881 3.6781315352688386 
5	0.7	87.003	5	7	10	10	10	10	(70, 138, 241)	4.090965094705092	7.181388030860619	-6.854675207356898 0.3193369253120564 -6.281602264541512 -0.052470036781743515 -5.71470068487505 -0.4218149453003539 -5.154649731994093 -0.7883430163408819 -4.601767847155928 -1.1522804763053023 
5	0.7	87.003	5	7	10	10	10	10	(142, 228, 178)	4.1986391496732764	9.208140267471407	-7.344381241239529 -1.0108641931426703 -7.892345888940201 -0.5748159687511739 -8.437606570130818 -0.1371679499954032 -8.982635562397627 0.3012097233395234 -9.527887351386202 0.7397488236203508 
6	0.7	87.003	5	7	10	10	10	10	(115, 4, 197)	4.845611183238525	6.896998463433099	1.7581921103763214 -1.6643875415152487 2.4379188514768253 -1.6131608310692398 3.121475534454062 -1.561975264133932 3.808805801800337 -1.5112645311334236 4.499834829713174 -1.461089048443161 5.194477846260716 -1.411094904476642 
7	0.7	87.003	5	7	10	10	10	10	(155, 167, 70)	5.439202150609731	11.446283484613202	0.47082873634360756 -1.3956899760972865 -0.2044454247403597 -1.441687543629443 -0.8777823239366325 -1.494429716610631 -1.5490354103393664 -1.5557504712183161 -2.2180227636613927 -1.6228571774594054 -2.884368237980495 -1.6927125954670348 -3.550657767234138 -1.7683934933224608 
6	0.7	87.003	5	7	10	10	10	10	(53, 141, 201)	4.538486921246774	7.479748285736134	-0.21056842299989922 -3.0253833305382467 -0.8272922021496508 -3.0403853532426512 -1.448087654563205 -3.0497837791332705 -2.0740306042157117 -3.045298442623677 -2.7055694988445707 -3.0206317660382784 -3.346679715763663 -2.9749640445583676 
6	0.7	87.003	5	7	10	10	10	10	(49, 78, 195)	4.6846761314302405	7.8957062892748775	0.8483921525754652 -2.9722968016746396 1.4745703975423987 -3.007813109989353 2.1159812943551373 -3.038900306093869 2.772505548792027 -3.066871500254715 3.443957638546612 -3.093392778146629 4.129682630374055 -3.1197711215848436 
10	0.7	90.000	4	7	10	10	10	10	(154, 29, 32)	7.707709263087121	8.177011512653603	-1.8939414264006067 4.8450583461875105 -2.5739357595367642 4.6776534843983315 -3.253724399425242 4.508299908101836 -3.932427603536433 4.333820011738722 -4.608854463730776 4.15026668320794 -5.281677988223028 3.9532328374474357 -5.9518899848232065 3.747093998249697 -6.621118717695203 3.5378678625193056 -7.290431951881749 3.329380123210861 -7.959827752718236 3.1222761242595904 
10	0.7	90.000	4	7	10	10	10	10	(8, 135, 69)	7.665026983737812	9.862478942809775	-5.736655026790979 0.8288343149073087 -5.047846843216074 0.929050695690446 -4.360597026079054 1.0345971435797379 -3.6743502894691935 1.1525616252994069 -2.9957827946935223 1.2934485260492286 -2.3255019412216247 1.4788001170623994 -1.672616389429304 1.7134571498178874 -1.03385554400364 1.9896545429376673 -0.4063401097603776 2.296152361302633 0.21544961482188058 2.619443061444957 
7	0.7	90.000	5	7	10	10	10	10	(240, 130, 118)	5.554585494850796	7.573479870182711	0.4021336535656346 0.0930282769988474 -0.2834085566730706 0.031529241057054624 -0.9708105047113111 -0.025415138940809056 -1.6603266543122517 -0.07539212867599261 -2.3520641743605757 -0.11896228833206378 -3.0459315812211054 -0.15884620427244298 -3.7418658979545314 -0.19893013376385313 
7	0.7	90.000	5	7	10	10	10	10	(12, 56, 179)	5.569459553406759	8.37920112168356	0.6508157249076985 1.375646048593692 1.3048788386979848 1.1494758981901971 1.9603147359733994 0.9258952110399477 2.6187349257357213 0.7066496311597877 3.280126150335284 0.4916611175653043 3.9440251582068577 0.2795160589964212 4.609821780554008 0.06833345397476265 
6	0.7	90.000	5	7	10	10	10	10	(183, 16, 226)	4.782121548013315	7.210184244982999	-4.2508645457658965 2.8366444554738566 -4.886574353512387 2.6229589855498063 -5.526432722808322 2.4148596535097626 -6.172035461626959 2.215302738073583 -6.8242114815219646 2.025368872941961 -7.483002982089728 1.8428798704363096 
6	0.7	90.000	5	7	10	10	10	10	(162, 52, 61)	4.81194033489361	9.785927508454554	-3.0027486777481958 2.6456312653420264 -2.3934702776949974 2.928606595451322 -1.7806670206347956 3.2154394812075626 -1.1640399347048485 3.506755239517177 -0.5429755829976786 3.802202565774399 0.08320132485489809 4.1009919467865625 
6	0.7	90.000	5	7	10	10	10	10	(70, 138, 241)	4.8206986684142485	7.181388030860619	-7.752577181631931 0.5688929160439983 -7.191144843243449 0.17234202538949636 -6.633500896566947 -0.22616092580427133 -6.080178455244761 -0.628244837206461 -5.5326603203563876 -1.0357725103813642 -4.98984219144502 -1.4476995800754382 
6	0.7	90.000	5	7	10	10	10	10	(142, 228, 178)	4.836854087531817	9.208140267471407	-7.338442496750705 -1.5013231592416942 -7.860181038515863 -1.0680595697882422 -8.38326811930611 -0.6299178767517702 -8.905470556443506 -0.1804164167954264 -9.424544449703605 0.2765221809058737 -9.945056004342108 0.7382225017046689 
7	0.7	90.000	5	7	10	10	10	10	(115, 4, 197)	5.497964218073379	6.896998463433099	1.6951682111472204 -2.0525009978428885 2.3501862105589764 -1.88909871449455 3.0091277756479875 -1.735067226304748 3.6739940098964836 -1.5943005997788584 4.345535136829175 -1.465971010560424 5.023672851114933 -1.345986883485978 5.707951818041698 -1.2290452970965686 
8	0.7	90.000	5	7	10	10	10	10	(155, 167, 70)	6.100822434816246	11.446283484613202	0.9796447526718081 -1.0978918690999455 0.31674264119300544 -1.2427631842174134 -0.3432130138678949 -1.3620103335485116 -1.0056462787377833 -1.450162902005187 -1.6711506665324263 -1.506526750072906 -2.3396253860105394 -1.534766315416228 -3.0110779499004154 -1.541976505212995 -3.6859694786446315 -1.536955032462703 
6	0.7	90.000	5	7	10	10	10	10	(53, 141, 201)	4.818258087284175	7.479748285736134	-0.2248826129628506 -3.5139508195931843 -0.8915664618612711 -3.363570154213542 -1.5590155815358842 -3.2178138383091275 -2.228149169335593 -3.079571034652185 -2.899388180937482 -2.9493801408343003 -3.572596147081965 -2.824829522990787 
6	0.7	90.000	5	7	10	10	10	10	(49, 78, 195)	4.854043605415205	7.8957062892748775	1.0971695671936004 -3.353334525182289 1.7822215927224192 -3.326700416081412 2.4687345322396146 -3.2877547999123924 3.15797997075321 -3.2457764762760033 3.8503240659152045 -3.2044497288701104 4.5459061548965645 -3.1639818564290962 
6	0.7	90.000	5	7	10	10	10	10	(213, 89, 27)	4.790609880740748	8.923573191851643	-1.991198198169716 -4.89331428123058 -1.3651355901923794 -5.124420689429307 -0.7337380518892883 -5.351980266809304 -0.09497730452298367 -5.575517248570751 0.5519245830205884 -5.7968717992955145 1.206990989811991 -6.018773961937723 
7	0.7	90.000	5	7	10	10	10	10	(218, 32, 236)	5.399339001041133	9.508879658161472	-3.2453514391108937 -4.8577495979785725 -3.7459329011431324 -4.417308416206823 -4.248900468414351 -3.9841658658667645 -4.755278862461561 -3.5523601693321036 -5.264674463880644 -3.1243196474602435 -5.778443404302447 -2.698243682444724 -6.295746126135637 -2.271659631768203 
11	0.7	93.001	4	7	10	10	10	10	(8, 135, 69)	8.311869383980975	9.862478942809775	-6.320140267229831 0.8708187853833141 -5.637346146556764 0.9156921658789281 -4.955160018259784 0.9684686399608393 -4.273924512056175 1.0387214102158906 -3.5932783063131484 1.1399215832587428 -2.918925813188479 1.3015859201642848 -2.270495196806859 1.5407055299431165 -1.6438678085462437 1.8392440969160113 -1.0315561926851322 2.170346149730665 -0.4233824337822609 2.511224107980023 0.19154223132496792 2.8423880365264558 
8	0.7	93.001	5	7	10	10	10	10	(240, 130, 118)	6.250579141562243	7.573479870182711	1.0309408880834274 0.0048525302639325085 0.34044927231592204 -0.0001963573438577576 -0.35051674772653196 -0.013814868529532306 -1.0419335073887872 -0.0374236793548028 -1.7337703818662646 -0.07171181512250294 -2.4259784229504353 -0.11652399217055168 -3.118576411234239 -0.17036537162039506 -3.8121692779898786 -0.2296093043574908 
8	0.7	93.001	5	7	10	10	10	10	(12, 56, 179)	6.222255085192886	8.37920112168356	0.17676834389816076 1.419664586011452 0.8504620131951633 1.3279364949639267 1.5260332984849472 1.206069710034947 2.19076333321279 1.041774311029565 2.8500610372669857 0.8445415625355802 3.5056382963216075 0.6249298904911413 4.159966919534983 0.39252971504099116 4.815418255189682 0.15485585741938998 
7	0.7	93.001	5	7	10	10	10	10	(183, 16, 226)	5.390339937761512	7.210184244982999	-4.016374649808088 3.39183616835701 -4.600366744636107 3.0636386789904906 -5.190139450763803 2.7622398098253735 -5.7950428898332245 2.4939528551365 -6.414906194238738 2.2581318978872766 -7.046375828935572 2.0460689566973222 -7.682740837016835 1.8460537844575857 
7	0.7	93.001	5	7	10	10	10	10	(162, 52, 61)	5.472222135623488	9.785927508454554	-3.362841855806019 2.4439198554251726 -2.783009631621407 2.7871798798834995 -2.201910244788432 3.1199045094113935 -1.611672952686088 3.4433925212961634 -1.0105593825589436 3.7579356257020247 -0.39847838182337203 4.065416927463129 0.22162840617597276 4.373248199802569 
7	0.7	93.001	5	7	10	10	10	10	(70, 138, 241)	5.5758647630018245	7.181388030860619	-8.522039901229714 0.9087063141325131 -7.971088905197946 0.48001518059929593 -7.41930816758721 0.05419671717504545 -6.85950114711473 -0.3626918492571569 -6.293459380410574 -0.7644466855690724 -5.723816202616684 -1.1595357505988666 -5.153314387807482 -1.5572425825448295 
7	0.7	93.001	5	7	10	10	10	10	(142, 228, 178)	5.439637578821383	9.208140267471407	-7.303713489165898 -2.127547522352151 -7.741141383478301 -1.6503237810070224 -8.197540740356668 -1.1778763766602205 -8.676224249213751 -0.7116574059157249 -9.171167130932938 -0.24574724107937534 -9.673633782478905 0.23106403067538692 -10.17339297427298 0.7136728547988314 
8	0.7	93.001	5	7	10	10	10	10	(115, 4, 197)	6.179066273324718	6.896998463433099	1.345754238608602 -2.7307917331149145 1.9501049582760877 -2.5015025832418365 2.5721020281276212 -2.2579673016251176 3.2042857705787795 -2.005834790246454 3.8460169819318035 -1.751288327317243 4.494291385939794 -1.4985004406068718 5.146402454224903 -1.2484471009889535 5.800246099125213 -0.9998700117043727 
9	0.7	93.001	5	7	10	10	10	10	(155, 167, 70)	6.927712979154066	11.446283484613202	1.7153303493835228 -1.193468379597985 1.026782952141536 -1.2950001960703525 0.33991183675128367 -1.3743644619593902 -0.34777070531283705 -1.4332562838666372 -1.036177631340191 -1.4780152724316136 -1.7249955536564912 -1.5139002542686102 -2.414163107901765 -1.5452250478787561 -3.103671556098697 -1.5752193276022994 -3.793429486665923 -1.6056139465657644 
7	0.7	93.001	5	7	10	10	10	10	(53, 141, 201)	5.431278660247065	7.479748285736134	0.3049562780371529 -3.1494211952140674 -0.33852018396983635 -3.125371624557093 -0.9966760318121985 -3.1039645847066866 -1.6678489795845972 -3.082598180267687 -2.3482590610515075 -3.0571716013524988 -3.0341827650277047 -3.0257382043646674 -3.7230622448287662 -2.9899685519748025 
7	0.7	93.001	5	7	10	10	10	10	(49, 78, 195)	5.589984913883919	7.8957062892748775	0.724423979551708 -4.42726482985986 1.3737215275704588 -4.1731395174611015 2.0253876044497954 -3.9216109680970623 2.6771957941287963 -3.6707793734947374 3.3288326341198973 -3.420073224853125 3.9808476430384983 -3.1698261641209453 4.633966071420243 -2.920166548387727 
6	0.7	93.001	5	7	10	10	10	10	(213, 89, 27)	4.8986987854231145	8.923573191851643	-1.9294716450698344 -4.786336084705984 -1.2846924917178553 -5.057991146724169 -0.639878915030854 -5.329060417435435 0.005498420885430162 -5.598354683492505 0.6532735306429054 -5.864116761402382 1.3014934778953349 -6.128534974576545 
7	0.7	93.001	5	7	10	10	10	10	(218, 32, 236)	5.423861620732767	9.508879658161472	-3.279971741719167 -5.152992288603134 -3.8050164738519467 -4.698898404428652 -4.322044115957073 -4.24610781052175 -4.825296348196211 -3.7903363424293386 -5.307231678871316 -3.330399055232256 -5.770557642961908 -2.8685554277331446 -6.219801514368229 -2.4084127408336693 
5	0.7	93.001	5	7	10	10	10	10	(130, 198, 171)	4.124015802109508	7.27041084479246	-3.6372577369252763 4.626571997005625 -2.9788294487701026 4.767014780374624 -2.3188470305790974 4.920015771075109 -1.6568227843524002 5.08894081308505 -0.9908565803659442 5.269673327814563 
6	0.7	93.001	5	7	10	10	10	10	(120, 154, 152)	4.835035672360998	7.942949334874324	-4.94790510711939 4.378130350320207 -5.572794034660645 4.1058146329812475 -6.203862396173799 3.844781530202743 -6.8440208979118555 3.598968556695762 -7.493308144902914 3.3657913644352346 -8.149829000234353 3.138214732548831 
13	0.7	96.002	4	7	10	10	10	10	(8, 135, 69)	9.49851799021311	9.862478942809775	-7.453300967676438 0.9528033930385542 -6.824789615111776 0.922168699741911 -6.174691040525439 0.9101054492817986 -5.509049543162127 0.9271117504009072 -4.838286969763508 0.9785735270327844 -4.169032027651334 1.069209907239578 -3.5050282510219803 1.2040697860942453 -2.8536805681269266 1.397945409332291 -2.2240818595155156 1.6567065189089631 -1.6108827862340744 1.9632634794198562 -1.004477054568149 2.292077616837394 -0.3893874715022966 2.6161022302450547 0.22885621664128167 2.937191544607838 
9	0.7	96.002	5	7	10	10	10	10	(240, 130, 118)	6.9392609793841284	7.573479870182711	1.6898820266020822 -0.015130489412701795 1.0010353643994814 -0.056799668405861974 0.3116590578029967 -0.09672812211878795 -0.37853872990920884 -0.13050012583245896 -1.0695043720564537 -0.15478572862116285 -1.7616077805903396 -0.1743989994457781 -2.454786865706228 -0.19318022411650607 -3.1490387556744928 -0.21388768763654764 -3.84445465625305 -0.2379562699176229 
9	0.7	96.002	5	7	10	10	10	10	(12, 56, 179)	6.915869630421117	8.37920112168356	-0.362200650041094 1.2333156637385112 0.31883560379399845 1.2856799661195384 1.0019647339661324 1.3079911828929633 1.685137502020828 1.274914247956828 2.3660734909307353 1.1705603414779373 3.036326763815848 1.0077403526851327 3.6993128641225743 0.8057576740571002 4.358121193346612 0.5821466267127549 5.01641852666606 0.35030151685201455 
7	0.7	96.002	5	7	10	10	10	10	(183, 16, 226)	5.5673860115824265	7.210184244982999	-4.0972449561477156 3.6999143519618087 -4.709731386847421 3.372528864402545 -5.327496921205122 3.0580673389011093 -5.954120515749077 2.7626349384762308 -6.590848678594888 2.491291105441205 -7.237221158603015 2.2452392377889825 -7.89996232358062 2.0102546900224114 
7	0.7	96.002	5	7	10	10	10	10	(162, 52, 61)	5.585491191809819	9.785927508454554	-3.410851117490369 2.5876789678893117 -2.796276518695017 2.914859975635778 -2.1805293274006257 3.2405809346418373 -1.5634487247034223 3.5651996170069866 -0.9445862181277381 3.8876509734506404 -0.32392254394649633 4.207877655222713 0.29776396855079096 4.527794409251906 
7	0.7	96.002	5	7	10	10	10	10	(70, 138, 241)	5.617409254005773	7.181388030860619	-8.779443814613437 0.676993684786175 -8.234059502657361 0.2246048165631699 -7.643234421062849 -0.19070237323450717 -7.040469961275324 -0.541324183704937 -6.427979533899676 -0.8724994013456395 -5.815520562562308 -1.202608458377018 -5.204716225081381 -1.5388959104532576 
7	0.7	96.002	5	7	10	10	10	10	(142, 228, 178)	5.580817453162673	9.208140267471407	-7.585959373114996 -2.342947895635447 -8.0690441791803 -1.844226564922861 -8.555202538610075 -1.3483645727782585 -9.044112112326987 -0.8550563938297255 -9.530399519601005 -0.3564198841172521 -10.00973894627963 0.1571772873133128 -10.479693122023502 0.6739275258012317 
8	0.7	96.002	5	7	10	10	10	10	(115, 4, 197)	6.105257399071579	6.896998463433099	1.6345911046528796 -2.7864580713524445 2.230391955990043 -2.5827930607913276 2.838002917165376 -2.356560906453053 3.450631359696923 -2.0936377367837853 4.067659706988971 -1.807409026343596 4.687853983162773 -1.507702322631447 5.310754960801696 -1.2014601676166303 5.936115235492905 -0.8926032045390886 
10	0.7	96.002	5	7	10	10	10	10	(155, 167, 70)	7.633982398084104	11.446283484613202	2.387424783378788 -1.1782222310894424 1.7020914840265562 -1.3080980640123039 1.0184955121610595 -1.4119341920775723 0.33224145980490044 -1.485428553055173 -0.35652644703285874 -1.533685195337164 -1.0469684545038687 -1.5636905857362937 -1.7385943689775667 -1.5813530891192147 -2.4312685257123223 -1.5911455813573292 -3.124988863791386 -1.596041140848229 -3.8199390349398996 -1.598208762448013 
8	0.7	96.002	5	7	10	10	10	10	(53, 141, 201)	6.0626370392258195	7.479748285736134	0.7353477749978355 -3.3109323171445393 0.11693314978695137 -3.253677609935928 -0.5218523363610773 -3.193981314487524 -1.17961489258781 -3.1324359104157145 -1.8517331303916535 -3.073152704828689 -2.53366778026728 -3.021114875254514 -3.22097828867448 -2.980413041855289 -3.912258377254928 -2.944473546908203 
8	0.7	96.002	5	7	10	10	10	10	(49, 78, 195)	6.172574911372315	7.8957062892748775	0.2677449101255242 -4.622048121039518 0.9128185521592316 -4.504706780079093 1.5608222770009395 -4.335529025409949 2.198580365545281 -4.115306584651089 2.835365664971375 -3.8613234064911968 3.472869006653551 -3.590986020369368 4.111697195681196 -3.3142763573443323 4.751930525182768 -3.0355406978428356 
7	0.7	96.002	5	7	10	10	10	10	(213, 89, 27)	5.600852933641814	8.923573191851643	-2.4587212900412205 -4.3824141861215224 -1.8640925652574611 -4.741755794492313 -1.2685212051630468 -5.101314720809785 -0.6658357020693935 -5.451564544956403 -0.03281158003801625 -5.7749962350600255 0.610777186809841 -6.0540845795995635 1.2595334540949628 -6.319524458341195 
8	0.7	96.002	5	7	10	10	10	10	(218, 32, 236)	6.261577331595317	9.508879658161472	-2.8167300711100487 -5.972760468663942 -3.310464091158555 -5.478961489789304 -3.8024452507209845 -4.985321215739939 -4.29263608312212 -4.492153558021143 -4.780143028304726 -3.998410712692672 -5.263563130230402 -3.501224515725801 -5.745017349479329 -3.0037058018449003 -6.225908835053092 -2.5070124764477915 
5	0.7	96.002	5	7	10	10	10	10	(130, 198, 171)	4.191508317078306	7.27041084479246	-3.6518171528201555 5.000071421279478 -2.9635079576568173 5.111627222275743 -2.2753491501374943 5.226291764993361 -1.587437138620553 5.344877057114086 -0.8995491968559617 5.466246457107652 
6	0.7	96.002	5	7	10	10	10	10	(120, 154, 152)	4.897478493114609	7.942949334874324	-5.060937986310341 4.70518365886407 -5.69462368246762 4.407187554074415 -6.330263938467108 4.113957105574191 -6.968896877474844 3.828715056160547 -7.610405695500564 3.551423287720142 -8.253706619892329 3.278264965787781 
10	0.7	99.004	5	7	10	10	10	10	(12, 56, 179)	7.635420767278788	8.37920112168356	-0.9201338994196524 0.9742106266166447 -0.24947065163162488 1.1255691752965695 0.4263937618243303 1.253511237024851 1.1095626080798457 1.3431914616725487 1.7984941697559274 1.380379168093429 2.4887644377175007 1.3513530471851287 3.177855686763515 1.2451865424194148 3.853424576500731 1.0789217824642645 4.522369062196795 0.8795295840999655 5.188838299683599 0.6681091290786944 
8	0.7	99.004	5	7	10	10	10	10	(183, 16, 226)	6.231401618249924	7.210184244982999	-3.5489920310417826 4.08932083743046 -4.174357249799492 3.782515277166508 -4.803316987921672 3.4901553859802132 -5.439740503425131 3.2201444479260384 -6.085365111369885 2.978401715768018 -6.74012968807707 2.768337591708192 -7.40243782802073 2.5885809921957046 -8.070636957932248 2.430663810525336 
8	0.7	99.004	5	7	10	10	10	10	(162, 52, 61)	6.274216562038577	9.785927508454554	-4.002077729244737 2.3547387383682725 -3.382085249607001 2.6720171447832657 -2.7643522067459063 2.9914823809180073 -2.1471002208100507 3.3091250937734173 -1.5230876100333082 3.61521410200701 -0.8912299028371058 3.906989723420375 -0.2537331126656394 4.188510969274488 0.38749511615727933 4.469804405941436 
8	0.7	99.004	5	7	10	10	10	10	(70, 138, 241)	6.292831906185567	7.181388030860619	-9.494678978905036 0.8182664504166217 -8.938325069645785 0.3948827142805906 -8.353651334314259 -0.0011313673852995014 -7.749968795392411 -0.3485577391639883 -7.128390920982033 -0.6647804846239422 -6.496584280238684 -0.960641982036667 -5.8603323680051655 -1.2463699721759243 -5.222772920680858 -1.5317404229886842 
8	0.7	99.004	5	7	10	10	10	10	(142, 228, 178)	6.270875776781235	9.208140267471407	-7.410524312386299 -3.0787492954414506 -7.875040592639305 -2.5624698869588873 -8.348023952074948 -2.054128350016477 -8.834490318268163 -1.5584987829943562 -9.33504406980956 -1.076215738782098 -9.84540163479487 -0.6027759930975585 -10.356009750327958 -0.12785365810952998 -10.860471239287863 0.3559947677277561 
9	0.7	99.004	5	7	10	10	10	10	(115, 4, 197)	6.796869413784362	6.896998463433099	1.4585656100437494 -3.033749896421457 2.085269116133533 -2.828680624748134 2.712630599129596 -2.6161723516504223 3.336456768334196 -2.383740801526072 3.9533271165194006 -2.112669702411888 4.554586221024282 -1.80713853369251 5.150010408208563 -1.4773012300007264 5.744634328176659 -1.1332079152935264 6.342574316065979 -0.7820076354891982 
11	0.7	99.004	5	7	10	10	10	10	(155, 167, 70)	8.315707809375963	11.446283484613202	3.046775678139361 -1.1350869491609985 2.365937745651003 -1.2714527671536666 1.6847114471173057 -1.387823851901341 1.0006418611331585 -1.4826321352007166 0.31401970109941035 -1.5548305666234687 -0.37510606188036394 -1.6030890327030398 -1.0649222150485327 -1.6267828098878363 -1.755877605633964 -1.6299145020900825 -2.4473674549509483 -1.6164395836528525 -3.1394782099212724 -1.5923819307772744 -3.8320842836020304 -1.5665211474521523 
8	0.7	99.004	5	7	10	10	10	10	(53, 141, 201)	6.066745470908673	7.479748285736134	0.30551887982806325 -3.456431464368439 -0.3399682347570048 -3.3326135376826542 -0.9880145914850773 -3.2144763946548194 -1.6402858749411593 -3.106720680130375 -2.297991409780834 -3.0130990151464982 -2.9618875009016894 -2.936445314020049 -3.6340237755451135 -2.8785272122739833 -4.313782552367196 -2.818744337504775 
8	0.7	99.004	5	7	10	10	10	10	(49, 78, 195)	6.257390113690507	7.8957062892748775	0.4018576283357099 -4.812069175726245 1.0624585853255726 -4.60797224753263 1.7205050324851432 -4.398771181881095 2.376983994480324 -4.181126809132451 3.031164510446279 -3.952176421857986 3.68278131766886 -3.710418589258531 4.332654766229881 -3.458056196425762 4.982460441290112 -3.2015438502398816 
8	0.7	99.004	5	7	10	10	10	10	(213, 89, 27)	6.233094105973967	8.923573191851643	-3.0451593909485033 -4.197313383801008 -2.464733409754834 -4.556775153584928 -1.883674598059867 -4.920256371282069 -1.3022403352543692 -5.288457672824844 -0.7193483370788492 -5.659812162452743 -0.1325199511363144 -6.030356700379381 0.46003247477390635 -6.392388539196555 1.0568505129958718 -6.7528439349801435 
9	0.7	99.004	5	7	10	10	10	10	(218, 32, 236)	6.964261482964561	9.508879658161472	-2.321712601654325 -6.577466023573365 -2.849799569993708 -6.11961708284467 -3.3737893339612097 -5.6587582642845025 -3.8868786772222332 -5.187744161350489 -4.379675723372266 -4.6952948079991135 -4.854354659856187 -4.1869529434277934 -5.310787049135565 -3.6640743071619832 -5.745857929642408 -3.1247447509954767 -6.171033199376147 -2.578999061728897 
6	0.7	99.004	5	7	10	10	10	10	(130, 198, 171)	4.852402328227108	7.27041084479246	-3.9589389419791696 6.0129713920426395 -3.2816736845021808 5.882604088085449 -2.602645946886822 5.764152386443261 -1.9203860878306678 5.663161237376652 -1.2345904878513876 5.578892249608096 -0.5457691135516002 5.504988911142432 
7	0.7	99.004	5	7	10	10	10	10	(120, 154, 152)	5.523894633911199	7.942949334874324	-4.776426720111414 4.978793035001927 -5.4113637195453625 4.732698044031095 -6.048539057062985 4.490144235006477 -6.691632465565389 4.25675740244417 -7.342847991814114 4.035774885468279 -8.002802217677736 3.8264979861279778 -8.669401807506652 3.622928404663539 
5	0.7	99.004	6	7	10	10	10	10	(50, 63, 191)	4.131133334401838	8.209519643278032	-0.15484125284498698 -0.24085621956969547 0.5229210025022917 -0.15835726470309194 1.2001921479261888 -0.07854133174816111 1.8778742263681927 -0.0035172380055444857 2.5589229646848977 0.06600719870374035 
5	0.7	99.004	6	7	10	10	10	10	(166, 157, 53)	4.167732684637528	7.748477001489954	-1.4932643742261795 -0.2619090102772676 -2.1775967845853845 -0.25129014476975703 -2.8659012201233276 -0.24866393953278026 -3.559372655193916 -0.26104831909203413 -4.260223541869875 -0.289457489995181 
7	0.7	99.004	5	7	10	10	10	10	(135, 87, 148)	5.246274819839069	9.852038811866828	-4.220806786645871 0.9965882418160592 -4.856523482385556 0.9961450474779433 -5.491973946005922 1.0060167991206268 -6.128321583781196 1.033852898261127 -6.766679858700331 1.0830666443372279 -7.4084564947949305 1.1519371604415243 -8.055698941158482 1.2334956103882706 
7	0.7	99.004	5	7	10	10	10	10	(37, 233, 4)	5.40428981712957	7.838156690965413	-3.0861393589296737 1.1618020684692958 -2.5399023934476643 1.5095589159131544 -1.979543292741643 1.8465182100879383 -1.396355206409856 2.1633984942254085 -0.7920137828852232 2.4524033567310406 -0.17149028142160316 2.7295402966090387 0.4606961981409668 3.0052035788252973 
10	0.7	100.004	5	7	10	10	10	10	(12, 56, 179)	7.628556954744187	8.37920112168356	-0.8884290538354299 0.9559241528626424 -0.21846613413690202 1.1125378048713366 0.45551368403007514 1.244534571232891 1.136826740036204 1.338866320244596 1.8241763236921626 1.3831551392173116 2.513809081135135 1.366149680995024 3.2034016639105864 1.281539919316038 3.8860702837949432 1.1473151813887301 4.564704451301584 0.9849836860908112 5.24202572727501 0.8121022000564325 
8	0.7	100.004	5	7	10	10	10	10	(183, 16, 226)	6.234806004379706	7.210184244982999	-3.513012692477958 4.079125043498421 -4.148492082322155 3.7961506732729444 -4.787326469590843 3.5270278725381887 -5.432946292316386 3.279540831201792 -6.086327887823285 3.0583146536839303 -6.747113374728366 2.8643586127742506 -7.413721752574317 2.6940916850712617 -8.083993858969105 2.5387243820368486 
8	0.7	100.004	5	7	10	10	10	10	(162, 52, 61)	6.270189495434286	9.785927508454554	-3.99723675931871 2.36359831547213 -3.3711465266510903 2.665131917111735 -2.748776964515201 2.973021450707273 -2.131271561731672 3.2874401976466174 -1.5106611989984216 3.5989287219047736 -0.8842544328252592 3.9022480032054836 -0.2525789772753672 4.197907405580593 0.38306138730535855 4.491447929397939 
8	0.7	100.004	5	7	10	10	10	10	(70, 138, 241)	6.276967442185251	7.181388030860619	-9.545931614933783 0.7071046272198097 -8.967295135847982 0.32048011163520135 -8.36835919402421 -0.041321028744297765 -7.7570099568159065 -0.37225518754995324 -7.134346620845166 -0.6827629934729417 -6.504756191719691 -0.9800375537453317 -5.871743060078399 -1.2707317035682133 -5.2374154474341355 -1.5608946646928052 
8	0.7	100.004	5	7	10	10	10	10	(142, 228, 178)	6.280059299165497	9.208140267471407	-7.448490247095169 -3.110256129160303 -7.926864794723313 -2.605594978041548 -8.412272253554011 -2.1072468786371177 -8.90884072778089 -1.6193279056055678 -9.417552307549611 -1.1429496043767529 -9.93603168510416 -0.6756383136586732 -10.458274507219528 -0.21095835423078135 -10.975301350985763 0.25926046991099067 
11	0.7	100.004	5	7	10	10	10	10	(155, 167, 70)	8.348986918390931	11.446283484613202	3.078023301306837 -1.2059219155996241 2.383824439220519 -1.2830918395583102 1.691857092882319 -1.3550156033506946 0.998677754406071 -1.4304041372822447 0.3033310947664145 -1.5161586454771998 -0.38371700063809777 -1.5864575118435589 -1.073193443145628 -1.6233836902203584 -1.765678138142781 -1.6294225295140197 -2.459588508964724 -1.613308349614202 -3.154114334617983 -1.585230310501902 -3.84756061241763 -1.5543411160167477 
9	0.7	100.004	5	7	10	10	10	10	(53, 141, 201)	6.623189889732581	7.479748285736134	0.7516622370967548 -3.661037139674031 0.11920630087268867 -3.5079589029295946 -0.48951636036938245 -3.3574144703205833 -1.1069685742306434 -3.2186996177227614 -1.7380957746966963 -3.100599535051737 -2.383703709015675 -3.005156567072708 -3.042352781391434 -2.9286407681561335 -3.7111507697319097 -2.864550505103216 -4.390603568402694 -2.7958114872008113 
9	0.7	100.004	5	7	10	10	10	10	(49, 78, 195)	6.874673437646434	7.8957062892748775	-0.15539527651198992 -4.8715223148177 0.5097922518761528 -4.828371198630717 1.1838206067773356 -4.723049269163109 1.8352437815483935 -4.541561956517563 2.477608926418424 -4.315079510041381 3.1162842148506473 -4.066479468983024 3.753688177135036 -3.804216685185405 4.390113852040125 -3.5177726952214305 5.020418881660446 -3.222575802263619 
8	0.7	100.004	5	7	10	10	10	10	(213, 89, 27)	6.2654637239202025	8.923573191851643	-3.0374497114810657 -4.240102037580003 -2.4921184879420646 -4.658377240919676 -1.9431563359874626 -5.0759840853988 -1.38461505092815 -5.485354677690945 -0.8046871790225019 -5.8735933715333735 -0.1953766238726642 -6.220507157404143 0.42545173171684697 -6.539148985186363 1.0518530168997355 -6.849540553599126 
9	0.7	100.004	5	7	10	10	10	10	(218, 32, 236)	6.972922464155795	9.508879658161472	-2.359409574060521 -6.6410050135200285 -2.8835089601358033 -6.178229394916635 -3.4037739241922678 -5.7124666738230205 -3.913785922225769 -5.237023560520561 -4.405597724490015 -4.743119851901688 -4.879889572342208 -4.233712013366225 -5.335602196201613 -3.7091308240050247 -5.7707116317343425 -3.166489971843935 -6.19562056560518 -2.6168214935125294 
6	0.7	100.004	5	7	10	10	10	10	(130, 198, 171)	4.880012703085242	7.27041084479246	-3.959001585585215 6.0813901091278675 -3.2729950586086223 5.962913719389785 -2.5864452215216187 5.849235678445461 -1.898808694429749 5.742864044040686 -1.2099664015819753 5.643785869453038 -0.520179874441314 5.549455306403528 
7	0.7	100.004	5	7	10	10	10	10	(120, 154, 152)	5.572926471343724	7.942949334874324	-4.787930644103556 4.990671466397495 -5.440670224649905 4.75922986031036 -6.095804631301017 4.5329543673245505 -6.755270265877803 4.316267286940583 -7.419775390639245 4.110838328823028 -8.088851091960738 3.9147715005133517 -8.762067238335394 3.7216774829095534 
5	0.7	100.004	6	7	10	10	10	10	(50, 63, 191)	4.169631034666539	8.209519643278032	-0.18495375275133263 -0.236049264330279 0.5011838871569306 -0.14928854615378617 1.1885850154842428 -0.06945753619857503 1.8774862597836224 -0.00016929610840781998 2.5684363306462856 0.06076465529704009 
5	0.7	100.004	6	7	10	10	10	10	(166, 157, 53)	4.184839865378892	7.748477001489954	-1.5557509913201135 -0.24024330645519215 -2.246763313217932 -0.23316180883859183 -2.940013736766941 -0.23357864911291457 -3.63660602939869 -0.24891417733638424 -4.339689961291012 -0.28019922642579403 
7	0.7	100.004	5	7	10	10	10	10	(135, 87, 148)	5.383042985657179	9.852038811866828	-4.207106092779868 1.0199570965493403 -4.865145970784872 1.0403075458176196 -5.5238389657831695 1.0674223807848435 -6.183825823131639 1.1058284475923277 -6.845814485961538 1.1571698266873793 -7.5106852310759855 1.2199816952366174 -8.179564431155748 1.2899285064127428 
7	0.7	100.004	5	7	10	10	10	10	(37, 233, 4)	5.480739338814814	7.838156690965413	-2.9820816664142553 1.1637183547343868 -2.424863770419028 1.529525847940442 -1.8552627237158121 1.8842406695648128 -1.261879703193244 2.216822396134101 -0.6523906623729379 2.522174255995807 -0.030653466263496725 2.815724327612565 0.5989506101701171 3.1068908752384123 
5	0.7	100.004	6	7	10	10	10	10	(38, 39, 133)	3.8340297154281733	6.6394497252157185	3.3975232048249966 -2.621938552390528 2.7972948577939536 -2.6416924424850308 2.19741895195242 -2.6534223012747375 1.5935949144696027 -2.6466635963702303 0.9646370862480502 -2.6177087511604316 
5	0.7	100.004	6	7	10	10	10	10	(37, 89, 13)	4.005259298359272	6.546517205209409	4.224591122439743 -1.9893248174529496 4.778890615383859 -1.7022913720304231 5.3461794034244985 -1.403532724479383 5.928032773859685 -1.0919246839461985 6.526246269647397 -0.7688900688934792 
