N disks	Disks radius	time	Gen	Method	ks	kt_bot	kt_par	kc	color	current length	div_length	X
6	0.7	3.001	1	7	10	10	10	10	(0, 128, 0)	4.900000233093314	8.748918089346345	-2.200000116546657 1.4287546703519706e-16 -1.5000000874099901 -2.857509197987497e-17 -0.8000000291366638 -1.1430037505532248e-16 -0.09999997086333844 -1.143003750553224e-16 0.6000000874099888 -2.8575091979874795e-17 1.3000001165466568 1.4287546703519736e-16 
7	0.7	6.002	1	7	10	10	10	10	(0, 128, 0)	5.5999998319008615	8.748918089346345	-2.899991028640948 0.003914677476334054 -2.1999916552173007 0.0029903293539390507 -1.4999922807323038 0.0020724203118814397 -0.7999929092202949 0.001167897998907536 -0.09999351686263504 0.0002796536120371401 0.6000059127538792 -0.0005952040972684489 1.3000053577996997 -0.00146362274463562 
7	0.7	9.003	1	7	10	10	10	10	(0, 128, 0)	5.600000291358276	8.748918089346345	-2.899991298188235 0.003884315218311258 -2.1999918429838194 0.0029879315408952415 -1.4999923586433637 0.0020915478799729084 -0.799992874303135 0.0011951643309078559 -0.0999933899627323 0.00029878091785811775 0.6000060943781844 -0.000597602383335289 1.3000055495831986 -0.001493985593414948 
8	0.7	12.000	1	7	10	10	10	10	(0, 128, 0)	6.300000334043313	8.748918089346345	-3.5999807130394115 0.007918676350942788 -2.899982351038575 0.00639148046745279 -2.1999839593960537 0.004864977684348004 -1.49998556506595 0.003340017476485961 -0.7999871664075797 0.0018171544857320601 -0.09998876295238805 0.00029638871106694824 0.6000096445270324 -0.0012228344912633279 1.3000080253807462 -0.0027413644707973573 
9	0.7	15.001	1	7	10	10	10	10	(0, 128, 0)	7.000000077942099	8.748918089346345	-4.299968323363925 0.01221358172182726 -3.5999714090693615 0.010131873609585751 -2.899974451112101 0.00806096088398393 -2.199977432661559 0.006015230218050811 -1.499980315171275 0.004006288171641802 -0.7999830806878523 0.0020385332942366393 -0.09998573624654183 0.00010756699268947053 0.6000116907612207 -0.0017982173283929708 1.3000091354346583 -0.003693206198796097 
10	0.7	18.003	1	7	10	10	10	10	(0, 128, 0)	7.699999459111313	8.748918089346345	-4.999953952206027 0.016798318411844117 -4.299958822095007 0.014192052061182927 -3.5999636254403513 0.011607756792973491 -2.8999682726413636 0.009076495986305104 -2.199972656197813 0.006626663108197085 -1.4999767126897348 0.0042749116988562395 -0.7999804370540458 0.0020212115923993515 -0.09998387800096133 -0.00015113381979851268 0.600012881033095 -0.0022705203900574567 1.3000097208880435 -0.00436797654337247 
11	0.7	21.004	1	7	10	10	10	10	(0, 128, 0)	8.39999905804507	8.748918089346345	-5.699938322274263 0.021542878115775144 -4.999944910220692 0.018512262520228938 -4.299951413838119 0.015506954648885777 -3.5999577002454033 0.01256417320835241 -2.899963614177304 0.00972061331525526 -2.1999690506850555 0.0070023464921322 -1.4999739775348953 0.004418340615507201 -0.7999784351221475 0.0019584290620364227 -0.09998251894292287 -0.0004040931708457512 0.6000136480017388 -0.002705728020261285 1.3000099184499496 -0.0049828771938149954 
6	0.7	24.001	2	7	10	10	10	10	(179, 184, 71)	4.873387259149192	7.764936356472831	-3.2319766103474605 0.002010273466979702 -3.923755423877707 0.00865773030169121 -4.616690646282413 0.015266471925905526 -5.311093238759088 0.021827276253947297 -6.0072091076055045 0.02835645941202184 -6.705208306443129 0.03488158818786498 
6	0.7	24.001	2	7	10	10	10	10	(101, 127, 76)	4.873385896082608	9.805943333062748	-1.8680158016071733 0.00394772022504523 -1.1762069780055229 0.002510067362637831 -0.4832420659783989 0.0010855670550599793 0.211189812135705 -0.0003227539391263521 0.9073347067486165 -0.001719819553144011 1.605362914318487 -0.003114003095641945 
7	0.7	27.002	2	7	10	10	10	10	(179, 184, 71)	5.489318837256121	7.764936356472831	-2.806158809815365 -0.5593392123624026 -3.4593167842026507 -0.3520368767340533 -4.113389258890118 -0.1754817320012612 -4.774813917872124 -0.043029876893621796 -5.446035010649013 0.046125417612378775 -6.1270259061439605 0.10415928559269881 -6.8170314877506355 0.14865197709298575 
7	0.7	27.002	2	7	10	10	10	10	(101, 127, 76)	5.487776975352601	9.805943333062748	-2.2964120518638484 0.5595044656595262 -1.641905589626753 0.3577655891309872 -0.9867385987718313 0.1867171489716122 -0.3245568326655686 0.059733664424927155 0.3471184126205112 -0.023970447204566377 1.028381346078473 -0.07654340445074727 1.7186318944797747 -0.11553503985986611 
7	0.7	30.003	2	7	10	10	10	10	(179, 184, 71)	5.5999151149818225	7.764936356472831	-2.770950914583666 -0.6644767253984625 -3.4514819738413083 -0.5006050175092428 -4.1320427915371045 -0.33686280645228067 -4.81265254858794 -0.17332187518132217 -5.493314067371628 -0.009986050714801926 -6.174015817909941 0.1531995695897126 -6.854738883400518 0.3163187919781716 
7	0.7	30.003	2	7	10	10	10	10	(101, 127, 76)	5.599907177278139	9.805943333062748	-2.332887476888738 0.6644124310211498 -1.6510381128785319 0.5061227241540502 -0.9691601660104177 0.3479626831974348 -0.2872348886356071 0.19000415588398983 0.39474066933768454 0.032250952390990156 1.076755573441639 -0.1253519152310817 1.7587917070452 -0.28288836904010367 
8	0.7	33.004	2	7	10	10	10	10	(179, 184, 71)	6.299991250685991	7.764936356472831	-2.090989172975863 -0.830503223428472 -2.771536744649908 -0.6666274631442223 -3.4520810532863995 -0.5027373896938384 -4.132613302146594 -0.3388106334754451 -4.813139520067926 -0.1748575055104975 -5.493662041693639 -0.010887017184045814 -6.174182845552541 0.15309317519402835 -6.854703445692188 0.31707705672863473 
8	0.7	33.004	2	7	10	10	10	10	(101, 127, 76)	6.299979637087599	9.805943333062748	-3.0137660346626953 0.8266060011304719 -2.3320510905389935 0.6676741293919954 -1.6503284228083028 0.5087756262671769 -0.9685926028147264 0.3499328151273761 -0.2868415902820674 0.1911533973376319 0.3949231803593939 0.03243026991622019 1.0766976567461348 -0.1262547429098332 1.7584768090363205 -0.28492366700212357 
9	0.7	36.001	2	7	10	10	10	10	(179, 184, 71)	7.000000336712878	7.764936356472831	-1.4106729659102795 -0.9950515597586375 -2.091271926016226 -0.831385156952017 -2.7718656292150574 -0.66769212350969 -3.452443540451509 -0.5039292344474631 -4.13299313891604 -0.34004511645256713 -4.813492903441646 -0.17598898437155358 -5.493964324109019 -0.011811630562015382 -6.174419915697667 0.1524355712021585 -6.854870175841106 0.31670938697128154 
9	0.7	36.001	2	7	10	10	10	10	(101, 127, 76)	6.999941072949625	9.805943333062748	-3.694574521638778 0.9889780072272846 -3.013069664954773 0.8291745971585529 -2.3315445258711196 0.6694580744140048 -1.6499845939363422 0.5098885906381662 -0.9683829478754672 0.3504938554094369 -0.28674044229325557 0.19126851286121307 0.3949355336071793 0.0321794614366738 1.0766335951946937 -0.12682325132714786 1.7583418777166684 -0.2857911848903492 
10	0.7	39.002	2	7	10	10	10	10	(179, 184, 71)	7.7000291066108595	7.764936356472831	-0.7302600880660695 -1.1592553255014026 -1.4108737121754005 -0.9956468745490515 -2.091487159717286 -0.8320300011712864 -2.7720960963996486 -0.6683874912146126 -3.4526938028719707 -0.5046924056149831 -4.133271376003807 -0.340909017188164 -4.813818241266332 -0.17699491130394046 -5.4943118492704555 -0.01290535811394937 -6.174781690157597 0.15128534521972484 -6.855243106447179 0.3155141309695356 
10	0.7	39.002	2	7	10	10	10	10	(101, 127, 76)	7.699914762544765	9.805943333062748	-4.3752708364888955 1.1518724781867866 -3.693937640471482 0.9913510459307806 -3.012579136175983 0.8309388958575461 -2.331176536286383 0.670713218173091 -1.6497200498358418 0.5107132323832699 -0.968208889682496 0.3509403184557538 -0.28664980601910034 0.19136417780004583 0.39494543558892853 0.03193347294300408 1.0765631450988105 -0.12741106133158384 1.7581909464885286 -0.2867226927503902 
11	0.7	42.003	2	7	10	10	10	10	(101, 127, 76)	8.3999593627713	9.805943333062748	-5.0563005837913115 1.3136580282335064 -4.3749682208173075 1.1530846833573423 -3.6936294640227882 0.9925452879677685 -3.01227276855825 0.8320876816074475 -2.3308871801194675 0.6717566579253713 -1.6494654515519465 0.5115810524404217 -0.9680056794361954 0.3515669557628679 -0.28651139676673903 0.19169744244039372 0.3950096499410872 0.03193786669463062 1.076547623153121 -0.12775501875450226 1.758093161466193 -0.2874219218507516 
5	0.7	42.003	3	7	10	10	10	10	(178, 153, 203)	4.164869555940608	7.3077572250349405	-2.422691525758346 -0.7710626746426311 -1.7526186648948099 -0.921000612802833 -1.0798661530840306 -1.0714955174815646 -0.40393814394588884 -1.2226576809464915 0.27550515776983975 -1.3745842504654378 
6	0.7	42.003	3	7	10	10	10	10	(57, 112, 172)	4.851938662292255	8.620676114213833	-3.730444269619112 -0.48781375608059746 -4.3924492747358785 -0.3097012167461808 -5.056281000675207 -0.13149745872474303 -5.722646177721409 0.0468840249696825 -6.392064066851086 0.2256917885566163 -7.064864247702185 0.40522427724426074 
12	0.7	45.000	2	7	10	10	10	10	(101, 127, 76)	9.099997175622729	9.805943333062748	-5.737807041241345 1.4735816197683367 -5.0564161534097405 1.3132496581697413 -4.375023064181319 1.152927394648677 -3.693624304619975 0.9926296396140841 -3.012216182098134 0.8323720064187924 -2.330795684631458 0.6721672018181025 -1.649361125598771 0.512022289652214 -0.9679124847296374 0.3519372423873069 -0.28645140621344156 0.19190494978760503 0.3950191442620173 0.0319126810490845 1.076495521756792 -0.1280551748064558 1.7579742424717424 -0.2880133938790615 
5	0.7	45.000	3	7	10	10	10	10	(178, 153, 203)	4.198937888661497	7.3077572250349405	-2.380780482825581 -0.7786218034579453 -1.6981889395528047 -0.9319304575826949 -1.0155160714291092 -1.0852547948921305 -0.33274691193190714 -1.238598126139419 0.350128639424261 -1.391964016664508 
6	0.7	45.000	3	7	10	10	10	10	(57, 112, 172)	4.898546515144025	8.620676114213833	-3.74866998860041 -0.48988789709133646 -4.423886217319176 -0.30693590965166917 -5.099158197910133 -0.12398320248863146 -5.774507455240172 0.05897238981419277 -6.44994954841017 0.2419390895072027 -7.1254941130996645 0.42492713436482754 
6	0.7	48.001	3	7	10	10	10	10	(178, 153, 203)	4.84424200870757	7.3077572250349405	-2.4007601691547165 -0.6122952250226804 -1.747847732766436 -0.8142825756399206 -1.0931367134760377 -1.0157513401701688 -0.43563181756332875 -1.2187664732927395 0.22507197686295674 -1.4239208760480064 0.8894174952062216 -1.6308807690679508 
7	0.7	48.001	3	7	10	10	10	10	(57, 112, 172)	5.538673543334159	8.620676114213833	-3.632043497479932 -1.0816710865769492 -4.2445861334986805 -0.7724996043122755 -4.861877340703461 -0.4715994764473606 -5.486591546088352 -0.18334700143679783 -6.119612801163521 0.0911407535071795 -6.760372800028209 0.3537109402012937 -7.407059605547354 0.6092729292498615 
7	0.7	48.001	3	7	10	10	10	10	(209, 138, 67)	5.4503693854828	9.10876875998457	-3.158950320333619 0.8790819977798999 -3.766958900377466 1.0335171830364436 -4.403731806503081 1.1943735274543366 -5.061288916881905 1.3625516698279547 -5.729482997047977 1.539475411014373 -6.401160884418858 1.7255945069496263 -7.073350026442357 1.918592741333417 
7	0.7	48.001	3	7	10	10	10	10	(194, 234, 143)	5.457484941158237	9.619490859707163	-2.1748108418312038 0.7191618278426816 -1.5670464530922519 0.5579694721133169 -0.929024357389561 0.3942489511343726 -0.26854974541928284 0.23098835386006525 0.4044306282970676 0.06797017912939311 1.0826923687862597 -0.0956384694803388 1.762637143409529 -0.25989254951920776 
6	0.7	51.002	3	7	10	10	10	10	(178, 153, 203)	4.896962182057827	7.3077572250349405	-2.299189437141254 -0.40997362325558245 -1.6525473601318383 -0.6757095305094926 -1.0055224908800495 -0.9407447433357474 -0.3579853522898411 -1.204907167818435 0.29002345939224433 -1.4684160253347294 0.9383739855233307 -1.7316761685993263 
8	0.7	51.002	3	7	10	10	10	10	(57, 112, 172)	6.296784537103093	8.620676114213833	-3.0794536148869747 -1.5569407084732347 -3.6943880759392123 -1.223436230945837 -4.310656226600091 -0.8926259974693437 -4.929302733350626 -0.5663960196948105 -5.550742244645917 -0.24546927011174222 -6.1747252593779605 0.07069275301136022 -6.800500201104793 0.3836150435439511 -7.427132634449487 0.6951946988519625 
7	0.7	51.002	3	7	10	10	10	10	(209, 138, 67)	5.5845208001858975	9.10876875998457	-3.34047728446288 0.6866802925821882 -3.994844234244967 0.9246749785633769 -4.64986526986624 1.161426276363452 -5.3059471970517595 1.3964235841691497 -5.963238937656123 1.629798514118179 -6.6216891150622885 1.8621399084259522 -7.281139904679221 2.0942079496705412 
7	0.7	51.002	3	7	10	10	10	10	(194, 234, 143)	5.585183791668918	9.619490859707163	-1.9823743877414879 0.9468975687583673 -1.3271883165746323 0.7106471267368902 -0.6710025510269595 0.47668838862143414 -0.013245388635668744 0.24604123858691795 0.6462128058439467 0.018554692760726906 1.307165643575773 -0.2067893487284054 1.9692466503357917 -0.431360095993406 
7	0.7	54.003	3	7	10	10	10	10	(178, 153, 203)	5.549171369072196	7.3077572250349405	-2.850106472419669 -0.5951758532435695 -2.18228087359929 -0.7633089253426113 -1.5150871324318276 -0.9368522198301101 -0.8491717319428506 -1.1193008614664934 -0.184704525886267 -1.3119845447436655 0.4787375133728627 -1.5139178804071096 1.14224608762802 -1.7218305738435677 
9	0.7	54.003	3	7	10	10	10	10	(57, 112, 172)	6.997188904045437	8.620676114213833	-2.701766138181503 -2.2836402647220946 -3.2839161299662813 -1.8950517536230627 -3.8661591440443726 -1.5032291142217575 -4.445860571028361 -1.1120065931962246 -5.029164762910025 -0.7265065689680489 -5.618436977407971 -0.35036715027292026 -6.21413222228714 0.015592186293227693 -6.8150773155466435 0.37313860615041156 -7.4189675409227025 0.726008757689334 
8	0.7	54.003	3	7	10	10	10	10	(209, 138, 67)	6.2443527012437645	9.10876875998457	-2.8736283361996953 0.7130943552963267 -3.533524102173526 0.9116831470971292 -4.192611053149967 1.1134583080122444 -4.850799075597452 1.320297042546517 -5.508412123958896 1.5327103039550773 -6.1661523857768366 1.7499213210532631 -6.825051837679054 1.9699714413512484 -7.487034098419401 2.1900286506472213 
8	0.7	54.003	3	7	10	10	10	10	(194, 234, 143)	6.3020102656801456	9.619490859707163	-2.231985347754504 1.8789731729905599 -1.6617834378710896 1.4707008654182518 -1.0846937583735214 1.073822595644558 -0.49610306956938655 0.6954564847152104 0.10550465316242277 0.3385527489388289 0.7189705099097722 0.0018789301981817375 1.3412535904030545 -0.31944269027423317 1.9683017919002948 -0.6327817660429388 
8	0.7	57.000	3	7	10	10	10	10	(178, 153, 203)	6.285715562472701	7.3077572250349405	-3.501644421947045 -0.4080184088458776 -2.839772582457436 -0.6250084775818259 -2.1728602079236103 -0.8330406252691309 -1.5044884206838605 -1.0338773278527318 -0.835115436399248 -1.231153761749645 -0.16537378402471475 -1.4275842844279825 0.5044218487093921 -1.6248260657335014 1.1743092248515765 -1.8232513870371152 
10	0.7	57.000	3	7	10	10	10	10	(57, 112, 172)	7.704052447519496	8.620676114213833	-2.1779773370680657 -2.7701712132639904 -2.7764215185124543 -2.4069274255805473 -3.373455684426318 -2.0413055666445983 -3.9660367082447543 -1.6686232394750917 -4.55200958872028 -1.28021195988415 -5.127913285428388 -0.8813877709573261 -5.700068055310405 -0.4774805884784863 -6.2712916879525595 -0.07260583368301027 -6.84291399231037 0.33139856345784774 -7.415048021145476 0.7344414330512719 
9	0.7	57.000	3	7	10	10	10	10	(209, 138, 67)	6.98254784320863	9.10876875998457	-2.204760871741757 0.5603402286816055 -2.8643905747511433 0.7823150742722658 -3.5284698679410265 0.9962873651650809 -4.19425376555508 1.2043337179422207 -4.86114535473756 1.4088499798018843 -5.528743298029236 1.6117158924835986 -6.196854028918412 1.8141330427249112 -6.865486339631495 2.0165597270903155 -7.534950662553807 2.2188090708559396 
9	0.7	57.000	3	7	10	10	10	10	(194, 234, 143)	7.0027453457806565	9.619490859707163	-2.7087195694846917 2.438727099949841 -2.1199037647148398 2.060282096244475 -1.5339276609074077 1.6776737316339825 -0.9551440372213015 1.2823912981639993 -0.37865295930711457 0.8840039585120906 0.1993263612069402 0.48814427630874346 0.7805199214545783 0.0973258299010172 1.3648350051030613 -0.2885970063025772 1.9509140167176156 -0.6716522130176746 
9	0.7	60.001	3	7	10	10	10	10	(178, 153, 203)	6.983970701010923	7.3077572250349405	-4.136846118346905 -0.1379755526353385 -3.4931491381864195 -0.402341499390129 -2.8446812991338293 -0.655095815218433 -2.1887665204898368 -0.8890504872579762 -1.52327803901352 -1.1013502835628293 -0.8528297512347083 -1.2986969244791178 -0.17958225391139707 -1.4873362678215285 0.4950512734398448 -1.6719221248729055 1.170285038387985 -1.8553275709027288 
11	0.7	60.001	3	7	10	10	10	10	(57, 112, 172)	8.408789881287342	8.620676114213833	-1.619697720514628 -3.1964557614915226 -2.2227165884532605 -2.840647493493805 -2.825622464942253 -2.4843076209262787 -3.427369733887213 -2.1256786489182233 -4.025604327081534 -1.7609938424155942 -4.616181348156153 -1.3841320867670224 -5.19580051471999 -0.9846099605052082 -5.759790099686972 -0.5683945915373231 -6.316018502536327 -0.14206990050193255 -6.868463963250987 0.28873542651109313 -7.419602268701579 0.7207521314622792 
10	0.7	60.001	3	7	10	10	10	10	(209, 138, 67)	7.690450228955136	9.10876875998457	-1.557101134095483 0.3062356491769651 -2.2028747895984275 0.5683670581997973 -2.8531198659003234 0.8195715399537358 -3.510551539684942 1.0525183768976192 -4.177453685961174 1.264284376047345 -4.8486342648635015 1.462432040477263 -5.521853316118155 1.6535617927172797 -6.195790288840004 1.8421226782561297 -6.869841930987014 2.030379514364404 -7.543887901438453 2.218902999408622 
10	0.7	60.001	3	7	10	10	10	10	(194, 234, 143)	7.703721785913851	9.619490859707163	-3.226848884747533 2.9257390708698283 -2.6331335329664673 2.554825989960799 -2.0403965990499953 2.182272754754167 -1.4509825231914755 1.8045111707344705 -0.8689258593958186 1.4158055839789248 -0.2991619763051403 1.0073906943207196 0.2630306519300419 0.5886681201618057 0.821657335490682 0.16554198303403503 1.3790715079128877 -0.25874549231344934 1.9361978742496806 -0.6829728749007377 
11	0.7	63.003	3	7	10	10	10	10	(209, 138, 67)	8.380750534679114	9.10876875998457	-0.9491341478446168 -0.013461255989832709 -1.58145906444035 0.2793231353383106 -2.2175451228901975 0.5627302204315917 -2.8598867832088994 0.8316977352579383 -3.5096270001859105 1.0833903917924326 -4.1672383033098646 1.3157116650917005 -4.834937618689675 1.526668501018815 -5.506925917237082 1.7175287657971001 -6.182075132674101 1.8986069634014584 -6.858463586162226 2.075792626855604 -7.53601618532118 2.2513803514219264 
11	0.7	63.003	3	7	10	10	10	10	(194, 234, 143)	8.40442884177252	9.619490859707163	-3.7861667505070753 3.3473389527894373 -3.1867224309843385 2.985610101609925 -2.5875746204254546 2.6231531457794137 -1.989855676591023 2.2581589952221797 -1.3956873114459445 1.8873580007268722 -0.8083092571234498 1.506064696331838 -0.23202761880817083 1.10864325002218 0.32897519268452485 0.6884795497105684 0.8787860317841059 0.25370959447355335 1.4220650621691586 -0.18890162578493253 1.9627118816571496 -0.634181887431344 
6	0.7	63.003	4	7	10	10	10	10	(236, 134, 35)	4.804937049016367	8.422768043175338	-3.876053534944498 -2.0088515598795533 -3.2808995386296878 -2.3198836679475816 -2.6821602016053325 -2.631429642511402 -2.078451558436767 -2.944019785022556 -1.468922577517743 -3.258531670410239 -0.8531161100434158 -3.5758204801127724 
6	0.7	63.003	4	7	10	10	10	10	(137, 60, 82)	4.81071466441642	8.901874695297177	-5.062466428434496 -1.5321629544357562 -5.54438221314138 -1.0615020737345646 -6.030367392655698 -0.5881760110521197 -6.516410657173007 -0.11217806530955465 -7.008146769018508 0.3661155200827901 -7.5061340660150595 0.8472069798747116 
5	0.7	63.003	4	7	10	10	10	10	(122, 70, 96)	4.0865014232187225	8.620514656342875	-2.430745403944184 -0.8330955251475736 -3.045800676615582 -0.5858572068525776 -3.665054107042985 -0.33613093747728584 -4.290062230271112 -0.08346419686639266 -4.92209032072225 0.1721334946080167 
5	0.7	63.003	4	7	10	10	10	10	(217, 123, 201)	4.109107363202886	8.073636203151874	-1.3105999018699346 -1.3642843406065404 -0.6590648231124584 -1.5014349683487924 -0.001837182749216566 -1.6438185541429282 0.6625661295112278 -1.7920179855295462 1.3356257264479339 -1.9443749423988104 
12	0.7	66.004	3	7	10	10	10	10	(209, 138, 67)	9.075637932018315	9.10876875998457	-0.36644495007157074 -0.38158242372774714 -0.9890119906101403 -0.06944822452934216 -1.6148757277486951 0.2357434841853612 -2.247040013902495 0.5287075543775144 -2.8861572148330725 0.8067801443401325 -3.5324983112490362 1.0686042718079898 -4.185802446154738 1.3138193568783425 -4.845457025470118 1.5428914378616445 -5.510099491846344 1.7567156814763798 -6.17853293247313 1.9601896011010187 -6.849199211037094 2.157836874906042 -7.520918432777659 2.3533784531157065 
12	0.7	66.004	3	7	10	10	10	10	(194, 234, 143)	9.100310661197687	9.619490859707163	-4.364150781069921 3.742011482474183 -3.7665602877486695 3.3774668147233773 -3.1690961899781778 3.012706262190982 -2.5721389338869307 2.647113525094439 -1.9764268336189985 2.2795085925235163 -1.383137592877067 1.9080551984791525 -0.7939322729799579 1.5302663408056942 -0.2109659746936322 1.143108105992118 0.3631025473057398 0.7431540991634231 0.9257651960459411 0.3261390756365572 1.481501859719093 -0.10006771368215378 2.0345130148642543 -0.5295656771214772 
6	0.7	66.004	4	7	10	10	10	10	(236, 134, 35)	4.899981189411866	8.422768043175338	-3.8483494564304186 -1.9849333154765398 -3.23149521520456 -2.315821988531426 -2.614642570213573 -2.646709747781855 -1.9977904828528588 -2.977597100354471 -1.380937748247658 -3.30848469255951 -0.764083369450842 -3.6393731091663226 
6	0.7	66.004	4	7	10	10	10	10	(137, 60, 82)	4.899794143550752	8.901874695297177	-5.2174186070586375 -1.660336139661735 -5.695044007538159 -1.1485223529583195 -6.1721958615934005 -0.6361927977715517 -6.647717492203842 -0.12275213214489512 -7.12258565180378 0.39137279141599113 -7.597270837208109 0.9057507267235714 
5	0.7	66.004	4	7	10	10	10	10	(122, 70, 96)	4.194105609049024	8.620514656342875	-2.45170324153692 -0.8769135287745056 -3.099178437575061 -0.6132661543887116 -3.7466516150812557 -0.3506749958525376 -4.394234260859131 -0.08934450978020832 -5.041818763710117 0.17108767882614712 
5	0.7	66.004	4	7	10	10	10	10	(217, 123, 201)	4.200408504555469	8.073636203151874	-1.2797680402143536 -1.6757693022398001 -0.582981857820991 -1.74211290024065 0.11430802111905891 -1.8062284020289514 0.8115811800798812 -1.8697325424046072 1.508778813028544 -1.9332021599920508 
7	0.7	69.001	4	7	10	10	10	10	(236, 134, 35)	5.6045526313301774	8.422768043175338	-4.269307043690917 -1.5679407214504377 -3.7300546581502987 -2.012619455741366 -3.1824180745644837 -2.4483428555578923 -2.617351090046038 -2.861648110172592 -2.020106418894563 -3.2373691363321666 -1.4092335832836234 -3.5790383021568393 -0.7918975997724692 -3.909366298789037 
7	0.7	69.001	4	7	10	10	10	10	(137, 60, 82)	5.597069736162229	8.901874695297177	-5.243983444251084 -2.5352124234655697 -5.608942969366044 -1.9366039714788497 -5.976008201616378 -1.3406870759513796 -6.347993460059058 -0.7483264290624564 -6.725300048270942 -0.1597508058205799 -7.10679170479217 0.4257907930723673 -7.490418382753834 1.0096672601418173 
6	0.7	69.001	4	7	10	10	10	10	(122, 70, 96)	4.817066604215216	8.620514656342875	-1.8717650860021735 -0.7457185271299074 -2.525330012851692 -0.5777307224857623 -3.180683375689441 -0.4033860721823883 -3.83834463307708 -0.22080528028419424 -4.4995120277685805 -0.03116963585610193 -5.165617454479269 0.16271708077703934 
6	0.7	69.001	4	7	10	10	10	10	(217, 123, 201)	4.805825696106829	8.073636203151874	-1.7904322762810878 -1.9328167347527012 -1.1225214114422881 -1.9911394485734912 -0.4502084767519884 -2.0493498876359406 0.22748970241566394 -2.1049568492380675 0.9128944456913843 -2.153528617111059 1.6047909305645207 -2.199855750319639 
6	0.7	69.001	4	7	10	10	10	10	(154, 102, 227)	4.8457487212704216	8.835483569000699	-2.4673891450006837 1.0130951556481866 -1.8663181906203483 0.6819120780880505 -1.2688318137380188 0.34304043917393245 -0.6829785488677802 -0.020151513322348467 -0.10368118402200506 -0.3958837153277191 0.47551752786524193 -0.776027347380044 
7	0.7	69.001	4	7	10	10	10	10	(200, 4, 148)	5.535567540952261	9.008735611394576	-3.7960689430325205 1.1988657330906782 -4.442477654341736 1.4254480696667011 -5.089700387564248 1.6511346707898635 -5.738787093718162 1.8761738306340474 -6.39049036449606 2.101122677100472 -7.045415477657324 2.326341524949843 -7.704129835940406 2.551591132584106 
6	0.7	69.001	4	7	10	10	10	10	(70, 153, 170)	4.8532256024300136	7.981278335538581	-2.2304919495817184 2.5178785920640747 -2.8305752690352746 2.8491754340564874 -3.432832964075091 3.1810034861467984 -4.037751150143329 3.5134846172782503 -4.645580489006223 3.8469506013631163 -5.256407520549553 4.181785761484008 
7	0.7	69.001	4	7	10	10	10	10	(187, 55, 234)	5.539190214616308	10.632648077361477	-1.015355289232607 1.9645384355855677 -0.45994314590071755 1.564204974902173 0.09667278369760485 1.1634862502559613 0.6535729912932717 0.760070197810982 1.2081921642763176 0.3492702871928776 1.759110730057042 -0.07264449170481703 2.310031843204692 -0.49946038364028816 
8	0.7	72.002	4	7	10	10	10	10	(236, 134, 35)	6.2171044592675155	8.422768043175338	-4.765940352717366 -1.2447245788495827 -4.240229526235893 -1.677484298205006 -3.71192713078707 -2.109402384009276 -3.178419899747336 -2.538067865165823 -2.637050382330385 -2.9607052163312093 -2.0839021588963282 -3.3753099261871298 -1.523848879724878 -3.7855099983877403 -0.9597722809677188 -4.19512333520487 
8	0.7	72.002	4	7	10	10	10	10	(137, 60, 82)	6.303786517437773	8.901874695297177	-5.042385435809324 -3.247386228301712 -5.415464541546037 -2.655126626488143 -5.782028081222475 -2.059059162547676 -6.132111364499129 -1.4496647248349535 -6.468553307497987 -0.8348665813125529 -6.798471953610073 -0.21698199759789505 -7.125814384853756 0.4018806419704499 -7.452549304810325 1.0208054939634477 
6	0.7	72.002	4	7	10	10	10	10	(122, 70, 96)	4.898076747764165	8.620514656342875	-1.9517673750456477 -0.6942992949451816 -2.6268695808590703 -0.5229519547272841 -3.300228744363401 -0.34427210153698995 -3.9744532462291464 -0.14548388792787614 -4.644306784371976 0.06889160734340342 -5.309893756296824 0.28132534755476857 
6	0.7	72.002	4	7	10	10	10	10	(217, 123, 201)	4.8749013731502915	8.073636203151874	-1.651339199064162 -2.0276185638264823 -0.9620229872232525 -2.086047346703571 -0.2711442983875507 -2.143792819669047 0.42155166245054476 -2.198611865377821 1.1165618687977672 -2.2463041166708253 1.8134060702423156 -2.291667449991296 
7	0.7	72.002	4	7	10	10	10	10	(154, 102, 227)	5.425789697927705	8.835483569000699	-2.593716043187119 1.6776016425999003 -2.0556532815948216 1.2780140198550285 -1.5467974341153101 0.880733644016552 -1.0359446282054692 0.45780126560495876 -0.5202805974208738 0.021523949156235567 0.004751700711507841 -0.4150335139400581 0.5389379647570878 -0.8494346979821645 
8	0.7	72.002	4	7	10	10	10	10	(200, 4, 148)	6.153855988552833	9.008735611394576	-3.3073712064041003 0.9642201043650055 -3.9092926338371403 1.2245429773962198 -4.53055779130156 1.468048719045146 -5.166294505992874 1.6981962985347867 -5.809925403762226 1.923055496222825 -6.45822331140218 2.1487043631292635 -7.110335516196419 2.3771477012666757 -7.766416775022667 2.6078628344374826 
7	0.7	72.002	4	7	10	10	10	10	(70, 153, 170)	5.331243347651326	7.981278335538581	-1.9620477209972058 2.492352075513141 -2.5220813161048894 2.758605465304097 -3.0894592991003296 3.023289051590348 -3.6704513417698794 3.3131011878265983 -4.258162055504549 3.6269957698923987 -4.851996374859598 3.9570117792896005 -5.453310327320936 4.295705796330691 
8	0.7	72.002	4	7	10	10	10	10	(187, 55, 234)	6.104150708583303	10.632648077361477	-1.1111349997740474 2.569359625768868 -0.6907735087981887 2.0782848869522197 -0.24083949868218887 1.6117418515736144 0.2530240044735192 1.1666695579934119 0.7778282649652157 0.73953883093123 1.3204638667543858 0.3232831683943736 1.8732251800985953 -0.0888018921254619 2.4320039941369664 -0.5016254035633367 
9	0.7	75.003	4	7	10	10	10	10	(236, 134, 35)	6.870629323744167	8.422768043175338	-5.255191486722249 -1.0000252765909736 -4.777019731971475 -1.4383083581299014 -4.285915719515597 -1.8869630903107824 -3.779310967610014 -2.339823582935201 -3.2549549846609827 -2.785832754966073 -2.706501913122375 -3.2147882758844357 -2.141416709802452 -3.620976363865784 -1.5656757914159687 -4.01513701302148 -0.9855625051267566 -4.405031376184427 
9	0.7	75.003	4	7	10	10	10	10	(137, 60, 82)	7.008411110062946	8.901874695297177	-4.933901575261074 -4.0019363367138965 -5.274699021959664 -3.3909570519621375 -5.617728923994897 -2.7814713289446353 -5.960967443895025 -2.1716082720853205 -6.294130459758075 -1.5502604833382498 -6.596685579806719 -0.9114575236884563 -6.881844072129007 -0.2729496368300258 -7.166840954744385 0.36533916443266545 -7.454662473195581 1.0028021680863408 
7	0.7	75.003	4	7	10	10	10	10	(122, 70, 96)	5.586278784302873	8.620514656342875	-1.385269309125835 -0.7442727433540363 -2.068145893590298 -0.6381617574440619 -2.7494285541678263 -0.5230364509513599 -3.4309964903518417 -0.3671619626966419 -4.097822777862616 -0.16559090717530503 -4.758678879995702 0.06257582107626548 -5.431156119257408 0.28826557537866165 
7	0.7	75.003	4	7	10	10	10	10	(217, 123, 201)	5.5553498401223695	8.073636203151874	-2.1793171145579584 -1.9765638582709912 -1.498433173736944 -2.077262210604825 -0.8150019528072016 -2.167006654929055 -0.1285485523513997 -2.248324367568426 0.5606828654569441 -2.3233081674758367 1.2525715117287592 -2.3939721155349973 1.9468591429683557 -2.4631171059832977 
7	0.7	75.003	4	7	10	10	10	10	(154, 102, 227)	5.577644901712144	8.835483569000699	-2.308374129730264 1.9084775693651517 -1.783736742094441 1.4447313376259985 -1.2756333858193685 0.9740693351436586 -0.768302379023589 0.5001008372900979 -0.26033141850317115 0.023058500962802087 0.24340234421838813 -0.45750122934913706 0.7461706437138245 -0.9409557031030428 
9	0.7	75.003	4	7	10	10	10	10	(200, 4, 148)	6.919127120182299	9.008735611394576	-2.777454641014131 0.7432313430549038 -3.40273842798777 0.9996174321402158 -4.038969623876804 1.2463305386397916 -4.683220829577498 1.4877005845353295 -5.330604079143231 1.7290873640633628 -5.978986111797311 1.9734550955554735 -6.62788933213621 2.2212929575286875 -7.277658985188885 2.4717007768218533 -7.928813703275189 2.72351894931069 
7	0.7	75.003	4	7	10	10	10	10	(70, 153, 170)	5.485174845233411	7.981278335538581	-2.0197874149569337 3.124361719685903 -2.6503475402983643 3.3021005714925074 -3.2949554781710026 3.4828542606975956 -3.9507454730202882 3.6667414152736826 -4.613437755392036 3.854505717830202 -5.280049552911647 4.046233653954728 -5.94948289245247 4.240581165289166 
9	0.7	75.003	4	7	10	10	10	10	(187, 55, 234)	6.932474436987945	10.632648077361477	-0.9565880883032347 3.4974130117294773 -0.592569225783494 2.9165756789937807 -0.20523239692741166 2.3493212230744387 0.20783329190842034 1.797955514887118 0.6400502025532803 1.2592504669165259 1.0843148718210045 0.7284404374720047 1.5356042316437972 0.20135212178238598 1.9905854164637202 -0.32610404065629867 2.4464380402035193 -0.8545036869653577 
9	0.7	78.004	4	7	10	10	10	10	(236, 134, 35)	6.939357369861932	8.422768043175338	-5.261000660265731 -1.1255504591324297 -4.785528986593559 -1.6180659540265454 -4.301710540530865 -2.105406567641538 -3.800434934563905 -2.577506663828183 -3.265657968063955 -3.023687794328959 -2.707224911052336 -3.4338197746679033 -2.133294452556201 -3.825836287709946 -1.5520321185479815 -4.2100152105990585 -0.9677505282987494 -4.592542725481318 
9	0.7	78.004	4	7	10	10	10	10	(137, 60, 82)	7.002161302394315	8.901874695297177	-5.071505638736619 -4.061375681638474 -5.428634601237568 -3.458901775030074 -5.78297075904093 -2.8543870723042652 -6.128809890194532 -2.244702421910592 -6.457866770929169 -1.6257747275131293 -6.75870300280636 -0.9943921574345826 -7.042314222004241 -0.3546306034460804 -7.316866708468857 0.2892514864368311 -7.588258744643642 0.9345089829063045 
8	0.7	78.004	4	7	10	10	10	10	(122, 70, 96)	6.2188710039018975	8.620514656342875	-0.8372883722743308 -0.9671946819333599 -1.4950162500492548 -0.8025554592923061 -2.1577957594305515 -0.6440787518639793 -2.8263250676104574 -0.4865122270117921 -3.4949784523841267 -0.3084345085303671 -4.154487706840769 -0.10262445933460464 -4.8103615387979755 0.12142574184793052 -5.469406689694926 0.3471141882292833 
8	0.7	78.004	4	7	10	10	10	10	(217, 123, 201)	6.220485389623834	8.073636203151874	-2.7123138259351127 -1.857666562808182 -2.055413775192395 -2.0364441619573537 -1.3903233526162806 -2.192656748750344 -0.7134905241169859 -2.3133131546111594 -0.03128710563081623 -2.398338536608296 0.6566633293825282 -2.4600544075456368 1.3487889521148457 -2.509154936421995 2.044293751940966 -2.55386121227261 
8	0.7	78.004	4	7	10	10	10	10	(154, 102, 227)	6.250398193291387	8.835483569000699	-2.7265792783831584 2.2719167195283503 -2.1530458700399246 1.8878874190184836 -1.597862474939416 1.4748548674453825 -1.0645713803703074 1.0352868363715333 -0.5528237429203926 0.5698533696495611 -0.06538244834509677 0.07839404210706845 0.39640770198918274 -0.44452770438430905 0.8394730175522228 -0.9806609628559878 
9	0.7	78.004	4	7	10	10	10	10	(200, 4, 148)	6.935642181056558	9.008735611394576	-2.8259536466608037 0.8355059996331242 -3.46565832590999 1.084635356199252 -4.108546474743474 1.3293203454842548 -4.754289511216171 1.5704785757493447 -5.402628291893185 1.8090441921684728 -6.053458191044101 2.045719173817478 -6.706638411121553 2.2811755528552053 -7.361976589780783 2.5161310735394773 -8.019266407118407 2.7512702272693272 
8	0.7	78.004	4	7	10	10	10	10	(70, 153, 170)	6.23687679610603	7.981278335538581	-1.495197834959758 3.256660134069546 -2.1528947098104543 3.4471217146516016 -2.821148042202647 3.6192175757346465 -3.4926624982596732 3.7688929931458643 -4.169284076199657 3.904027289832515 -4.849881409578648 4.030247282892895 -5.533773712461468 4.1520112866292465 -6.220553855587416 4.272519257883567 
9	0.7	78.004	4	7	10	10	10	10	(187, 55, 234)	6.9958293797011155	10.632648077361477	-0.3402494658895541 3.870312267337017 -0.0744079374280261 3.221441893830645 0.20775955925096895 2.58109113412158 0.5173051316345372 1.9548197729940948 0.8587585926487734 1.3458013933271864 1.2301220081482893 0.7539187731816261 1.6235548848128114 0.17503827395915095 2.0260027127954245 -0.3984587203962364 2.425290673356275 -0.9719125764195166 
10	0.7	81.001	4	7	10	10	10	10	(236, 134, 35)	7.610362543301395	8.422768043175338	-5.6945533198520035 -0.7950793811525081 -5.234085450757307 -1.299636927325646 -4.771531528043232 -1.8030391928582818 -4.304175855455492 -2.2987814409775695 -3.7948830664697626 -2.7765690647208325 -3.259772639059527 -3.207942479537425 -2.706228697616014 -3.6202909508102206 -2.1400603707947568 -4.020114316502755 -1.5649788720290512 -4.411310670351805 -0.9851940928665377 -4.799567097478298 
10	0.7	81.001	4	7	10	10	10	10	(137, 60, 82)	7.709400606844753	8.901874695297177	-4.765239757212428 -4.680950268113386 -5.157708593795264 -4.100907466963397 -5.548306388433332 -3.5192218033914977 -5.9330676523676225 -2.9333768551428836 -6.306220779127691 -2.3399685327742916 -6.660165198777172 -1.7350723653164888 -6.9870387545871795 -1.111415667048882 -7.283309451059743 -0.4765953031162687 -7.563658675434815 0.1654986090792883 -7.838122258227971 0.8098505671472348 
9	0.7	81.001	4	7	10	10	10	10	(122, 70, 96)	6.979981708131344	8.620514656342875	-0.16489097313530376 -1.1532511941030335 -0.814509808751941 -0.9952306378503141 -1.4955378533123995 -0.850584376370653 -2.1805367356609633 -0.7015150761081556 -2.862618539346306 -0.51926405809522 -3.527094840680025 -0.2947020106475553 -4.178331762807111 -0.03528332595421115 -4.8217805698846385 0.2439525284727824 -5.465518555581034 0.5297547046875876 
9	0.7	81.001	4	7	10	10	10	10	(217, 123, 201)	6.9476075111850335	8.073636203151874	-3.341498252718888 -1.7927710295561363 -2.6845556987055263 -1.9673664673665563 -2.012899555114028 -2.1204862113214107 -1.3327446470741082 -2.253296009735451 -0.6474543061060092 -2.369894631978491 0.04342802767995306 -2.4681105569172628 0.7344061078091417 -2.553006019741704 1.4275413951124278 -2.63407988719838 2.121900006013913 -2.714227935217105 
9	0.7	81.001	4	7	10	10	10	10	(154, 102, 227)	6.95877120444433	8.835483569000699	-3.2485978010413317 2.5942281943022087 -2.6217200990650738 2.2949213757873714 -2.009874905510173 1.972081976263702 -1.4302913423293568 1.5942837269500059 -0.9007246726017546 1.1518918682451886 -0.4117408313950475 0.6623703362817881 0.04773115383288823 0.14716684973707844 0.49203754992900883 -0.38911828672962234 0.921657063112651 -0.9566066305743737 
10	0.7	81.001	4	7	10	10	10	10	(200, 4, 148)	7.632514544976335	9.008735611394576	-2.2442300567976976 0.6310187425153057 -2.872192314280366 0.9125309035868461 -3.5014649852752266 1.189493734192617 -4.135958671286986 1.4570814868768966 -4.777788580418659 1.7102612341190582 -5.42911357442173 1.9461146523518706 -6.086655035923814 2.1687054698263073 -6.74861543384983 2.3826107976630797 -7.413552633121648 2.5919566612861207 -8.080431210705173 2.7999307825507342 
9	0.7	81.001	4	7	10	10	10	10	(70, 153, 170)	6.880334828942448	7.981278335538581	-1.05400099554536 3.069697790914434 -1.6709766408298588 3.355294811190211 -2.297280469112938 3.6199865135820573 -2.9394629270718413 3.8409870590616935 -3.5998694945189786 4.004231187478982 -4.273734609133792 4.123310130631413 -4.956307240417916 4.212349223792156 -5.644797476833741 4.284795415300871 -6.337746223570251 4.351397274110621 
10	0.7	81.001	4	7	10	10	10	10	(187, 55, 234)	7.698534772353458	10.632648077361477	-0.351025006989452 4.647920725882307 -0.062130527334972305 4.010021757287508 0.22373610258358942 3.3675403867400227 0.5023746865309594 2.726232437796192 0.7891141503698202 2.088750658821113 1.0924880447127143 1.4592059912538895 1.4154790377435424 0.8393323964638165 1.7558589085149179 0.2282892924644514 2.1069471365707098 -0.3774093240013801 2.456881884725014 -0.9830657650216176 
9	0.7	84.002	4	7	10	10	10	10	(122, 70, 96)	6.959004032212372	8.620514656342875	-0.22941043984658635 -1.3237563902778715 -0.914421420609388 -1.178138161484243 -1.6032785884939609 -1.0051167501676423 -2.2705109462403668 -0.7895968518781732 -2.9189497925855203 -0.5375323493309927 -3.551700833531251 -0.2564386202176557 -4.170223231386664 0.04817752957408031 -4.77459124242495 0.3736379898911349 -5.3663834258803025 0.7151775730265718 
9	0.7	84.002	4	7	10	10	10	10	(217, 123, 201)	6.962123607643331	8.073636203151874	-3.270086584581937 -1.8854789381074044 -2.606308454554429 -2.09903835532401 -1.9409388662481195 -2.2975970072096876 -1.2697694889432527 -2.4674858822093464 -0.5905936800245182 -2.601584519001283 0.09688612720408811 -2.701061810060078 0.7881951295944887 -2.7792807270579614 1.4819646910523883 -2.846511198850028 2.177543818065125 -2.9099745110905544 
10	0.7	84.002	4	7	10	10	10	10	(154, 102, 227)	7.664125387591872	8.835483569000699	-3.8601946473892275 2.8715923852144147 -3.217605924066925 2.6104211847835024 -2.5822626591079496 2.336648974602803 -1.9552614896661107 2.0417832135335576 -1.3408694236409542 1.7170084540669233 -0.7529564734973323 1.3437244786778335 -0.21585389463096227 0.8933363616757966 0.2531600072151357 0.37472640552158604 0.676990193764326 -0.17931589651932656 1.080921050499642 -0.7469588061483108 
10	0.7	84.002	4	7	10	10	10	10	(70, 153, 170)	7.569540632746296	7.981278335538581	-0.5810814665985935 2.8032018535113763 -1.1675223016616576 3.1389884676054316 -1.7670991807050438 3.4551414797616995 -2.3849451416534775 3.7389074532240247 -3.022718692213262 3.980434291510983 -3.6806194698574735 4.170676515681767 -4.35371183266462 4.306773383176646 -5.037240479154878 4.407643943936206 -5.72669598918522 4.489798373896573 -6.4198070232976825 4.565602898626407 
12	0.7	84.002	4	7	10	10	10	10	(187, 55, 234)	9.112776378901435	10.632648077361477	-0.9398932865771081 5.912934425340968 -0.5810685410605886 5.311272226274276 -0.2236163511310469 4.708182842696357 0.12789805395360387 4.10113497336715 0.46470962466782906 3.485760533492429 0.7746028498513566 2.8521160095542664 1.068047807182189 2.215479070848483 1.3637708926855057 1.5804098531167652 1.6715678290301077 0.9514064159823018 1.99366029407466 0.3293210814470406 2.3251843099182405 -0.28852146864819 2.6542437668322303 -0.9055546545147994 
6	0.7	84.002	5	7	10	10	10	10	(209, 101, 8)	4.69990449337241	10.530663833308312	-4.589130339685118 -2.406067613394149 -4.9768499530983945 -1.9002903981143497 -5.371637201032274 -1.3880297150563923 -5.772229745427484 -0.8660013324016449 -6.174938969881284 -0.3304780032169481 -6.57877921466492 0.22630223240148534 
6	0.7	84.002	5	7	10	10	10	10	(83, 138, 132)	4.71716313384699	8.820923655511994	-3.7787618754562375 -3.180209764279371 -3.228946700273441 -3.5070133855777885 -2.6735371270048294 -3.845730480246052 -2.1121450252607334 -4.198555443452239 -1.54351956083962 -4.563795245036185 -0.9661263296410719 -4.938148936834894 
6	0.7	84.002	5	7	10	10	10	10	(72, 191, 14)	4.726588359344975	8.525458003265534	-5.950817664350325 -3.1913063487916844 -5.554075905133845 -3.695992987855763 -5.150716970979959 -4.209454568164988 -4.740166471873262 -4.732875191792203 -4.32248356491899 -5.266242213997475 -3.8979026118576567 -5.808885681060742 
6	0.7	84.002	5	7	10	10	10	10	(125, 119, 135)	4.737535964577932	8.018009252001287	-6.657880158315158 -2.302604292551879 -6.968912666403719 -1.7398298550568114 -7.2853655478146075 -1.1672756785485645 -7.6016025605714175 -0.5801442362859494 -7.909630568112481 0.029926526193910855 -8.210285802440044 0.6510232228579494 
6	0.7	84.002	5	7	10	10	10	10	(108, 148, 87)	4.609353846779489	7.273933525079196	-3.984453872149834 1.48074842160007 -3.4135198803549183 1.2188366091068044 -2.838638534062754 0.9505000993908457 -2.2606677542302576 0.6729239146631137 -1.6803240610294257 0.38519127804822134 -1.0930425827861676 0.08874308229194404 
6	0.7	84.002	5	7	10	10	10	10	(126, 150, 75)	4.712747895872028	7.8430873032582555	-4.939124556244612 2.026197169933691 -5.559536214300785 2.1630666840258086 -6.191194279932525 2.311461318023732 -6.8342500385768155 2.4733711106918492 -7.488478614247751 2.6460707981778326 -8.153604178211495 2.825100271471118 
10	0.7	87.003	4	7	10	10	10	10	(122, 70, 96)	7.667306459924314	8.620514656342875	0.3814735882860642 -1.6281033186734077 -0.3037680424918678 -1.4859596877462085 -0.9850034219126096 -1.3291185529533818 -1.6610574435276864 -1.1316742675020832 -2.313925027039362 -0.8893757550592983 -2.9489995699066145 -0.6096333108978412 -3.5711504494506237 -0.302442855867237 -4.183474781428509 0.023412976596679097 -4.7890104354064436 0.36117268772698585 -5.390277478559894 0.7056102668513207 
10	0.7	87.003	4	7	10	10	10	10	(217, 123, 201)	7.683379833958405	8.073636203151874	-3.906735975692337 -1.7334790284949133 -3.2578548589051253 -1.9899858328170001 -2.6056902740280874 -2.2392059984370034 -1.9465481414278132 -2.467752340788969 -1.2779578456326857 -2.6643110932545793 -0.5995256457027655 -2.8234066320224955 0.087235464407992 -2.9452660099413173 0.7805395474251191 -3.0352121455883125 1.4763949582809792 -3.1079282211015293 2.1730891907275747 -3.174506085395255 
11	0.7	87.003	4	7	10	10	10	10	(154, 102, 227)	8.295918315122737	8.835483569000699	-4.4582180323202225 3.1968077701194253 -3.8257265739225006 2.915434470106207 -3.1970692189045127 2.6295643063331116 -2.5761872491472833 2.3319373230466725 -1.965065535980304 2.0170767085713632 -1.366540336499385 1.6804609929445133 -0.781866687483705 1.3183499855371774 -0.2155243441666824 0.9204491284946709 0.3102238406356743 0.4749674024960248 0.8071074273128223 -0.0037808631440947546 1.289681430762962 -0.49891566643350527 
13	0.7	87.003	4	7	10	10	10	10	(187, 55, 234)	9.82584493754936	10.632648077361477	-1.277247880072277 6.517841202353214 -0.8905497342812481 5.9337259994482165 -0.5027620274520755 5.3496723583459165 -0.11375200848709069 4.765702278698289 0.27448848688484084 4.180448875851189 0.6564189479499122 3.5904254351219156 1.0214950178028945 2.9897689220480057 1.3548213056844811 2.366722446312234 1.6647475739101079 1.7370271326217384 1.9689023669860963 1.104721819748408 2.274594095753196 0.4732839057036811 2.5815583127897828 -0.1590850516350316 2.8832523031337285 -0.7906659225535196 
6	0.7	87.003	5	7	10	10	10	10	(209, 101, 8)	4.8994215581593625	10.530663833308312	-4.972884410968766 -2.6052972384129567 -5.32952481677848 -2.0033714216524214 -5.686827570728905 -1.4020456920922095 -6.0441500404187725 -0.8008399948026091 -6.399475803900115 -0.19850208214482862 -6.750694231564173 0.4088525260580319 
6	0.7	87.003	5	7	10	10	10	10	(83, 138, 132)	4.895727325011191	8.820923655511994	-3.7525522215536795 -3.286004052698918 -3.146022697980812 -3.6330831501060143 -2.540159156271174 -3.9814576137739546 -1.9350053599063868 -4.331419119399107 -1.3302674759721285 -4.682626301578216 -0.725535708674856 -5.034486983445768 
6	0.7	87.003	5	7	10	10	10	10	(72, 191, 14)	4.891766994127176	8.525458003265534	-6.080051251752517 -3.43987314214703 -5.593363346467635 -3.9395414011294516 -5.107801505465421 -4.440732082028592 -4.623578820743676 -4.943815241794917 -4.140239602480047 -5.448478031462559 -3.657053333882384 -5.954105466095972 
6	0.7	87.003	5	7	10	10	10	10	(125, 119, 135)	4.890017160793069	8.018009252001287	-6.878621139272451 -2.30529319452941 -7.195609282691573 -1.684627878245616 -7.512268411475261 -1.0636257144306784 -7.827349063151692 -0.4415218200145604 -8.139200836761853 0.18419226591477056 -8.449851807014829 0.8109806587748314 
6	0.7	87.003	5	7	10	10	10	10	(108, 148, 87)	4.810319555145679	7.273933525079196	-4.0183617863182 1.5129937816610324 -3.411951999533072 1.197696606381031 -2.806273628877852 0.8837062693675652 -2.2005734434145867 0.5720942562544928 -1.5932782546015778 0.26443237850843393 -0.982176714249794 -0.039863980576066896 
6	0.7	87.003	5	7	10	10	10	10	(126, 150, 75)	4.847614427372061	7.8430873032582555	-5.233606418042943 2.0750688401213693 -5.896893374919853 2.2396442320502303 -6.562942048923657 2.40435329078426 -7.232217304543219 2.5689363289832103 -7.90500853866584 2.733516924160281 -8.581429188470432 2.898538397047708 
5	0.7	87.003	5	7	10	10	10	10	(129, 104, 0)	4.08874382624642	8.094883235675919	-2.0460783411732524 4.0173712387648095 -1.5347872868923393 3.5828612984369372 -1.0213005272858067 3.150842803408445 -0.506232971348865 2.718859015150274 0.007481692116023805 2.281811636579702 
6	0.7	87.003	5	7	10	10	10	10	(35, 134, 160)	4.810671699750367	7.8563186801188465	-3.2656585511622547 4.402401846668172 -3.9339369649897784 4.4798471121813765 -4.606980349921119 4.557426249678029 -5.283457988055869 4.633232413785322 -5.965755415661213 4.7098518691615485 -6.654494871017694 4.7876834641283015 
14	0.7	90.000	4	7	10	10	10	10	(187, 55, 234)	10.524669507359027	10.632648077361477	-1.6775645853957382 7.076151650492984 -1.2657344076365071 6.509660819252974 -0.8536254990906585 5.942909123481266 -0.4417344925510758 5.3755211748179486 -0.03173126172050578 4.8062834085781185 0.37294293945313634 4.232800076324531 0.7664948514267023 3.6513298279083886 1.1402032759504523 3.05694085374153 1.4824115188583373 2.443074426940341 1.8057185196609487 1.8185994574522535 2.119738088915408 1.189510349939497 2.430252821087317 0.5590859473833497 2.7383731655563595 -0.07195187332766369 3.039387564507238 -0.7046617150121834 
7	0.7	90.000	5	7	10	10	10	10	(209, 101, 8)	5.5745281297793365	10.530663833308312	-5.2927051030408 -3.3678576589782523 -5.493956952722433 -2.7031952473133476 -5.717416288560141 -2.043570682483371 -5.966606343675743 -1.394331427870675 -6.2367791297701265 -0.7547990533428927 -6.520208615176127 -0.11982593116539504 -6.807020625103697 0.5171642950875311 
7	0.7	90.000	5	7	10	10	10	10	(83, 138, 132)	5.519409146658667	8.820923655511994	-4.08905171459772 -2.983672610807116 -3.5218074974527234 -3.3581250736421593 -2.9502378975049526 -3.7293203396891257 -2.3746937290659336 -4.099084862051461 -1.7951145923817955 -4.468627207448183 -1.2114599245388251 -4.838958585374005 -0.623840285437155 -5.211024000097964 
7	0.7	90.000	5	7	10	10	10	10	(72, 191, 14)	5.58944916428273	8.525458003265534	-7.231719798410088 -4.055735905799072 -6.582753257538281 -4.312506881513085 -5.937929848759737 -4.5782082715239625 -5.297068958027546 -4.854649401331629 -4.661332458285207 -5.143217758793755 -4.029302542111026 -5.441037142843617 -3.398619137323464 -5.743182027685687 
7	0.7	90.000	5	7	10	10	10	10	(125, 119, 135)	5.53419387944372	8.018009252001287	-6.8415748402255305 -2.7906585559459893 -7.116610740652708 -2.164821717925322 -7.396125850482889 -1.5392274809439368 -7.682854656316018 -0.91494705827704 -7.976786075086604 -0.29121497656018597 -8.276214816238218 0.3333875611829463 -8.578924668383475 0.960362352717428 
7	0.7	90.000	5	7	10	10	10	10	(108, 148, 87)	5.3186566149359855	7.273933525079196	-4.257764849370563 1.5530808965479286 -3.6814555475799624 1.2871591323392881 -3.1026655786196424 1.0125157128755387 -2.521693566901396 0.7262637187474108 -1.9383927736213948 0.4269727514683616 -1.3516924527411338 0.11456988341599136 -0.7575540288697528 -0.20652200830223116 
7	0.7	90.000	5	7	10	10	10	10	(126, 150, 75)	5.366422855364137	7.8430873032582555	-5.102986111850258 2.2737417936888913 -5.733981126667642 2.361071824738098 -6.372460449791375 2.4528823011610097 -7.019838307267704 2.5503633223635545 -7.676978985157476 2.6535771221685542 -8.344715436395692 2.7615389628058007 -9.023762231399562 2.872703681881742 
5	0.7	90.000	5	7	10	10	10	10	(129, 104, 0)	4.167403456620763	8.094883235675919	-2.006928097155632 4.242900205902997 -1.4887619454359355 3.779702832311835 -0.9723409430179809 3.3181101181721337 -0.4581498991336596 2.8574957766371236 0.05384079204308198 2.395813554824941 
6	0.7	90.000	5	7	10	10	10	10	(35, 134, 160)	4.898658494364906	7.8563186801188465	-3.295144136632117 4.762041912754786 -3.989279483515771 4.83748258633851 -4.684703676528667 4.908543588024889 -5.384800113473261 4.966419835808651 -6.082937993411785 5.005318078593875 -6.781878165619809 5.037591509551784 
5	0.7	90.000	5	7	10	10	10	10	(71, 225, 251)	4.143052063173345	7.971239448050561	-2.164960020889653 -2.562624529704413 -2.7592943555127776 -2.2268008029679027 -3.360533065275638 -1.9017722162677495 -3.9718034438446557 -1.587642489642086 -4.586011694605082 -1.2739660102283616 
6	0.7	90.000	5	7	10	10	10	10	(164, 20, 193)	4.85128383547607	9.718692047610176	-0.8858257237298321 -2.9227066552779313 -0.21091705856007123 -3.0360880527889824 0.4665162630314425 -3.1504116032284633 1.1470010306904084 -3.265251902895525 1.831036109283324 -3.3793602133000125 2.5181277442950374 -3.4922943146135794 
6	0.7	90.000	5	7	10	10	10	10	(91, 110, 156)	4.793089652871284	10.281421838853312	-2.119615007279485 2.3449411650520235 -2.733308626189455 2.6206378516605646 -3.3493370029397647 2.896163193586702 -3.9706117845076023 3.166813453635773 -4.600751835599935 3.42511464255858 -5.245140319025065 3.662671218100794 
6	0.7	90.000	5	7	10	10	10	10	(8, 134, 81)	4.7923112998826625	8.017904168035109	-1.0621932236255704 1.6153565649162331 -0.5220399020913321 1.2104654558981918 0.009604715596480292 0.7974034274154702 0.5221693069195308 0.3547248492542037 1.0213217128970844 -0.10883254373790133 1.5153054145220206 -0.5841629620840004 
6	0.7	90.000	5	7	10	10	10	10	(176, 179, 185)	4.727734359263324	8.112838947332211	-1.5396253517172378 -1.3803059996056113 -0.9180537929167458 -1.5037641620581845 -0.2784718433610424 -1.6250298215168049 0.378477390957676 -1.7485552685427002 1.0489173525115232 -1.8731797871887144 1.7305651301935745 -1.9961898868209365 
6	0.7	90.000	5	7	10	10	10	10	(45, 156, 32)	4.715902010021914	7.640193954079502	-2.470148284427487 -0.8461682846277808 -3.0356881071365915 -0.5613784865735427 -3.6163782176663855 -0.2688290237189419 -4.2101010245143025 0.03248399147299365 -4.811646908776398 0.3452482934099243 -5.4172490940061815 0.6731642100480106 
8	0.7	93.001	5	7	10	10	10	10	(209, 101, 8)	6.1832365406945105	10.530663833308312	-5.139559250236244 -3.917491698244503 -5.428128044556628 -3.326586945319092 -5.688477759177301 -2.6945750213283395 -5.918344129613958 -2.0592004766296017 -6.146523547704871 -1.4151480108547252 -6.38004769320231 -0.7664940871482828 -6.6231483784561815 -0.11554337561751735 -6.874635751647882 0.5365107215879769 
8	0.7	93.001	5	7	10	10	10	10	(83, 138, 132)	6.15582351756612	8.820923655511994	-4.491429880099131 -2.684969886428399 -3.9909697565204603 -3.0977931178387292 -3.4626593206712424 -3.496679726739064 -2.9048541148660303 -3.876582211244704 -2.324653892867418 -4.239805444921917 -1.728948745567157 -4.591566441393002 -1.1260887668754902 -4.938807511469219 -0.5202126966976438 -5.285706518438774 
8	0.7	93.001	5	7	10	10	10	10	(72, 191, 14)	6.326457591261633	8.525458003265534	-8.003254907071417 -4.072181336700856 -7.363023799962586 -4.362991004945505 -6.7038426462261596 -4.6307883351818 -6.046423360056866 -4.86957612220523 -5.372198585750944 -5.088170962052546 -4.695646485130617 -5.277498701739546 -4.019620005641675 -5.4626177012501875 -3.345061726156833 -5.649984787755562 
8	0.7	93.001	5	7	10	10	10	10	(125, 119, 135)	6.143484182695289	8.018009252001287	-6.782624097581384 -3.346497100416426 -7.050257531839389 -2.758392423475289 -7.305827785976298 -2.1524882821530604 -7.551714066108356 -1.527414474035203 -7.794485624498573 -0.8888307086626707 -8.038780432997832 -0.24250698619935432 -8.286208057943496 0.4076344884786034 -8.535882620122148 1.0597644000241384 
8	0.7	93.001	5	7	10	10	10	10	(108, 148, 87)	5.9003139383884236	7.273933525079196	-4.527127329444257 1.6503892557814368 -3.970798070636819 1.4588511110642075 -3.4204269509363243 1.2352668772293562 -2.858778754533344 0.9617717431029639 -2.2899694932049757 0.6431096280964836 -1.7170841454189796 0.29401272313212057 -1.1411585422016284 -0.07114524634065197 -0.5616177105700026 -0.4426546227928926 
8	0.7	93.001	5	7	10	10	10	10	(126, 150, 75)	6.016917692641648	7.8430873032582555	-4.811934379061642 2.4796471715534496 -5.4413098035104435 2.460400396797411 -6.059511214759641 2.4602339609058435 -6.700498431094844 2.4989348237719584 -7.3593766224028805 2.5784623401714866 -8.029809011693567 2.6870023443951423 -8.707690814628535 2.809715896361089 -9.391149602090085 2.9367846144164775 
6	0.7	93.001	5	7	10	10	10	10	(129, 104, 0)	4.844752383044285	8.094883235675919	-2.379986363901491 4.307966868052302 -1.816575024423389 3.9150870766730193 -1.2573261058865561 3.5158289852386106 -0.7052118610681148 3.105262392292552 -0.15837966657226626 2.684348738389749 0.38556122664864395 2.255544227432516 
7	0.7	93.001	5	7	10	10	10	10	(35, 134, 160)	5.580887090804277	7.8563186801188465	-2.8199062636492993 5.57091487864912 -3.5041693849048317 5.439439824289363 -4.1897699208214805 5.31936612562186 -4.878001757962209 5.215726778411927 -5.569006897652914 5.125554330259144 -6.260211861210941 5.037213390136664 -6.953286062862784 4.951216534862081 
5	0.7	93.001	5	7	10	10	10	10	(71, 225, 251)	4.129889708003919	7.971239448050561	-2.4987851680929336 -2.5018003863254097 -3.05652784748375 -2.125368588106252 -3.6262144080034617 -1.756610895700351 -4.217192700223541 -1.401655525245275 -4.814805611591277 -1.0587577841240159 
7	0.7	93.001	5	7	10	10	10	10	(164, 20, 193)	5.49753082477538	9.718692047610176	-1.4132286461395414 -3.2030989493173525 -0.7393464948990025 -3.231030650753126 -0.0637624325381013 -3.264858023722884 0.6145473841404517 -3.3071862671883396 1.2965394957449863 -3.3577223142742003 1.983081701642868 -3.4140504256140582 2.6748810004226464 -3.4729179122426777 
6	0.7	93.001	5	7	10	10	10	10	(91, 110, 156)	4.880197500929147	10.281421838853312	-2.1205043834130772 2.4431786097054995 -2.7393692760305557 2.7512129663914404 -3.36014601808106 3.0569504796246827 -3.987390714056344 3.350446705941474 -4.646112911213347 3.613633429714875 -5.305054411102213 3.834776995252554 
6	0.7	93.001	5	7	10	10	10	10	(8, 134, 81)	4.871750220100473	8.017904168035109	-1.0333699633801363 1.6134973034073004 -0.4870307371552447 1.1881450426687508 0.0570118805851613 0.7590623268661333 0.5944218519742993 0.31728861903718547 1.1236571592526623 -0.13334125059055024 1.6494025565059933 -0.5889458573606463 
6	0.7	93.001	5	7	10	10	10	10	(176, 179, 185)	4.884606577986288	8.112838947332211	-1.4022604469472109 -1.7008165511351219 -0.711728335531661 -1.7742820708530156 -0.018765189623552413 -1.8394442655012864 0.6756426097879579 -1.900627036250014 1.3711285912650664 -1.960345051418701 2.0676188543104135 -2.019693886956378 
6	0.7	93.001	5	7	10	10	10	10	(45, 156, 32)	4.886509812009336	7.640193954079502	-2.5177553771123815 -0.843191727278228 -3.121574688887418 -0.49057007437059263 -3.7290603270939586 -0.14788868054574408 -4.34244599794594 0.1795079711909652 -4.959590041175182 0.5012951469492086 -5.5726551238376825 0.8360471188072202 
7	0.7	93.001	5	7	10	10	10	10	(232, 63, 92)	5.5700313258083	8.948889815777425	0.05422829699096191 4.338561350257541 -0.30041156884820697 4.933887069586024 -0.6572357210562692 5.528232109978931 -1.0173732047247666 6.121436010619878 -1.3809117875031358 6.713895311898149 -1.7471792964112678 7.306379568528519 -2.1151756816156038 7.899754729407592 
8	0.7	93.001	5	7	10	10	10	10	(35, 162, 211)	6.267218745200161	9.513399671407624	1.2357637947226272 3.647925171186125 1.505873166466506 3.0101023337126063 1.7768604211300392 2.3706642745618307 2.054803879817764 1.734618663414643 2.3435488723407176 1.10279924390093 2.6428365924425568 0.47465488576053644 2.949114902594711 -0.15182292527839278 3.2561744591471355 -0.7788065906093057 
8	0.7	96.002	5	7	10	10	10	10	(209, 101, 8)	6.248434304364416	10.530663833308312	-5.4734342133681935 -3.942681970247349 -5.708385513373112 -3.2953462615111686 -5.93291978387893 -2.644712902836331 -6.158244403851568 -1.9922841413337142 -6.385473424695888 -1.3384075202666394 -6.607861508275118 -0.6813997953791191 -6.8318199531828325 -0.022712829547377543 -7.058095354410555 0.6393591242090214 
8	0.7	96.002	5	7	10	10	10	10	(83, 138, 132)	6.225940349389214	8.820923655511994	-4.483663309495826 -2.9793542531241335 -3.951491667920535 -3.403859824897681 -3.4052605201478188 -3.815927988973073 -2.835516751942143 -4.204163981959361 -2.248324558630876 -4.563578464111448 -1.6484254824018258 -4.907547146054018 -1.0413507628149754 -5.244610872924091 -0.43035334147321136 -5.580379491054659 
8	0.7	96.002	5	7	10	10	10	10	(72, 191, 14)	6.304603260264207	8.525458003265534	-8.14755561774302 -4.5724723732273125 -7.474579386368909 -4.765688035899596 -6.800229598404738 -4.954880316465269 -6.1241077983357295 -5.137729398550847 -5.442659741641583 -5.30917691270662 -4.76061785591957 -5.4687446305919245 -4.077450832107257 -5.622842733474727 -3.3940535534439 -5.775169325933856 
8	0.7	96.002	5	7	10	10	10	10	(125, 119, 135)	6.2762383995401	8.018009252001287	-7.074453341098892 -3.44794241495756 -7.305172667746213 -2.792108756402484 -7.534595954411869 -2.1356514248128593 -7.762075031625656 -1.4779905018426513 -7.987057894513131 -0.8189363556889404 -8.209378522051267 -0.1581968012845899 -8.42881173881551 0.5042781168148527 -8.645656552815169 1.1680699036451998 
8	0.7	96.002	5	7	10	10	10	10	(108, 148, 87)	6.163406392486051	7.273933525079196	-4.418416592110116 1.6183696672773205 -3.80410229801638 1.3547867047731272 -3.1920883243585934 1.0780711263691505 -2.5849859159420343 0.7814519426941846 -1.9852769129045256 0.4607665652092196 -1.394083030303359 0.11518610601269048 -0.8127327775881401 -0.254882082163613 -0.2323840149368165 -0.6346824345356843 
8	0.7	96.002	5	7	10	10	10	10	(126, 150, 75)	6.179121283319624	7.8430873032582555	-5.017476545514045 2.6927126644050507 -5.688480151158387 2.6911535871330003 -6.363008344819278 2.6924586114851747 -7.041285354186334 2.69858027234815 -7.723510751366279 2.7102035041104577 -8.409868780709763 2.7267342711261526 -9.100533089890083 2.7466359710949213 -9.795652606643356 2.768051121276878 
6	0.7	96.002	5	7	10	10	10	10	(129, 104, 0)	4.8746036560210015	8.094883235675919	-2.1009608513633697 4.527544572113654 -1.5807474856724768 4.071929415030462 -1.0664378268462769 3.60828807589717 -0.5639208999888027 3.126932934873214 -0.05598150332432715 2.6493274680890604 0.4550980544543807 2.174583024777056 
8	0.7	96.002	5	7	10	10	10	10	(35, 134, 160)	6.225272961426153	7.8563186801188465	-2.28167679958068 5.865406544641042 -2.9596860199664996 5.781300747275435 -3.6393394616739054 5.700235666765133 -4.321269750621667 5.622254664964976 -5.005535819946962 5.543734262699274 -5.691386209791826 5.4568449136444475 -6.377029046079582 5.349006948062632 -7.064455529483986 5.233510573181052 
6	0.7	96.002	5	7	10	10	10	10	(71, 225, 251)	4.818775484367766	7.971239448050561	-2.370088846407604 -2.964080371808742 -2.8985917939910717 -2.5268006396697795 -3.435806330213781 -2.1056655652414484 -3.9901317739552775 -1.70503472893416 -4.556573101354832 -1.3243492676842745 -5.129411709516056 -0.9509502923314871 
7	0.7	96.002	5	7	10	10	10	10	(164, 20, 193)	5.569508003607199	9.718692047610176	-1.1469040139312643 -3.5614629419841175 -0.4558425471916307 -3.5221340693494607 0.23617921459600158 -3.485642576644834 0.9294336427639708 -3.4532170262682715 1.6240983969687655 -3.4246047266024635 2.3202659715254974 -3.398335902671924 3.0181879691955227 -3.3720718289347347 
7	0.7	96.002	5	7	10	10	10	10	(91, 110, 156)	5.367212475386886	10.281421838853312	-1.8631864475966926 2.656565942201409 -2.4366637506673103 2.9526734738210245 -3.0188712877861237 3.2427759390133617 -3.6143315008731896 3.518719335218072 -4.226542661646543 3.7724748690857277 -4.8618045631056654 3.9978822883721272 -5.5097410135040645 4.198369316912362 
7	0.7	96.002	5	7	10	10	10	10	(8, 134, 81)	5.39287244096643	8.017904168035109	-1.2991054874584373 1.6278654918507474 -0.7345463844245282 1.2970622321561511 -0.1764876844614258 0.9486840913337262 0.3700701782631611 0.575279960717411 0.9035545323275477 0.1727408651349275 1.426456989005388 -0.2505749498533883 1.9456600052076685 -0.6860360453197106 
7	0.7	96.002	5	7	10	10	10	10	(176, 179, 185)	5.394005087738278	8.112838947332211	-1.6024742747047 -2.0477624144377375 -0.9568902829243514 -2.029475638673562 -0.3050244650620743 -2.016149887044512 0.3547294828254148 -2.0088967896554757 1.02313692617302 -2.008387462559394 1.7009778678487495 -2.0113545455865482 2.3910890706921832 -2.0110863903556457 
7	0.7	96.002	5	7	10	10	10	10	(45, 156, 32)	5.414045914259871	7.640193954079502	-2.0851917562766737 -0.9668424486607221 -2.6848118805685477 -0.6949413873252368 -3.2827816553231783 -0.41392548443978694 -3.881277338095551 -0.12417168088451673 -4.483663983140666 0.1698181577966225 -5.09367528440602 0.46435634618422533 -5.70489914018938 0.767583983481457 
8	0.7	96.002	5	7	10	10	10	10	(232, 63, 92)	6.218117804094412	8.948889815777425	0.37534366827477644 3.9750847896042942 0.02731226837552696 4.5627101927357545 -0.3194654442548573 5.151414095775996 -0.6670448827901707 5.741000012778607 -1.0200901925478367 6.3295412119909304 -1.3868347158725263 6.915862097977254 -1.7623061264320634 7.498488912869094 -2.1423979086323706 8.08211494854634 
9	0.7	96.002	5	7	10	10	10	10	(35, 162, 211)	6.981831689073662	9.513399671407624	1.5879288738668695 4.485759258900153 1.724941464586775 3.796467234846485 1.8752083881861787 3.1150473398579543 2.0552278180404433 2.442577417971279 2.2729536588024213 1.7821549906893397 2.528320675122187 1.1350088297695076 2.8139529827039915 0.4994000467498207 3.116378102308297 -0.12987537842000377 3.4172809570909655 -0.760799837147286 
9	0.7	99.004	5	7	10	10	10	10	(209, 101, 8)	6.919368854540556	10.530663833308312	-5.26951889524049 -4.415448816197638 -5.595495984267834 -3.81270739165044 -5.906359802099799 -3.1971827092805003 -6.183084580817041 -2.565953950794919 -6.439105420448234 -1.9276649862110056 -6.679851807566143 -1.2822589365502033 -6.896948574012316 -0.6279643289667232 -7.103357158906295 0.032797544875618506 -7.304033718123811 0.7004369492173885 
9	0.7	99.004	5	7	10	10	10	10	(83, 138, 132)	6.870716638477081	8.820923655511994	-4.808166837901654 -2.691979285841745 -4.317249945198167 -3.1519592221726733 -3.818752411680305 -3.605414500807631 -3.306062903258635 -4.0487232673992954 -2.7713795076580126 -4.475233615861105 -2.219453014834724 -4.877693648751208 -1.6436841665488058 -5.25857498978913 -1.0554257164608865 -5.624125923816868 -0.4600918452699645 -5.9853452004960435 
9	0.7	99.004	5	7	10	10	10	10	(72, 191, 14)	7.009865551473769	8.525458003265534	-8.924864528724575 -4.766958990220155 -8.258867631383676 -4.982911125061592 -7.59067026393077 -5.19184988645438 -6.914355351402029 -5.38189979186374 -6.233344044558179 -5.551924088900169 -5.547567259189934 -5.699399142441517 -4.856172694021483 -5.819068153680482 -4.162691439690132 -5.923826112250304 -3.469051560514276 -6.023227612199945 
9	0.7	99.004	5	7	10	10	10	10	(125, 119, 135)	6.958159756849115	8.018009252001287	-7.020635030600015 -3.9895682910517176 -7.296078817384333 -3.3570927550452225 -7.563088010568355 -2.718399904149281 -7.81538583167384 -2.0719977277128963 -8.051080647590164 -1.4179705571062637 -8.27163841985567 -0.7583253223625133 -8.480491889390496 -0.09420090699056131 -8.681633377524266 0.5732468739716925 -8.879104210921668 1.2428623453167957 
9	0.7	99.004	5	7	10	10	10	10	(108, 148, 87)	6.922335669561374	7.273933525079196	-4.996830305399163 1.6609036252518856 -4.359715344723727 1.4133124100755436 -3.731322520505779 1.14110869388478 -3.113193851641209 0.8419687055060846 -2.498910085170601 0.5282796757475193 -1.880957288680219 0.22164668702450943 -1.2603908940009676 -0.08788501441900287 -0.6435691865717799 -0.42002072977106203 -0.040112148981304906 -0.7620614274843938 
9	0.7	99.004	5	7	10	10	10	10	(126, 150, 75)	6.9568694488772085	7.8430873032582555	-4.395496328214201 2.82666538136925 -5.090153775817541 2.876966938824073 -5.780815889607463 2.893786808450259 -6.472656255129183 2.886633588406356 -7.16519103993462 2.8631893851442487 -7.858473868624496 2.8296375850336655 -8.552772451049833 2.790575783228957 -9.24837225604642 2.7490567500363734 -9.945480322211507 2.70677977930888 
7	0.7	99.004	5	7	10	10	10	10	(129, 104, 0)	5.564889327180872	8.094883235675919	-2.454474577222048 4.898528256445771 -1.881338382983173 4.527707799456039 -1.3235905257223384 4.128041396470641 -0.8000793269633699 3.677599570709548 -0.31539076287344897 3.1664657059478047 0.14698609226823736 2.636022375096905 0.6084717789441839 2.11316224654828 
9	0.7	99.004	5	7	10	10	10	10	(35, 134, 160)	6.739259765960167	7.8563186801188465	-1.9128792786942486 6.15471227238042 -2.5398469037272937 6.151926331524433 -3.1754525551256836 6.116319339700905 -3.8242842220118454 6.0513314554169435 -4.485508636109302 5.9653482805875955 -5.156641018321543 5.8665664311630135 -5.834386868221428 5.757868032755576 -6.517730472358292 5.63348107304023 -7.203093845615072 5.5040838472936455 
7	0.7	99.004	5	7	10	10	10	10	(71, 225, 251)	5.358068428530428	7.971239448050561	-2.304113518354324 -3.2310862746299134 -2.794350637542943 -2.7589449833853874 -3.2693177212865283 -2.304315725083864 -3.764245418251932 -1.893480101345119 -4.307585769868338 -1.5332157975846301 -4.884849128026706 -1.2169200506410918 -5.477054647100954 -0.9109596434311028 
8	0.7	99.004	5	7	10	10	10	10	(164, 20, 193)	6.078549894588775	9.718692047610176	-1.3293531956753892 -3.916086577712144 -0.692866445659602 -3.7917004473018294 -0.048541137763590925 -3.6790691849674473 0.6049627745859769 -3.585789610730634 1.267935263251684 -3.513498714947143 1.9400923097490397 -3.4583672625118407 2.621256837122695 -3.4125416071176002 3.31160774380501 -3.3681119638920216 
8	0.7	99.004	5	7	10	10	10	10	(91, 110, 156)	6.0889203258684645	10.281421838853312	-1.4638544082265528 2.6869313504599486 -2.0334210267843638 3.018001965237136 -2.6044437843027963 3.3459334142017543 -3.1895632121849955 3.6573604308606593 -3.797429138247957 3.932037083354099 -4.438350663704527 4.14965039983628 -5.096417377044983 4.315785559906341 -5.767736725815387 4.457835514305589 
8	0.7	99.004	5	7	10	10	10	10	(8, 134, 81)	6.174136447510319	8.017904168035109	-1.9828270787208424 1.6463588880069648 -1.3335207805173936 1.3957727638848072 -0.7069677759490156 1.131296571469276 -0.09929185521644986 0.8309307067951416 0.48596584429092615 0.4895906914675704 1.0493145722558135 0.10928815847351231 1.5954058595872187 -0.2972867961307116 2.1330036903702525 -0.717212292298376 
8	0.7	99.004	5	7	10	10	10	10	(176, 179, 185)	6.089189137212941	8.112838947332211	-1.9394832596324882 -2.227093050222338 -1.300207007455483 -2.2316057870765595 -0.6516435657788701 -2.202513013737805 0.006367948666467584 -2.161934588479911 0.6782599332450314 -2.125375213945812 1.3604457912963837 -2.0965233228225983 2.049752399423269 -2.071168368888462 2.745129899454431 -2.0425673417091836 
8	0.7	99.004	5	7	10	10	10	10	(45, 156, 32)	6.110095115522347	7.640193954079502	-1.597042118156621 -1.2358326502235544 -2.211369615037547 -1.0295702495975598 -2.809886059720508 -0.791168957728572 -3.4108841701551125 -0.506998943964159 -4.01713568283359 -0.20149802536297357 -4.63454417951714 0.09827938489239774 -5.266620497054674 0.3838018576567026 -5.90188931153695 0.6637960444507481 
9	0.7	99.004	5	7	10	10	10	10	(232, 63, 92)	6.890183445457289	8.948889815777425	0.8755280623109256 3.639053617677035 0.5179865407589529 4.211517611377321 0.16858219146595477 4.784689458019705 -0.16716595479927024 5.370696677684066 -0.49332297787167434 5.969680621330142 -0.8290106532759359 6.571625861313309 -1.213208500357137 7.1629282195001425 -1.6278297313814973 7.720145190125145 -2.056332336641432 8.270671054839207 
10	0.7	99.004	5	7	10	10	10	10	(35, 162, 211)	7.688686931798017	9.513399671407624	1.664013620723821 5.271293797294436 1.8592262844328318 4.598872044555108 2.044912554296162 3.9207738491392896 2.206599991221976 3.237934944601787 2.36995059118447 2.558605865029204 2.5539369271157732 1.8865574200509185 2.767173092243883 1.2242899438077814 3.0081493417671714 0.5715262790653182 3.266378476309961 -0.07531025678419562 3.5255919832754796 -0.7257608841987759 
10	0.7	100.004	5	7	10	10	10	10	(209, 101, 8)	7.512676234213341	10.530663833308312	-4.899299466418361 -4.813743563468978 -5.305200226411302 -4.306039952534251 -5.687953090273563 -3.776226805090883 -6.037201723279095 -3.208382540437156 -6.332649231676073 -2.5887440414822973 -6.568532032358031 -1.9463518569003402 -6.7793924238642145 -1.2921306491992832 -6.976464008834041 -0.6296594858933771 -7.171897731953271 0.035830267820063155 -7.364152211229252 0.708378250088677 
10	0.7	100.004	5	7	10	10	10	10	(83, 138, 132)	7.526013937395588	8.820923655511994	-5.219016721134525 -2.3150185525012237 -4.788773823242722 -2.8080427220385293 -4.354450777226556 -3.298048250099658 -3.8977858588317686 -3.781751131801351 -3.410274529266947 -4.2473014945026275 -2.88363023695363 -4.680093134173226 -2.2957372741923603 -5.075406516440598 -1.68244115916911 -5.411366272194172 -1.0658730228456714 -5.726588340079278 -0.4464387985834062 -6.0432861100062985 
10	0.7	100.004	5	7	10	10	10	10	(72, 191, 14)	7.757619299170614	8.525458003265534	-9.611820616887233 -4.605829315891347 -8.960563001287213 -4.861352309636204 -8.309500880639023 -5.118472662830045 -7.654840686604141 -5.370677455619549 -6.976271496412113 -5.598261781594274 -6.288952491194684 -5.7741301053554555 -5.595954865572802 -5.914642779745298 -4.888194337657356 -6.014996596113509 -4.184097163117525 -6.069796084388694 -3.4821240035793135 -6.1100641936153535 
10	0.7	100.004	5	7	10	10	10	10	(125, 119, 135)	7.5353386063305905	8.018009252001287	-6.759939255987223 -4.45801841602028 -7.102159959627013 -3.90525330311203 -7.416482689986983 -3.326541776785507 -7.691723405436476 -2.7144460441761193 -7.930681205260604 -2.0758092890398445 -8.14540567519443 -1.4210652123976992 -8.347574796570921 -0.7579584106315619 -8.544775843985152 -0.09073103302962483 -8.74019607075926 0.5785722740304842 -8.93484637850861 1.249230736023013 
10	0.7	100.004	5	7	10	10	10	10	(126, 150, 75)	7.6540097643144005	7.8430873032582555	-3.7562251887786693 2.6493635073455977 -4.4261906947300185 2.8157500318228847 -5.102872316511963 2.944236323103814 -5.79555443924103 2.9996485250113163 -6.489480396545664 2.9810897945247157 -7.183569102474419 2.927587480860543 -7.877237113510311 2.865662524453894 -8.571672127698875 2.8082550137216113 -9.267519569986042 2.757817664984876 -9.964761520070324 2.7111775383868433 
7	0.7	100.004	5	7	10	10	10	10	(129, 104, 0)	5.553890013033984	8.094883235675919	-2.362719580303282 4.89304466413725 -1.7894261010338446 4.520707971089128 -1.2339507684499817 4.1190544762648225 -0.7157520754452428 3.664512870958741 -0.2423526154236793 3.152742939246226 0.20958969172704936 2.616518194162791 0.6569399293154902 2.0819007247146404 
9	0.7	100.004	5	7	10	10	10	10	(35, 134, 160)	6.812001307760731	7.8563186801188465	-1.9313106880465953 6.183988885683321 -2.5981293893544044 6.163862237947821 -3.2621530466965902 6.125988160999472 -3.928063735439063 6.073307117573555 -4.5964869776698185 6.007004062721488 -5.267853365930468 5.926844690001354 -5.942182462207139 5.830984829934081 -6.620876201775426 5.71485604356444 -7.303975790011139 5.59075775928058 
7	0.7	100.004	5	7	10	10	10	10	(71, 225, 251)	5.332369604125544	7.971239448050561	-2.5090227966630967 -3.292490779381243 -2.921964329505897 -2.8198278834773354 -3.351992281104302 -2.35094617594229 -3.8240545623074294 -1.9026234451890256 -4.34928982684308 -1.5005605534552195 -4.933867481855732 -1.1541339747380621 -5.537255465137253 -0.8482098339000603 
9	0.7	100.004	5	7	10	10	10	10	(164, 20, 193)	6.739074319825663	9.718692047610176	-1.863596831621772 -4.069453948401399 -1.266456861108016 -3.9688779687605495 -0.6329775507439689 -3.859416499808484 0.022203817904928234 -3.747056769218801 0.6889951244306788 -3.6406640549865106 1.3631699152638612 -3.546195396137708 2.0434119297195945 -3.464103493150765 2.7291532186653 -3.3903178608763476 3.4205130017152885 -3.31882647367183 
8	0.7	100.004	5	7	10	10	10	10	(91, 110, 156)	6.135241110461946	10.281421838853312	-1.505217105081263 2.7664485539673147 -2.0732016051357025 3.114968672060543 -2.644927666984534 3.4595164403410106 -3.2375511945431894 3.776117960816421 -3.8618100395630095 4.03148911978938 -4.512758249036097 4.22708110430829 -5.180157288874766 4.382096839910785 -5.856883899258977 4.517318164345736 
8	0.7	100.004	5	7	10	10	10	10	(8, 134, 81)	6.232337581455782	8.017904168035109	-2.0037531730881666 1.6958493034727216 -1.34721944524957 1.4472785049064312 -0.7112471553497838 1.1793137432486773 -0.09405205550083288 0.8738949759915483 0.5003568915095953 0.5277871551199463 1.0720112386119744 0.1432629054993541 1.6217779107976378 -0.26910151568187585 2.1616211642424035 -0.6949095577831573 
8	0.7	100.004	5	7	10	10	10	10	(176, 179, 185)	6.026635344168017	8.112838947332211	-1.705009488130864 -2.428816826071559 -1.0659996554049789 -2.371509803086583 -0.42905446638705175 -2.3084141654037458 0.21694029563338452 -2.245429321669998 0.8727766340663363 -2.1853036244193857 1.5388897783855182 -2.1278729636811717 2.215447904877057 -2.070956053192895 2.902675063812742 -2.0111883204483547 
8	0.7	100.004	5	7	10	10	10	10	(45, 156, 32)	6.081952248420686	7.640193954079502	-1.6826622246814935 -1.2264712938202884 -2.2967043371514033 -0.9824010487314798 -2.900239480449882 -0.7160504817292161 -3.4948073031160094 -0.42582812985040397 -4.09357483339058 -0.13290764381352188 -4.708786698638148 0.1400818380547413 -5.34592013179305 0.3825695925316248 -5.987531529838149 0.6032841388263644 
9	0.7	100.004	5	7	10	10	10	10	(232, 63, 92)	6.919036383094491	8.948889815777425	0.929308559730503 3.697117454602017 0.5943159370579432 4.290204945483359 0.2618161357839847 4.887092803426949 -0.06935114878289378 5.487425347298116 -0.4049841124009543 6.088123646722447 -0.7551910919485699 6.683092866473808 -1.1365199680802667 7.267002187852602 -1.5367318530384777 7.835655242457156 -1.945315261698961 8.401275575663075 
10	0.7	100.004	5	7	10	10	10	10	(35, 162, 211)	7.685461315572741	9.513399671407624	1.7690323948379125 5.303731710630667 1.9596465649439514 4.630402668126422 2.1438233640070368 3.9544938884882592 2.309549665545012 3.27587805645229 2.477362060669078 2.598389306070267 2.6602421004194046 1.9255498948509682 2.8638419955799495 1.2590818663366259 3.0867602005410526 0.5987691356845881 3.321337516442704 -0.05777141593096539 3.5557948452382377 -0.7177205285103238 
5	0.7	100.004	6	7	10	10	10	10	(12, 154, 68)	4.013490516284373	7.908013282578942	-3.211108190000257 1.0502447579752134 -3.81738671233251 1.2426972961982081 -4.433136716821012 1.434678741385512 -5.0640405172212795 1.6164898361714113 -5.717331414333001 1.7895986694450767 
5	0.7	100.004	6	7	10	10	10	10	(83, 79, 43)	4.03586080740266	7.854527823093193	-2.2630418053386894 0.42843957937359944 -1.680959416335608 0.16306733033376533 -1.097240173543194 -0.12351963955123436 -0.514088638332012 -0.4425482279149788 0.07682714995964014 -0.7813439759773114 
