N disks	Disks radius	time	Gen	Method	ks	kt_bot	kt_par	kc	color	current length	div_length	X
6	0.7	3.001	1	7	10	10	10	10	(0, 128, 0)	4.900000233093314	7.358621041425929	-2.200000116546657 1.4287546703519706e-16 -1.5000000874099901 -2.857509197987497e-17 -0.8000000291366638 -1.1430037505532248e-16 -0.09999997086333844 -1.143003750553224e-16 0.6000000874099888 -2.8575091979874795e-17 1.3000001165466568 1.4287546703519736e-16 
7	0.7	6.002	1	7	10	10	10	10	(0, 128, 0)	5.5999998319008615	7.358621041425929	-2.899991028640948 0.003914677476334054 -2.1999916552173007 0.0029903293539390507 -1.4999922807323038 0.0020724203118814397 -0.7999929092202949 0.001167897998907536 -0.09999351686263504 0.0002796536120371401 0.6000059127538792 -0.0005952040972684489 1.3000053577996997 -0.00146362274463562 
7	0.7	9.003	1	7	10	10	10	10	(0, 128, 0)	5.600000291358276	7.358621041425929	-2.899991298188235 0.003884315218311258 -2.1999918429838194 0.0029879315408952415 -1.4999923586433637 0.0020915478799729084 -0.799992874303135 0.0011951643309078559 -0.0999933899627323 0.00029878091785811775 0.6000060943781844 -0.000597602383335289 1.3000055495831986 -0.001493985593414948 
8	0.7	12.000	1	7	10	10	10	10	(0, 128, 0)	6.300000334043313	7.358621041425929	-3.5999807130394115 0.007918676350942788 -2.899982351038575 0.00639148046745279 -2.1999839593960537 0.004864977684348004 -1.49998556506595 0.003340017476485961 -0.7999871664075797 0.0018171544857320601 -0.09998876295238805 0.00029638871106694824 0.6000096445270324 -0.0012228344912633279 1.3000080253807462 -0.0027413644707973573 
9	0.7	15.001	1	7	10	10	10	10	(0, 128, 0)	7.000000077942099	7.358621041425929	-4.299968323363925 0.01221358172182726 -3.5999714090693615 0.010131873609585751 -2.899974451112101 0.00806096088398393 -2.199977432661559 0.006015230218050811 -1.499980315171275 0.004006288171641802 -0.7999830806878523 0.0020385332942366393 -0.09998573624654183 0.00010756699268947053 0.6000116907612207 -0.0017982173283929708 1.3000091354346583 -0.003693206198796097 
5	0.7	18.003	2	7	10	10	10	10	(96, 13, 209)	4.188157788421579	8.750209656865131	-2.5392238576312214 0.10394120130806743 -3.2332314701758027 0.05751474524452261 -3.928100694444081 0.01116171908659253 -4.624045762251012 -0.03512843486018407 -5.321212478020046 -0.08143114499382301 
5	0.7	18.003	2	7	10	10	10	10	(23, 108, 252)	4.188176978041126	7.250651918128795	-1.159502633867728 0.11079547104899899 -0.466139827942679 0.05547698215967307 0.22808776870160835 0.00026867290947026767 0.923394046404058 -0.05484145090987692 1.6199217312571212 -0.10995454673155323 
5	0.7	21.004	2	7	10	10	10	10	(96, 13, 209)	4.199851715689007	8.750209656865131	-2.5491247684930585 0.10625457904180675 -3.2474510196762325 0.05868834794556389 -3.9457881016955327 0.011123050269730324 -4.644138672558683 -0.036441453766259145 -5.342504530262557 -0.08400612720289642 
5	0.7	21.004	2	7	10	10	10	10	(23, 108, 252)	4.199851987419052	7.250651918128795	-1.1494995347883203 0.11410772696708522 -0.4518665082663366 0.05727109781896779 0.24577739401634546 0.0004359108766574798 0.9434348243867948 -0.05639799246621463 1.6411075377747633 -0.11323192626776585 
6	0.7	24.001	2	7	10	10	10	10	(96, 13, 209)	4.899758208197225	8.750209656865131	-2.08315237417816 -0.4582288560545021 -2.7721870830585766 -0.3351283743226074 -3.461236869274075 -0.21214541900255054 -4.150319061935292 -0.08932186364321348 -4.839437900124204 0.03337062329312263 -5.528587940357911 0.1560027512117348 
6	0.7	24.001	2	7	10	10	10	10	(23, 108, 252)	4.899943964895794	7.250651918128795	-1.5336155577706718 0.8285110221004542 -0.878309494710265 0.5824274633538039 -0.22296262355115928 0.33645820983689906 0.4324432645989038 0.09064491300833614 1.0879006396042266 -0.15503933675522258 1.743385851530956 -0.4006629572346942 
7	0.7	27.002	2	7	10	10	10	10	(96, 13, 209)	5.592962733391866	8.750209656865131	-1.4115937377452876 -0.6338409041653813 -2.0936536537137296 -0.48669819355277394 -2.7773480858848307 -0.34555258595722826 -3.4631195981040994 -0.21213667261578234 -4.150653308051537 -0.08528408933826566 -4.839323091052649 0.037510594978551505 -5.5285407271915075 0.15875562632369794 
7	0.7	27.002	2	7	10	10	10	10	(23, 108, 252)	5.599635779270768	7.250651918128795	-2.1842497562384082 1.0848967701689587 -1.5260120899939786 0.8462232637457652 -0.8687169872558523 0.6046437050566688 -0.21495978760588771 0.35535519153821893 0.4375173928101901 0.10250600046156991 1.0897001850167696 -0.15131385193791333 1.74196462926444 -0.40514993736110444 
7	0.7	30.003	2	7	10	10	10	10	(96, 13, 209)	5.59991390438957	8.750209656865131	-1.41752735223179 -0.6697134299773155 -2.102585813233106 -0.5259475208613081 -2.787656650573921 -0.38224165908667074 -3.472747920094917 -0.2386265005881494 -4.157861098374026 -0.09510176691911455 -4.842992151207571 0.04835791847144497 -5.528134241657349 0.19178945782896614 
7	0.7	30.003	2	7	10	10	10	10	(23, 108, 252)	5.599994179214416	7.250651918128795	-2.169838821810687 1.1209047104293617 -1.516981324754766 0.8683626478663411 -0.8641352148018571 0.6157904161530307 -0.2113218315663049 0.3631419037250955 0.44147184477365214 0.11044133952718034 1.0942545939663326 -0.14228908037917318 1.7470336199032577 -0.3950310197217771 
8	0.7	33.004	2	7	10	10	10	10	(96, 13, 209)	6.298685289357715	8.750209656865131	-0.7549970135789561 -0.8910291413167372 -1.4355961995981503 -0.7284493163213834 -2.1164375144620937 -0.5668971466269598 -2.797683485527541 -0.4070055397583178 -3.4793885883559916 -0.2489583775404223 -4.161507311322577 -0.09251814818386782 -4.843924259630288 0.06285103599712595 -5.526501799738825 0.21777686230626087 
8	0.7	33.004	2	7	10	10	10	10	(23, 108, 252)	6.300048578998451	7.250651918128795	-2.8174493596774406 1.3842378579124563 -2.162859414089626 1.1361937283133126 -1.5083710395754881 0.8878559831597507 -0.8541613426659709 0.638763923479282 -0.20043489415830462 0.3883909520258697 0.452548600097483 0.1362307331176548 1.1051282605321968 -0.11699211471179902 1.757555000644647 -0.3706266694490763 
9	0.7	36.001	2	7	10	10	10	10	(96, 13, 209)	6.997541858056515	8.750209656865131	-0.09299464105439631 -1.1150951168808183 -0.7695965500860905 -0.9370711721292282 -1.4466211635286002 -0.7607946431584622 -2.12440951498269 -0.5875095659509229 -2.803126042711444 -0.41780623682414947 -3.482755484809409 -0.2515868027625894 -4.163137702325492 -0.0881712828273136 -4.844029361455554 0.07347277995618637 -5.5251812936899 0.23441079897705322 
9	0.7	36.001	2	7	10	10	10	10	(23, 108, 252)	7.000424605398148	7.250651918128795	-3.4708129374349683 1.6335125388184244 -2.814956913340221 1.3887935946039034 -2.159095181726696 1.1440234052234373 -1.5032730914067418 0.8990883743580692 -0.8475726507627477 0.6537807640778418 -0.19211874517881117 0.4077830213333297 0.46291429892942104 0.16065252235122218 1.1171956756000072 -0.08817786667615195 1.7712291971030507 -0.3376598308470593 
10	0.7	39.002	2	7	10	10	10	10	(96, 13, 209)	7.699273462843136	8.750209656865131	0.5802837022416921 -1.3073610849052724 -0.09674105042509712 -1.1292390127781229 -0.7738779893431671 -0.9519325446605208 -1.4512838475457412 -0.7759173866702261 -2.1290565975418425 -0.601464031837959 -2.807240021300946 -0.42865792823085075 -3.485821361120469 -0.25738433653616904 -4.16473438367513 -0.08733303242319915 -4.8438756273088215 0.08194252572626004 -5.523134620268393 0.2509066829884143 
5	0.7	39.002	3	7	10	10	10	10	(83, 39, 227)	4.157928181657149	7.317884214520097	-1.8076815709410743 0.978528117445879 -2.4424670454468105 1.2338445616655986 -3.080131344166861 1.4901859079927962 -3.7213731321666277 1.7478277443017507 -4.366658823996135 2.007023638933196 
5	0.7	39.002	3	7	10	10	10	10	(194, 218, 239)	4.157973800662804	7.03723900950969	-0.5672993490498918 0.503541543170575 0.08326193423879208 0.29172869629693654 0.7364890621257887 0.07843081336687152 1.3931896988454116 -0.13714289503580407 2.0538214025629733 -0.3544412428889768 
11	0.7	42.003	2	7	10	10	10	10	(96, 13, 209)	8.400768586972232	8.750209656865131	1.252649158301584 -1.5087004126878556 0.5768256769527245 -1.3259751796460069 -0.09920072634921519 -1.1439523511662515 -0.7755891040321303 -0.9632625983841265 -1.4524403200973945 -0.7843247004711782 -2.1297817296517843 -0.6072817990188288 -2.8075719963984413 -0.4320106493501846 -3.485720219732341 -0.25818692234962726 -4.164111332021637 -0.08537977246051363 -4.842630996480688 0.08684986687137401 -5.521186523865052 0.25886304085723566 
5	0.7	42.003	3	7	10	10	10	10	(83, 39, 227)	4.199166253074171	7.317884214520097	-1.8433949954816315 0.9893613292040678 -2.4921770154842258 1.2513529045942884 -3.1410194918734953 1.5133652764007621 -3.7899342974464796 1.7754031623429312 -4.438929024506485 2.0374714457243415 
5	0.7	42.003	3	7	10	10	10	10	(194, 218, 239)	4.199058994917399	7.03723900950969	-0.5354913522639941 0.49435119662897115 0.13270381503450784 0.28688252537983455 0.8009363442150339 0.07938838592768037 1.4692010214162785 -0.12819861643179112 2.1375428295956667 -0.3360819419968126 
6	0.7	45.000	3	7	10	10	10	10	(83, 39, 227)	4.89420831458642	7.317884214520097	-1.2104555874337628 1.5511810001997473 -1.9078726095209282 1.5939647402738828 -2.604846804469787 1.640659973522821 -3.301517191132357 1.6926084182189702 -3.998171484648469 1.7488694602602373 -4.6951516357760665 1.807198826222178 
6	0.7	45.000	3	7	10	10	10	10	(194, 218, 239)	4.882014414392321	7.03723900950969	-1.1012869407679937 0.18130348126801152 -0.4100978525725651 0.11307726329307602 0.2816297501722281 0.04306603406543928 0.974059093765037 -0.029379935284361298 1.6674222837041894 -0.10388525972984908 2.3619642406604373 -0.17945542688703497 
6	0.7	45.000	3	7	10	10	10	10	(26, 6, 114)	4.868883004205897	9.182996308230132	-1.2738558562319755 -1.2043148200732068 -0.5880011602153037 -1.2886851166937316 0.09821737940002288 -1.3767413844907674 0.7852309243816049 -1.4697071587532722 1.4736430392018582 -1.56675486308003 2.1640773571886722 -1.6659184156091962 
6	0.7	45.000	3	7	10	10	10	10	(130, 26, 34)	4.857530131010746	7.798693855214482	-2.3569597048002806 -0.3860845017766471 -3.034022614747242 -0.2691846675705606 -3.7125882774619274 -0.15093894244306835 -4.393144087292284 -0.030888358915316345 -5.0761727006898285 0.09079350907385843 -5.762085707765578 0.2135561918231677 
6	0.7	48.001	3	7	10	10	10	10	(83, 39, 227)	4.8999651322624835	7.317884214520097	-1.2070796264916859 1.5772213677270952 -1.9057907993998253 1.619505128242419 -2.604500830480226 1.6618302759282872 -3.303209557204015 1.7042072852533046 -4.001918078666129 1.7466246386938376 -4.700627970768818 1.7890604886760566 
6	0.7	48.001	3	7	10	10	10	10	(194, 218, 239)	4.899260530995575	7.03723900950969	-1.0919680347534033 0.18238220484440185 -0.39593401790802113 0.11010295373791056 0.3001307082343249 0.0378464791730171 0.996237285368048 -0.034381793297482005 1.6923933695241742 -0.10658990627120835 2.388603380577494 -0.17879206796293087 
6	0.7	48.001	3	7	10	10	10	10	(26, 6, 114)	4.899376244365804	9.182996308230132	-1.2726472798449857 -1.243470447602422 -0.5775220342583509 -1.3243414142144017 0.11761774325135364 -1.4052785053578 0.8127797338188324 -1.486299246010242 1.5079737614258877 -1.5673869130636209 2.2032091951121444 -1.6485083122018986 
6	0.7	48.001	3	7	10	10	10	10	(130, 26, 34)	4.898690422245244	7.798693855214482	-2.373003384343317 -0.3795583190048527 -3.062264858649695 -0.25969036890980096 -3.7515766587341566 -0.13983071996626945 -4.440958636805835 -0.019979951383621172 -5.130425410356294 0.09986935474399732 -5.819986260706192 0.21972767946424884 
7	0.7	51.002	3	7	10	10	10	10	(83, 39, 227)	5.599810372254128	7.317884214520097	-0.5192839067648669 2.0506406734561162 -1.2180550355508561 2.0050664552277815 -1.9172470063564233 1.9570855002525607 -2.614674318959681 1.90383100237526 -3.3120494647410257 1.8478269602420134 -4.009470408552815 1.7906819003953545 -4.706990588171421 1.7332298629792768 
7	0.7	51.002	3	7	10	10	10	10	(194, 218, 239)	5.584815353916719	7.03723900950969	-1.523016256107663 0.6437196665134531 -0.844088442421556 0.4910646994023074 -0.16384114604907696 0.3421899412825188 0.5183690740995152 0.1996341331776459 1.202790374226828 0.06427108136704028 1.8892858333603848 -0.06481338165517321 2.577395993982477 -0.19019047002222195 
7	0.7	51.002	3	7	10	10	10	10	(26, 6, 114)	5.598436542748114	9.182996308230132	-1.9408915130623827 -2.0093474595201726 -1.2473518827746917 -1.9075368557574448 -0.5534591817409559 -1.812265817193295 0.14120839825641324 -1.7271133505120844 0.8366604471185456 -1.652714304007857 1.5326239731635176 -1.5870689544352972 2.228693772923106 -1.5262543388196557 
7	0.7	51.002	3	7	10	10	10	10	(130, 26, 34)	5.589222752802572	7.798693855214482	-1.921711711480949 -0.646447189110185 -2.5988102326469344 -0.4797696626468693 -3.276630676456712 -0.31512572126858557 -3.9554987218377793 -0.15341450457204064 -4.635476975727239 0.005497725869167737 -5.316436100172098 0.1624866636548085 -5.998159809763687 0.3187187640108592 
8	0.7	54.003	3	7	10	10	10	10	(83, 39, 227)	6.304202775714657	7.317884214520097	0.16728833715262692 2.1952968423840713 -0.532229816693574 2.166062165087584 -1.2316890249857035 2.1334771432290625 -1.9306252128095884 2.0915268554056166 -2.6307797881257122 2.03192885481555 -3.3270800027957694 1.9560268779149441 -4.0222929347360665 1.8713026335125036 -4.7169535994559295 1.7834474114886931 
8	0.7	54.003	3	7	10	10	10	10	(194, 218, 239)	6.2671069943994	7.03723900950969	-2.151506636200754 0.7537057817402766 -1.4660137861221112 0.6454913390908649 -0.7823263213368145 0.5292502439384947 -0.10062722848516636 0.40222270908075636 0.580595261538231 0.2666624255574316 1.2618972505127608 0.12514682451401596 1.9438387592754225 -0.019860253997967314 2.626888058438516 -0.16635125066742845 
8	0.7	54.003	3	7	10	10	10	10	(26, 6, 114)	6.303417342308888	9.182996308230132	-2.627041336276645 -2.2753150379142815 -1.9330732159902813 -2.1849345044664026 -1.2399046588575933 -2.090162923206024 -0.5468997981703585 -1.982882266862361 0.14485452142894478 -1.868985720473177 0.8358529287534437 -1.7520727807737744 1.5264065624979126 -1.6341518598147053 2.2166572234888426 -1.5160877901932155 
8	0.7	54.003	3	7	10	10	10	10	(130, 26, 34)	6.275322393023341	7.798693855214482	-1.2816277542412624 -0.756174578904249 -1.9675917603201158 -0.6368216556866162 -2.6509423914848633 -0.5062317738138387 -3.3296051463859935 -0.35852615373108315 -4.006351393521973 -0.19783553184851838 -4.682085445657167 -0.028489929755007973 -5.3577257285155 0.14569983754334417 -6.034028884583221 0.3218189492014638 
9	0.7	57.000	3	7	10	10	10	10	(83, 39, 227)	7.005828353299631	7.317884214520097	0.8615434826608174 2.3239120906322026 0.16236049433492725 2.289663120584917 -0.536899959451424 2.2560744802502146 -1.2362567052199755 2.222654955353871 -1.935566223936914 2.1862379290316794 -2.634289224615875 2.1400570015720772 -3.3352110547583247 2.073122179859998 -4.030874714120432 1.9899143843608094 -4.725541165620749 1.9008853247187478 
9	0.7	57.000	3	7	10	10	10	10	(194, 218, 239)	6.971008260451757	7.03723900950969	-2.8087924512124145 0.826361677105158 -2.1206398631815464 0.7467287372373534 -1.4325359685910095 0.6589362659104997 -0.7452016077561958 0.5572453504890446 -0.05819840664478264 0.43721739899996453 0.6251019326376087 0.3009117002289289 1.3074110418389555 0.1550107369793116 1.9895916143780554 0.0046250192093651365 2.6722125278078184 -0.14718872558766183 
9	0.7	57.000	3	7	10	10	10	10	(26, 6, 114)	7.004063346084134	9.182996308230132	-3.3057861362463954 -2.4923874383036737 -2.6110435273918737 -2.4066861614670563 -1.916583487830489 -2.318889963988572 -1.2231065068209621 -2.2244688343417547 -0.5319565921239375 -2.1162491926397298 0.15709704028725696 -1.9839537848872157 0.8431587057754298 -1.8379103071918208 1.527375799723752 -1.685328218942361 2.2106309786310465 -1.5307435968340588 
9	0.7	57.000	3	7	10	10	10	10	(130, 26, 34)	6.973216301422486	7.798693855214482	-0.6257177785888807 -0.8112236330747461 -1.3155317284449113 -0.7298763991045252 -2.004421111217543 -0.6393563724753178 -2.6914210631419997 -0.5315146282111015 -3.3769152365801935 -0.39918335478719474 -4.055540113382436 -0.243889252103611 -4.731880681583361 -0.0750913724484018 -5.407569620932585 0.10001980689235242 -6.083732110408047 0.2771735288025541 
10	0.7	60.001	3	7	10	10	10	10	(26, 6, 114)	7.705858940731174	9.182996308230132	-3.9921256203982125 -2.664096722261846 -3.29750689857435 -2.5765859562832962 -2.6026574689554125 -2.4898997448628433 -1.907574123092987 -2.403881039644282 -1.212614572627271 -2.315868204171208 -0.5187539108604547 -2.2199315930292127 0.17214035338874734 -2.1071075377028237 0.8596392170662643 -1.9658903099575038 1.5433456930629244 -1.809005368773003 2.225003422992673 -1.6464061715787692 
10	0.7	60.001	3	7	10	10	10	10	(130, 26, 34)	7.668608524303311	7.798693855214482	0.04651135226555732 -0.8145798487554772 -0.645858287259418 -0.7674592963589719 -1.336682903074391 -0.7098943414952592 -2.026490935594592 -0.6373376569527064 -2.7155553556967567 -0.5478721656719174 -3.4034602006168613 -0.43905275194337856 -4.090923905676429 -0.30480448942460137 -4.771238439965142 -0.1490155967117049 -5.450311548401027 0.015621094651846985 -6.1295201378213 0.18237589063357054 
5	0.7	60.001	4	7	10	10	10	10	(255, 106, 141)	4.053862347449276	8.881006141509033	-1.0166830309435324 2.3164725969333197 -0.37260543562953885 2.323441416991835 0.28307565854490735 2.3304195786817985 0.9525542641589905 2.3374962345559 1.6370288022480757 2.344735560661221 
5	0.7	60.001	4	7	10	10	10	10	(33, 153, 191)	4.0585659660093985	7.190862720817974	-2.159918139568218 2.317263998471551 -2.802396963653536 2.2682829831170137 -3.4562028580759985 2.215556364486309 -4.126208802648329 2.1491726575740397 -4.807131944917916 2.074478670447742 
5	0.7	60.001	4	7	10	10	10	10	(35, 232, 174)	4.0344203795642795	7.037410383801857	-0.9362709263580248 0.6488165775067984 -1.5746829937795968 0.7144672301688043 -2.22292337158274 0.7801297699561056 -2.88317807708055 0.8452042210637322 -3.5577793324498845 0.9092042301730705 
5	0.7	60.001	4	7	10	10	10	10	(207, 157, 176)	4.0576330309358735	7.6661956227163754	0.2006483206544982 0.5574880526311153 0.8199122609515086 0.3752141245622727 1.451913932179935 0.1963228000239512 2.098825495157117 0.02072141853427498 2.7608324481805173 -0.15506376478011594 
11	0.7	63.003	3	7	10	10	10	10	(26, 6, 114)	8.400689415073296	9.182996308230132	-4.683077415527045 -2.7816937550819762 -3.9888459766683235 -2.692372567378343 -3.2946330049744863 -2.6032896333059496 -2.600402101785921 -2.514775002163892 -1.9061356713735338 -2.4270379310971197 -1.2118817876727654 -2.3397891346663475 -0.5178253885533249 -2.2516995542902487 0.17560175150007282 -2.1597662092050927 0.8675239299066605 -2.0586646392956953 1.5601102197105154 -1.939396139768212 2.2486893110115114 -1.8117696797554967 
5	0.7	63.003	4	7	10	10	10	10	(255, 106, 141)	4.199313776041896	8.881006141509033	-0.90612089369654 2.2618757510449616 -0.20688047712869118 2.2886675606415325 0.4923986305114006 2.3154321929659676 1.1917363362221167 2.3421692773839404 1.8911464764163064 2.368893805692923 
5	0.7	63.003	4	7	10	10	10	10	(33, 153, 191)	4.199333879198104	7.190862720817974	-2.274920446227243 2.5501441159885694 -2.968932522909781 2.461152805051656 -3.6628887620062125 2.3718676070504356 -4.357031869355051 2.2817075345036124 -5.051149219007253 2.191231470468348 
5	0.7	63.003	4	7	10	10	10	10	(35, 232, 174)	4.19958584809639	7.037410383801857	-1.006049205808247 0.6906904960530602 -1.7020960206187772 0.7643182420658945 -2.3981206938325674 0.8376801943059083 -3.094188709937373 0.9105185533075566 -3.790348959594451 0.9828407114445887 
5	0.7	63.003	4	7	10	10	10	10	(207, 157, 176)	4.204538870814362	7.6661956227163754	0.43331673805644244 0.851235385509869 1.0783949916192317 0.5790792604028123 1.7236072837818148 0.2974392570647142 2.361345778812438 0.008233716501008756 2.9978229136490473 -0.2834892107823151 
5	0.7	63.003	4	7	10	10	10	10	(224, 34, 129)	4.065379749812196	7.799759292911281	-1.7834802769291849 -0.6947209699101887 -1.126605900572487 -0.706960988110073 -0.4643883977491565 -0.719915663826669 0.20458798744541362 -0.7333303765399776 0.8813909907576962 -0.7467619496381759 
6	0.7	63.003	4	7	10	10	10	10	(62, 116, 33)	4.763061626463703	7.402960252658734	-2.993343674776173 -0.6084187683073365 -3.6358180777609466 -0.46735529197451386 -4.284752521915452 -0.32785373204912693 -4.941862372371255 -0.1901853828103421 -5.608176554544822 -0.053277078607642886 -6.284206203416313 0.08443540524140328 
12	0.7	66.004	3	7	10	10	10	10	(26, 6, 114)	9.10042205845442	9.182996308230132	-5.380400709072166 -2.8591712221162737 -4.685455569963271 -2.7753522366680508 -3.990518497234668 -2.69161176222389 -3.295571581154334 -2.6080853933536905 -2.600590349647519 -2.524961987214544 -1.9055446762606163 -2.4424851515767325 -1.2104033809484673 -2.360924952615874 -0.5151493904755446 -2.2804485718700014 0.18018824806467854 -2.2008149308557643 0.8754814176493722 -2.120861892583269 1.571747314703819 -2.03771401278837 2.2663498891650247 -1.9518112936641723 
6	0.7	66.004	4	7	10	10	10	10	(255, 106, 141)	4.8673439162054315	8.881006141509033	-1.4523970072062988 1.9690072730270365 -0.7969827688103424 2.188810935317275 -0.12807115440378947 2.3713833121235717 0.5584122594392688 2.4835691215034137 1.2472005036232034 2.5428076629311445 1.9418431740177473 2.582112824524357 
6	0.7	66.004	4	7	10	10	10	10	(33, 153, 191)	4.871275853883452	7.190862720817974	-1.795523224481498 3.183931109785945 -2.4420438404870706 2.917563175950599 -3.088849776878593 2.6711682308466864 -3.7440886957825805 2.4513263730217436 -4.408194228450063 2.252331859220226 -5.076441644410062 2.059652186923816 
6	0.7	66.004	4	7	10	10	10	10	(35, 232, 174)	4.75523144109244	7.037410383801857	-0.5495973452963456 0.37186664123275187 -1.1927442344675119 0.515377945345464 -1.8423013390967984 0.6525973644819929 -2.4992284159078584 0.7824377774740089 -3.1655269617540234 0.903545465701631 -3.8412177713124334 1.0192380787812538 
6	0.7	66.004	4	7	10	10	10	10	(207, 157, 176)	4.714024950782147	7.6661956227163754	0.16306803398164024 1.2281281833650757 0.7425310106396305 0.9535143477456807 1.3306676610197012 0.6755513399657489 1.9290827962787118 0.3934007990294337 2.5387317034201007 0.10629275829724233 3.1601149589552984 -0.18624840559888395 
5	0.7	66.004	4	7	10	10	10	10	(224, 34, 129)	4.199662988655034	7.799759292911281	-1.7266163607236162 -0.8863407682038913 -1.0286124922363544 -0.8816233110058748 -0.32543731928807756 -0.8618391971495164 0.37184930691865775 -0.8145243865215012 1.0686524219116853 -0.7554866647625706 
6	0.7	66.004	4	7	10	10	10	10	(62, 116, 33)	4.890796667875398	7.402960252658734	-3.101312853972676 -0.6676157258488382 -3.778510888586442 -0.5002664393267003 -4.455754974073649 -0.3330691421212519 -5.13339425589399 -0.16601870840954824 -5.811644358285391 0.0009676591123287656 -6.490614272343886 0.16802505643867632 
6	0.7	69.001	4	7	10	10	10	10	(255, 106, 141)	4.900936718700283	8.881006141509033	-1.516699311938844 2.1182995336677 -0.841052034765972 2.3003717686109844 -0.16462857370522158 2.478412118219124 0.5153958914996893 2.647960175047419 1.1963285643852013 2.8127334111414326 1.8773843091838902 2.9757672215605475 
6	0.7	69.001	4	7	10	10	10	10	(33, 153, 191)	4.89979816509497	7.190862720817974	-1.8738027728032782 3.4589696661573366 -2.5154204159943387 3.17848720113048 -3.157579292024101 2.899848744935099 -3.8004361334809595 2.6234435994415275 -4.4434490749510696 2.348043778068166 -5.08624026329169 2.0701752740735713 
6	0.7	69.001	4	7	10	10	10	10	(35, 232, 174)	4.889279738553087	7.037410383801857	-0.6574152668528391 0.31920098460989343 -1.335310943258275 0.4834130286979876 -2.0148211651245087 0.641607307135968 -2.699745792846405 0.7860953151941932 -3.3854507922778745 0.9134224924140275 -4.072063523912498 1.0313805795507527 
6	0.7	69.001	4	7	10	10	10	10	(207, 157, 176)	4.876306290480382	7.6661956227163754	0.3778921126041055 1.2330282035052842 1.002176350750796 0.9355395591716823 1.6258364282345776 0.6336854016361904 2.248336702406468 0.32093938556504686 2.867505981914292 0.0012331295904297053 3.486843761542239 -0.3215643315847519 
6	0.7	69.001	4	7	10	10	10	10	(224, 34, 129)	4.819338688353964	7.799759292911281	-1.9880048441958225 -1.6130542357252118 -1.3429192780860273 -1.3957225489615934 -0.6923073596589844 -1.1926517235523537 -0.03436109991646009 -1.008405624273247 0.6303972790022945 -0.8407563439172699 1.3002292782671312 -0.6826864081837299 
7	0.7	69.001	4	7	10	10	10	10	(62, 116, 33)	5.5004799771373385	7.402960252658734	-2.6603268317713047 -0.5638716205102958 -3.3283237362274853 -0.46841325072768913 -3.997672829835976 -0.3647759730025129 -4.6684317994207465 -0.25078428920182444 -5.341511109429761 -0.1269581306597618 -6.018087512871989 0.004154624488088066 -6.699313415845112 0.13907338466010757 
6	0.7	69.001	4	7	10	10	10	10	(29, 6, 150)	4.839636174653796	7.606569833050692	-2.900586009532093 -2.6115545208143813 -3.5801241145378593 -2.6637129800902763 -4.262018986386448 -2.718044952086444 -4.94699038508737 -2.7749779272508825 -5.635679321314836 -2.8339616227599587 -6.328576653195864 -2.894071173171622 
7	0.7	69.001	4	7	10	10	10	10	(123, 72, 41)	5.544188672194069	9.322255221604323	-1.5824372807328038 -2.910868332847305 -0.9240910633013502 -2.71056969233001 -0.26402947187169734 -2.517529588600758 0.4000918328988565 -2.336100577576015 1.0692573888954264 -2.1663033930211015 1.7432093193053382 -2.00435753982665 2.421108335018247 -1.845030931209697 
7	0.7	72.002	4	7	10	10	10	10	(255, 106, 141)	5.5924676068078885	8.881006141509033	-2.2010669270566745 2.0723948942472292 -1.545364424790185 2.308590458784709 -0.8852852565416454 2.534724884863408 -0.21457218208639886 2.737935394297452 0.4627303622510363 2.9074303667824903 1.1452657595575644 3.058838780100519 1.8297592887752736 3.203649806265762 
7	0.7	72.002	4	7	10	10	10	10	(33, 153, 191)	5.602513567559614	7.190862720817974	-1.2929741535689714 3.932706751378331 -1.9324427216465005 3.648724767615788 -2.5701375529223425 3.3611939929156613 -3.2052956006998956 3.063696227759598 -3.838073430754028 2.7622046538371863 -4.4695466631608065 2.4592288663638975 -5.1004859715217075 2.1546712497145553 
7	0.7	72.002	4	7	10	10	10	10	(35, 232, 174)	5.549492351448432	7.037410383801857	-0.13992972065144432 0.09650209796056719 -0.7949071105439697 0.3061602126308641 -1.4527812473473347 0.5055532280762468 -2.122887147244811 0.681405360120371 -2.798456293733919 0.8331213963637362 -3.4774179939467533 0.9732867673800563 -4.159970883158687 1.1088272581572516 
7	0.7	72.002	4	7	10	10	10	10	(207, 157, 176)	5.526558787531581	7.6661956227163754	-0.03553264655653435 1.459008721882534 0.5936772763717515 1.1926275650459475 1.2157854737702467 0.9132654169986462 1.8360461505652286 0.6226998012394782 2.4561963702466283 0.3239737047363908 3.0778556302495295 0.019859941653734968 3.702342218930731 -0.28738469443440556 
6	0.7	72.002	4	7	10	10	10	10	(224, 34, 129)	4.879302640330631	7.799759292911281	-1.835493194691997 -1.943466064133421 -1.1875317173142026 -1.6894682843167346 -0.539728323636112 -1.443127218131879 0.11211865089599592 -1.2053224142442902 0.7677746688195355 -0.96667773681575 1.4248440843106351 -0.7291939031578933 
8	0.7	72.002	4	7	10	10	10	10	(62, 116, 33)	6.213523347532345	7.402960252658734	-2.083116332585621 -0.6654286405831904 -2.7557998688451857 -0.5629940858248086 -3.4291428118733096 -0.45762709850505845 -4.104111850610566 -0.34747018762410037 -4.781207327046897 -0.23161312308217644 -5.460759236918749 -0.11049008849046915 -6.143026246647214 0.014409150750164508 -6.82823334734651 0.14123805757803956 
6	0.7	72.002	4	7	10	10	10	10	(29, 6, 150)	4.8257285186269065	7.606569833050692	-3.026537401195033 -2.6037166325324694 -3.699620411692786 -2.6778927733060267 -4.376491615103256 -2.743556102923793 -5.058695863658417 -2.79777611088315 -5.746669558477363 -2.842696236112257 -6.440205582586774 -2.8833706315846603 
8	0.7	72.002	4	7	10	10	10	10	(123, 72, 41)	6.2623595186783945	9.322255221604323	-2.1004062492175564 -3.520942607820866 -1.4620492019160385 -3.2612111320198385 -0.8195240795154574 -3.00884233512631 -0.17083911205645935 -2.766195692144424 0.4837311356933915 -2.532381388707663 1.1427384965706358 -2.304837517714393 1.8045926147593359 -2.081241087462561 2.467944297399354 -1.8595077562006632 
8	0.7	75.003	4	7	10	10	10	10	(255, 106, 141)	6.210489576560057	8.881006141509033	-2.794271580425725 2.0393227467314206 -2.1642635189596287 2.264079629291636 -1.530919826581561 2.4961919485116213 -0.8806228147440128 2.720386914656842 -0.2154570447003714 2.9101056120189734 0.45640909929725704 3.0810312609429227 1.1326325714113805 3.2460395577513634 1.8111592591832975 3.410487415130169 
8	0.7	75.003	4	7	10	10	10	10	(33, 153, 191)	6.304347417805136	7.190862720817974	-0.683015155190358 4.316612884263669 -1.3312174117867375 4.053118489436781 -1.9785800077682405 3.788071168830396 -2.6223539173492103 3.5135709161568975 -3.2584517568045612 3.2198111787747155 -3.8850928715258006 2.901445821251543 -4.505389466234917 2.5744721751322865 -5.124069136418235 2.245864449828901 
8	0.7	75.003	4	7	10	10	10	10	(35, 232, 174)	6.1934870908975075	7.037410383801857	0.4325484506665081 0.004903171439044528 -0.21422194927014393 0.14943379837966234 -0.8642496567626758 0.311070329230958 -1.5195930960856183 0.4862597883247079 -2.189290693532977 0.651255465975271 -2.8665881461422895 0.7996390223028528 -3.550913633662669 0.9565196951631811 -4.228716014869213 1.1207894884860063 
8	0.7	75.003	4	7	10	10	10	10	(207, 157, 176)	6.18535864894236	7.6661956227163754	-0.5578257939842107 1.57440826058159 0.09090860374939012 1.4219307251655642 0.7358531472440253 1.2340784014358572 1.3731207947449453 0.9938116408428962 1.9986485953455977 0.7155497103783554 2.6197682335006682 0.4148493344006382 3.2402601346806104 0.10367912884129311 3.862398455117559 -0.2112171197219934 
7	0.7	75.003	4	7	10	10	10	10	(224, 34, 129)	5.521445065276527	7.799759292911281	-2.101051027789713 -1.9925060627887472 -1.4402620478999084 -1.8157609231616079 -0.7842047943320621 -1.6345034360630157 -0.1289588088615867 -1.4463210414633543 0.52377842471086 -1.2432514365814458 1.1802030716816663 -1.0078579188186119 1.8259541420033454 -0.7533177224973117 
8	0.7	75.003	4	7	10	10	10	10	(62, 116, 33)	6.245666845017103	7.402960252658734	-2.1656833639482516 -0.6763856390826124 -2.842006999788352 -0.5586512765294678 -3.519505508879589 -0.43704912541590973 -4.1993198604310535 -0.3168076005558843 -4.8816711336103715 -0.200231494300275 -5.566493631057789 -0.08686853412537363 -6.253562808448575 0.02472611166014824 -6.942682742932557 0.1358884765041113 
7	0.7	75.003	4	7	10	10	10	10	(29, 6, 150)	5.512444428600119	7.606569833050692	-2.7908282118671672 -3.082751861724291 -3.463007560057626 -3.0034283871349494 -4.1388040899203595 -2.931375607798873 -4.8189205972183995 -2.8696258126283 -5.503665001469301 -2.8175543577389734 -6.1931028407615 -2.7720975229720435 -6.887189789981754 -2.729321226278543 
8	0.7	75.003	4	7	10	10	10	10	(123, 72, 41)	6.289462347701864	9.322255221604323	-1.8540195008218159 -4.0259021678180575 -1.2575374449011292 -3.6666491113307305 -0.653597061181281 -3.3194711702441344 -0.03755980969710717 -2.9931808751485143 0.5922136274239969 -2.6918595221915305 1.234351172447077 -2.413546512164923 1.8835078538945011 -2.149541320379566 2.5343522244457346 -1.8901606860242588 
8	0.7	78.004	4	7	10	10	10	10	(255, 106, 141)	6.275607016221715	8.881006141509033	-2.8069277488847364 2.1651115118570403 -2.1599849874851254 2.4163021266018294 -1.5104993479339814 2.662670482263827 -0.8546546492883389 2.8932067483600603 -0.18823674630897969 3.095715176173371 0.48459822413542114 3.279832868599953 1.1609886661590534 3.4540235420839585 1.8390698816086402 3.6247562960445547 
8	0.7	78.004	4	7	10	10	10	10	(33, 153, 191)	6.3006299354196695	7.190862720817974	-0.7613637855429276 4.509966856243563 -1.4073431574519633 4.2403458723305905 -2.0522938680778418 3.9683460170209917 -2.6942064276355073 3.689481330038691 -3.330138959215212 3.3973811510432226 -3.9585651723785995 3.0880719401523593 -4.582528257462432 2.769963522894104 -5.204764483499639 2.44885652749875 
8	0.7	78.004	4	7	10	10	10	10	(35, 232, 174)	6.281241607108875	7.037410383801857	0.3903231098654809 -0.018728865402269274 -0.2738111351706763 0.1887214700882074 -0.9401627591514309 0.38797634120795704 -1.6180332294287443 0.562929505843328 -2.2996776644705235 0.7059423583441387 -2.9849651871020786 0.8300473407699935 -3.672220269299938 0.9519418433206445 -4.360561729329047 1.0733828837884896 
8	0.7	78.004	4	7	10	10	10	10	(207, 157, 176)	6.240853502418295	7.6661956227163754	-0.42177144904126057 1.666530808770803 0.23166865336001913 1.4564934701926757 0.8811919603582412 1.2313349869867503 1.5241718453279824 0.9836807640147488 2.162675604030664 0.7189467646915454 2.7985852382893297 0.44248310457808215 3.433846667500942 0.15909809023802235 4.070115540668639 -0.12740663942976466 
8	0.7	78.004	4	7	10	10	10	10	(224, 34, 129)	6.233013067202197	7.799759292911281	-2.576081370228638 -2.0973824980393485 -1.8896096199466177 -2.0499530761794826 -1.2045779754112904 -1.9596209208448137 -0.5369298500061173 -1.8040078304128342 0.11743081411292837 -1.5934219345795968 0.7595678059634957 -1.3408941851817764 1.3939750604780377 -1.0596144023611047 2.0268002573637367 -0.7674496823119531 
9	0.7	78.004	4	7	10	10	10	10	(62, 116, 33)	6.929217300734036	7.402960252658734	-1.596991180575056 -0.757887505191862 -2.275333555023333 -0.6689419075088942 -2.9547224701584858 -0.5707088248510516 -3.6344809749708373 -0.4628155215645116 -4.314738700772058 -0.34632814808123813 -4.995794114477052 -0.22320307169435008 -5.678026232818513 -0.09564533948417436 -6.3617974783751805 0.03439541014551088 -7.047379901251923 0.16552494508335724 
8	0.7	78.004	4	7	10	10	10	10	(29, 6, 150)	6.187141400348699	7.606569833050692	-2.4098425947857476 -3.4072325042817364 -3.0806648737286664 -3.2925927015318135 -3.7455692319716976 -3.169123772560686 -4.412658061453673 -3.045197777095485 -5.0837403694465175 -2.926142903735246 -5.759854135160326 -2.813497503773912 -6.441345025464313 -2.705789977225034 -7.128116505639786 -2.599966906350858 
9	0.7	78.004	4	7	10	10	10	10	(123, 72, 41)	6.9938559734782135	9.322255221604323	-2.220273661668098 -4.7917517137742855 -1.6375053452415398 -4.402433242458656 -1.060485164158097 -4.008062998008822 -0.4768397971205853 -3.6239727402505424 0.1193808854907899 -3.260159254255605 0.72970873797779 -2.9203088658064393 1.3521869649736515 -2.6023020548247815 1.9825991410840134 -2.299111252108934 2.6159958371656873 -2.00146768449811 
9	0.7	81.001	4	7	10	10	10	10	(255, 106, 141)	6.973335580890685	8.881006141509033	-3.4171015029236553 2.1371959473826947 -2.7784953147809417 2.4135729175384784 -2.1377482807977444 2.684351860047082 -1.4901963987893265 2.9368280792522916 -0.8260792268185588 3.1519676842075883 -0.1543968285535384 3.331925710607529 0.5240666681771856 3.4901288111994773 1.2062771537475065 3.6368589882114044 1.8904288754087757 3.779691723765818 
9	0.7	81.001	4	7	10	10	10	10	(33, 153, 191)	7.003465742011118	7.190862720817974	-0.1624060427113934 4.853807426118959 -0.8236821108006822 4.6227904093947485 -1.4844817735011686 4.38909171613085 -2.1429780936084803 4.147948126865902 -2.795644812644649 3.8929249850830745 -3.441040130250775 3.621066297292914 -4.079123094522893 3.33301314958568 -4.711043567266181 3.032403955724382 -5.340929658493486 2.7272182877443116 
9	0.7	81.001	4	7	10	10	10	10	(35, 232, 174)	6.989250845683008	7.037410383801857	1.0154251782461876 -0.0385112548845954 0.34638930794900413 0.14944608718107974 -0.32565550909553476 0.3251282708024158 -1.012571750511468 0.46991843321405063 -1.702542232537613 0.5816662068451104 -2.3962365795782943 0.6702785351770506 -3.0920429196472523 0.7441927789802728 -3.7889793088036408 0.8109723765238462 -4.48536768479074 0.8772354927676186 
9	0.7	81.001	4	7	10	10	10	10	(207, 157, 176)	6.926081714665575	7.6661956227163754	-0.9374411854992698 1.8006898526564084 -0.26693811759195 1.673617629229887 0.4021757665578447 1.5238060763151098 1.0656233440073288 1.3403152935467295 1.7198713567524777 1.1181182896277415 2.3610426211096436 0.8600517189481287 2.994441932758376 0.5773088307116211 3.623899052207033 0.28058339817557754 4.252966639484913 -0.02180288406244851 
9	0.7	81.001	4	7	10	10	10	10	(224, 34, 129)	6.973952035371596	7.799759292911281	-3.2307181398758122 -2.1654865031676254 -2.5339696727681678 -2.169722218646283 -1.836342563814842 -2.164551959581883 -1.1419350386079479 -2.1291047350587733 -0.4526287617729078 -2.0270918520289465 0.21713747945974937 -1.8452359953486583 0.8711202420392038 -1.6060077534578154 1.5129547523067985 -1.3320013003450932 2.149748775690373 -1.043347881887181 
9	0.7	81.001	4	7	10	10	10	10	(29, 6, 150)	6.844962494542862	7.606569833050692	-1.9237223502203318 -3.502133106686534 -2.590663852025257 -3.454316050030199 -3.257056467584639 -3.3825733024690576 -3.9252543732089227 -3.2755075051541556 -4.588030253865768 -3.144357155274928 -5.253771587636909 -2.9992400393763448 -5.922055545437131 -2.843760447570149 -6.593468661895358 -2.681265624606355 -7.268830678775379 -2.515472893113327 
10	0.7	81.001	4	7	10	10	10	10	(123, 72, 41)	7.695131645317506	9.322255221604323	-2.700072683039828 -5.356907978581791 -2.0854953109589682 -5.021218872277401 -1.475442788723267 -4.677451653192372 -0.8739794464960735 -4.307998851148168 -0.28671002293450204 -3.929352442998884 0.3033086613070179 -3.55667655490858 0.9032846477385856 -3.2014807943228756 1.515637402164059 -2.8677475810883513 2.1384301038236075 -2.5519889050388658 2.7662881424404544 -2.2442223586323897 
5	0.7	81.001	5	7	10	10	10	10	(19, 41, 0)	4.131900743597819	7.711275018541213	-3.551028848638668 -0.7439329688031958 -2.866734809004924 -0.7648696089241472 -2.1844101748943907 -0.7866768398451393 -1.5039106904221136 -0.8096478915977273 -0.8206216501359836 -0.8340989276142462 
5	0.7	81.001	5	7	10	10	10	10	(72, 249, 62)	4.172276653782992	10.017775364995991	-4.87045257395723 -0.4777296196931339 -5.527175627154039 -0.26910000401679796 -6.1865520948456485 -0.06023892850393516 -6.848692754914637 0.14887782988113957 -7.5135849205171406 0.3585503234992698 
10	0.7	84.002	4	7	10	10	10	10	(255, 106, 141)	7.706203776565053	8.881006141509033	-4.122654200188065 2.1010175851504576 -3.486714811392167 2.3957289619969226 -2.846146589918468 2.6798562014160496 -2.1957506446179496 2.9387614706596623 -1.5259612266572287 3.156416624331589 -0.8482549475961991 3.331432474650157 -0.16426318713664007 3.4812218737751826 0.5224286077109886 3.617336878515822 1.2104272044075421 3.746595373709166 1.8988286683320068 3.8735583041115906 
10	0.7	84.002	4	7	10	10	10	10	(207, 157, 176)	7.622869862602121	7.6661956227163754	-1.5080437491751448 1.8282794990449356 -0.8248569172622832 1.7869042769408885 -0.14087425487600605 1.7117721818450398 0.5369239095607005 1.5947563737702521 1.2084435878795556 1.4379635764993048 1.872026663921295 1.2436553249916649 2.526372898166544 1.0142302778790575 3.1689656224637877 0.752537138444443 3.80610323373111 0.47209232474452467 4.442110843122996 0.18423535242720593 
9	0.7	84.002	4	7	10	10	10	10	(224, 34, 129)	6.977934971822263	7.799759292911281	-3.271546322967477 -2.143124544924813 -2.5722895805659243 -2.1234244870552845 -1.8732385214100984 -2.0991766603953304 -1.1730490864424827 -2.0663288805762554 -0.47567454942040543 -2.0114044734289873 0.2119274304185276 -1.915641131197974 0.8940512133788769 -1.7846975928130218 1.571326775463144 -1.6292899927466686 2.245681378216027 -1.4622196780770886 
11	0.7	84.002	4	7	10	10	10	10	(123, 72, 41)	8.407019518461166	9.322255221604323	-3.259985997142895 -5.799461406990032 -2.6374889346874593 -5.478566761547843 -2.014742914297694 -5.157447429522096 -1.3929194188547593 -4.8340312957258895 -0.7753777667728382 -4.502644049275778 -0.16381985171454513 -4.150142311789985 0.4396084926488741 -3.796384627069566 1.0503684636644937 -3.457163186183054 1.673698895750983 -3.1417443544999357 2.309402863872526 -2.8496760905945573 2.9538538457296957 -2.571056879873352 
5	0.7	84.002	5	7	10	10	10	10	(19, 41, 0)	4.16911749486835	7.711275018541213	-3.6799398905691074 -0.7569631959070565 -2.98531993704925 -0.7585986761066438 -2.2923708859696754 -0.7597342282702515 -1.6008222115525967 -0.7601840578120883 -0.9108518290923658 -0.7662234558142205 
5	0.7	84.002	5	7	10	10	10	10	(72, 249, 62)	4.192755941137195	10.017775364995991	-5.063888212673562 -0.7113149210247716 -5.695128464072887 -0.41510468579097676 -6.326709696617176 -0.11854658350944426 -6.95912931922132 0.1779872159196457 -7.592350426392692 0.47458710491626754 
5	0.7	84.002	5	7	10	10	10	10	(248, 19, 141)	4.195113424636888	7.512619908367123	-1.9185167568818655 4.51525120260155 -1.236802073023906 4.665309229526091 -0.5543195062947768 4.813998948368939 0.12911298722494827 4.961032225081411 0.8130867410293235 5.10767385681774 
5	0.7	84.002	5	7	10	10	10	10	(242, 238, 173)	4.195451225311847	7.882831152820277	-3.2329128872888573 4.058924885045309 -3.8548646835125333 3.742500468957661 -4.476248647482277 3.424433369452742 -5.0971390919167305 3.1016040475829927 -5.717208651135095 2.777262851051223 
5	0.7	84.002	5	7	10	10	10	10	(219, 73, 39)	4.1520590151918935	6.037439530754456	-0.7782316653140657 0.49804268285313213 -0.10745319688659605 0.3327728492257803 0.5584075336056885 0.16672532271105944 1.2247240702464586 -0.00048109941545327445 1.8918919955026994 -0.1684705197039576 
5	0.7	84.002	5	7	10	10	10	10	(79, 28, 29)	4.176481428971533	8.188493122242559	-2.142502110928816 0.6025120524135779 -2.8334034368413743 0.6340081432601558 -3.5257096726503145 0.667120126249603 -4.219703330438442 0.7021943188576761 -4.915635500585153 0.7386340254596587 
5	0.7	84.002	5	7	10	10	10	10	(129, 122, 46)	4.059354678380443	7.175318185121785	-3.8454105805617624 -3.7276431487941197 -3.190489223050244 -3.6210112612732757 -2.536036932310957 -3.522208414144275 -1.8793755088642883 -3.4269282599885194 -1.2167761957773935 -3.3249358759733383 
5	0.7	84.002	5	7	10	10	10	10	(96, 111, 223)	4.101488078224358	7.461134483408362	-4.893438805102479 -3.0764138139148893 -5.545931439086734 -2.9530213196958917 -6.203196499218942 -2.8229387813278466 -6.8676900876057365 -2.685468902423065 -7.541645379340861 -2.5429856157609905 
11	0.7	87.003	4	7	10	10	10	10	(255, 106, 141)	8.409144801140064	8.881006141509033	-4.834109887811386 2.072525542865562 -4.193414691543241 2.355512754528332 -3.549390580377824 2.6312768023082054 -2.897395441255728 2.8862577917146206 -2.228992152931691 3.1045506715354825 -1.5510807518558123 3.2842227391723497 -0.866383177285619 3.4366510427913317 -0.17807463066537327 3.5721778458928832 0.5117265087770694 3.697231597456982 1.2015326214928737 3.8146411784258722 1.8918853331510561 3.9295854805210544 
10	0.7	87.003	4	7	10	10	10	10	(224, 34, 129)	7.67402370374433	7.799759292911281	-3.908026543599747 -2.306209967448248 -3.2098942487473416 -2.2586585261678422 -2.512062588100268 -2.2093441795542024 -1.8147001144623984 -2.1546061651471384 -1.1184755996858025 -2.0888498171280565 -0.427838320010652 -2.008753165234183 0.25819150684571607 -1.9055554444638865 0.9423503106067659 -1.785721344791278 1.625613813089469 -1.6553925778828473 2.309054654176565 -1.5201148341360433 
6	0.7	87.003	5	7	10	10	10	10	(19, 41, 0)	4.857390615472309	7.711275018541213	-4.203696880171543 -0.8223933466468263 -3.5119633346475716 -0.8321517603698511 -2.820373660412308 -0.8323687768375867 -2.1299195550148617 -0.8121979025815215 -1.440768893299985 -0.7674278276472528 -0.7501126355368927 -0.7149577601626504 
6	0.7	87.003	5	7	10	10	10	10	(72, 249, 62)	4.8917228734530065	10.017775364995991	-5.209843086811364 -1.7313224738080313 -5.670799710484927 -1.2081661995841808 -6.1336674921077545 -0.6859912127747362 -6.598790488807764 -0.16509409843407422 -7.065715320774876 0.35493212006799624 -7.533652837266652 0.8747947195492224 
5	0.7	87.003	5	7	10	10	10	10	(248, 19, 141)	4.199690390720533	7.512619908367123	-1.9453050569647812 4.639688833271228 -1.2583111524246031 4.772609575708005 -0.57096719463809 4.904249772424548 0.11694000106028854 5.03394511644583 0.8051282790723365 5.162502298550862 
5	0.7	87.003	5	7	10	10	10	10	(242, 238, 173)	4.199210809622329	7.882831152820277	-3.291016562934552 4.256727144677594 -3.9309524881404894 3.9739815968333922 -4.570412901732399 3.690302402302322 -5.20911900870667 3.404293422546012 -5.847257266914454 3.1160540241949297 
5	0.7	87.003	5	7	10	10	10	10	(219, 73, 39)	4.192364900065082	6.037439530754456	-0.7167667352797336 0.6736976678844077 -0.05019079333856797 0.46526093767244264 0.6140518066189613 0.25284457100318064 1.2780040963473112 0.03757913758161241 1.942123599149691 -0.1791959710370765 
5	0.7	87.003	5	7	10	10	10	10	(79, 28, 29)	4.193116118369172	8.188493122242559	-2.260447858589823 0.47249058473206307 -2.9559832850404253 0.5313537895417614 -3.6514404023189915 0.5851582559675466 -4.347947882358399 0.6361321021348586 -5.045351122182828 0.6860686351779794 
5	0.7	87.003	5	7	10	10	10	10	(129, 122, 46)	4.179211240451544	7.175318185121785	-3.960787751946289 -4.032035238598718 -3.282075628874019 -3.8763934091443724 -2.603900697687492 -3.7233973402560085 -1.925900354742736 -3.5741726505251887 -1.2480378580243927 -3.4280395378034614 
5	0.7	87.003	5	7	10	10	10	10	(96, 111, 223)	4.191769063256764	7.461134483408362	-5.040582341787105 -3.1668760237099987 -5.71840965946933 -3.003170876262193 -6.395270942967641 -2.8359359639374393 -7.072700688094992 -2.667082011675316 -7.750944402666761 -2.497669269072393 
5	0.7	87.003	5	7	10	10	10	10	(233, 214, 130)	4.162351747939182	8.038442248473261	0.4629419039348281 2.3224154768877363 -0.21408308268835058 2.178577486375053 -0.8895220710598003 2.034910568348217 -1.5639037632164492 1.8889879474863729 -2.238266401308877 1.7444503273905236 
6	0.7	87.003	5	7	10	10	10	10	(133, 10, 120)	4.8804052048483575	7.843650909672538	1.5133062010299163 1.4472539411335297 2.1566660310782044 1.1893112916112563 2.800799925161247 0.9282767559125152 3.4453540290532434 0.6652220324383258 4.090688546712016 0.4008255973968807 4.737082173492504 0.1356200926755783 
6	0.7	87.003	5	7	10	10	10	10	(191, 50, 42)	4.724832262083922	9.641940851090153	-1.560641035462785 -5.006236503618468 -2.1388801423093775 -5.288272655912467 -2.726450966530772 -5.573171297856918 -3.3249027095000603 -5.861383638904342 -3.9346251420527367 -6.15360561629904 -4.555386292543422 -6.450508181086508 
7	0.7	87.003	5	7	10	10	10	10	(238, 170, 107)	5.414743864738597	8.878386785177877	-0.5024368254166706 -4.569231167896785 0.05113442407106683 -4.240758149184457 0.618114908516273 -3.9159058034074725 1.2017518487250003 -3.598408460654463 1.8017713420106531 -3.2888421236899053 2.415595030932809 -2.985175229457519 3.0396830624060422 -2.683451561612571 
7	0.7	90.000	5	7	10	10	10	10	(19, 41, 0)	5.520093703724578	7.711275018541213	-4.810095737447848 -0.9317341452551294 -4.129299672767519 -0.9320286076443337 -3.4475192620701907 -0.9275617097162846 -2.764009169645832 -0.9167192718275662 -2.077901959368907 -0.9000951503090604 -1.3861510160961197 -0.8828700126834499 -0.690789548599213 -0.8634534085500732 
7	0.7	90.000	5	7	10	10	10	10	(72, 249, 62)	5.4984907723158845	10.017775364995991	-5.535701063425757 -2.2402976885492425 -5.89002634497585 -1.6652173833453643 -6.237198440787844 -1.0834801768442515 -6.584451234368627 -0.49908571420736514 -6.936059552036283 0.08701832478371835 -7.293161077910202 0.6754724968503797 -7.654819345761602 1.267753227606967 
6	0.7	90.000	5	7	10	10	10	10	(248, 19, 141)	4.8791306260543585	7.512619908367123	-2.215576808566988 4.620691153204696 -1.5466349965445143 4.806931854561407 -0.8743455163748967 4.980507810189211 -0.19786557414104017 5.141078451699831 0.4818417994532211 5.294275683604456 1.163654987631936 5.445479824786571 
6	0.7	90.000	5	7	10	10	10	10	(242, 238, 173)	4.884224339022051	7.882831152820277	-3.3967951460524475 5.291252657029946 -3.920080686535608 4.831376766245977 -4.447562769226613 4.376290947563637 -4.981198840301853 3.9282973838878026 -5.5208301972756635 3.4872378484789497 -6.064393586029566 3.0506056534708206 
6	0.7	90.000	5	7	10	10	10	10	(219, 73, 39)	4.794920279670578	6.037439530754456	-0.8286772482526881 0.8355888036300549 -0.19955398650287007 0.5949291790224267 0.43352670439949165 0.3605709349314082 1.0756165112893565 0.1399736655089146 1.724929481318744 -0.06890717891688325 2.3795309903767627 -0.2715843432863506 
6	0.7	90.000	5	7	10	10	10	10	(79, 28, 29)	4.821003050711996	8.188493122242559	-2.0629242998956934 0.4708980977178927 -2.7392578599312594 0.47099101535023585 -3.4190358103883134 0.4659183292211914 -4.102539923417007 0.45181981743489513 -4.790041192373073 0.42548520799152145 -5.482212260792205 0.38740734958353473 
6	0.7	90.000	5	7	10	10	10	10	(129, 122, 46)	4.746402858528495	7.175318185121785	-4.225154108097034 -4.715906955873724 -3.6392639942008063 -4.399842017685618 -3.0430908288529137 -4.106959888743568 -2.4302460914455253 -3.84574515833954 -1.7999651050330119 -3.6134110902076895 -1.1570265024127677 -3.396523603733506 
6	0.7	90.000	5	7	10	10	10	10	(96, 111, 223)	4.727843668509111	7.461134483408362	-5.282072114104934 -4.18247627335725 -5.782746128814878 -3.769495983334153 -6.289399468811837 -3.3556978143159526 -6.803086428837832 -2.9355475165380147 -7.3266077019766245 -2.5105476778967586 -7.860912413663477 -2.079148568984784 
5	0.7	90.000	5	7	10	10	10	10	(233, 214, 130)	4.161028714192758	8.038442248473261	0.38909405978686573 2.5446975701463823 -0.2698025723925559 2.359274724801889 -0.9344166401745929 2.1839259739150028 -1.605793407080156 2.0126332599764867 -2.2811956189659948 1.843330543237346 
7	0.7	90.000	5	7	10	10	10	10	(133, 10, 120)	5.458984076062958	7.843650909672538	1.0626878806236222 1.5497074981522299 1.7008029206598716 1.369347336928544 2.3383291905543473 1.1734152291193851 2.9738634266359742 0.9540721461088714 3.606593502025674 0.7097741972638353 4.240486096319375 0.44871607628203125 4.878741130934797 0.17928009815266494 
6	0.7	90.000	5	7	10	10	10	10	(191, 50, 42)	4.883317016647473	9.641940851090153	-1.7091682438961704 -5.030751218183664 -2.329215675793858 -5.34421355789801 -2.9498449291819657 -5.658288709451951 -3.571358992594444 -5.972755070805876 -4.193957206699249 -6.287488069789128 -4.817675189321623 -6.60259129936803 
7	0.7	90.000	5	7	10	10	10	10	(238, 170, 107)	5.577865128709737	8.878386785177877	-0.4080560394035812 -4.584642438967358 0.20938874308829275 -4.266981628103311 0.8286760483354171 -3.951707141133394 1.4515353328499343 -3.6419565042372675 2.07927550985084 -3.3401712717373453 2.712228938560029 -3.046896973710464 3.3493053476048535 -2.759654106962753 
6	0.7	90.000	5	7	10	10	10	10	(220, 65, 184)	4.877185661070279	7.426719595680018	-2.6655998302832176 3.2342757303313103 -3.2852226962743307 2.921838906454219 -3.9063212464062205 2.611165667673051 -4.529894344300819 2.303962391666938 -5.156505257006985 2.0011357118039745 -5.786822712463659 1.702004390452412 
6	0.7	90.000	5	7	10	10	10	10	(200, 104, 199)	4.892214649770358	10.175155821690357	-1.318018638443609 3.49821097866564 -0.6383023619790578 3.644096766527358 0.046040215454468354 3.776977055561153 0.7382368725224315 3.8848993673420527 1.4316292010048068 3.9774358807043777 2.125966223645413 4.064673198778981 
5	0.7	90.000	5	7	10	10	10	10	(78, 166, 144)	4.1259510709362015	6.373328657692588	-1.8810797006986486 -2.2170202248456037 -2.531934062371383 -2.4104396377829898 -3.18201269769451 -2.6101062685797767 -3.8310945488597414 -2.8194093485439846 -4.480487627812399 -3.0371357995140955 
6	0.7	90.000	5	7	10	10	10	10	(29, 21, 163)	4.815059841077346	9.05478451468878	-0.556749373697685 -2.2279661846572125 0.10203595926573783 -2.090793930706501 0.7652556726225052 -1.9516392543033976 1.4335187771681404 -1.8115855513564392 2.107360268990847 -1.6721524580056804 2.7869896099886864 -1.5337115091689033 
7	0.7	93.001	5	7	10	10	10	10	(19, 41, 0)	5.597414711242042	7.711275018541213	-4.797093925555224 -0.9891017453311538 -4.098601419415119 -0.995399986468354 -3.400304277773703 -0.9978418435324873 -2.702217859798498 -0.9895443813653297 -2.002205947092249 -0.9607715234338174 -1.3011971898418202 -0.9015689211944489 -0.6072301617851975 -0.8234556044947778 
7	0.7	93.001	5	7	10	10	10	10	(72, 249, 62)	5.580606755284149	10.017775364995991	-5.640391490435827 -2.2963150439402065 -5.9964080791381384 -1.7014434112967245 -6.351862665803922 -1.1048746595570065 -6.703787707718363 -0.5050691535295685 -7.047391129625924 0.10400999429638672 -7.3845570380728525 0.7160236130574595 -7.720340997655122 1.329567207527324 
7	0.7	93.001	5	7	10	10	10	10	(248, 19, 141)	5.483820122604081	7.512619908367123	-2.735542439660834 4.828055865976507 -2.0749904695959605 4.945248797996981 -1.4131774814715838 5.069469654915104 -0.7494792626766154 5.203159837139916 -0.0828659068114431 5.3459864680693245 0.5878758646905977 5.495975690407123 1.2640501354945792 5.650040152087109 
7	0.7	93.001	5	7	10	10	10	10	(242, 238, 173)	5.597664440845536	7.882831152820277	-3.226758263126636 6.131504231530584 -3.696128707624822 5.610037446891809 -4.1567360594752865 5.082647998381291 -4.623434706242501 4.561190614014725 -5.102616034614113 4.05197042201767 -5.594233670403762 3.555463894216078 -6.093338783623651 3.067359639051349 
7	0.7	93.001	5	7	10	10	10	10	(219, 73, 39)	5.305215567532803	6.037439530754456	-1.0788653061993105 1.0881156462885713 -0.5189900507939845 0.794487857894287 0.046916839456778194 0.5102770456125058 0.6318837142869274 0.24529361967298602 1.2417713767461471 0.010946056972489905 1.8740596184257954 -0.19824351114911037 2.523135355318744 -0.3948768731071558 
7	0.7	93.001	5	7	10	10	10	10	(79, 28, 29)	5.308436161032521	8.188493122242559	-1.7874476195212199 0.2976002030166919 -2.4196669830522444 0.3557899473428731 -3.0573666665219665 0.3980438011136664 -3.7031485637588983 0.41885777789973516 -4.357458725442972 0.41668302768100995 -5.020029623623529 0.3949496005895964 -5.690292707251126 0.36168011570959874 
6	0.7	93.001	5	7	10	10	10	10	(129, 122, 46)	4.863575653528333	7.175318185121785	-4.263765834032913 -4.780935239394785 -3.630438969414321 -4.497742997781545 -2.994911009729598 -4.2222856506237365 -2.3535482811603425 -3.9630406379083767 -1.701755103259154 -3.7259801462714752 -1.0462241118210351 -3.5048593044471223 
6	0.7	93.001	5	7	10	10	10	10	(96, 111, 223)	4.886109840287737	7.461134483408362	-5.574955765760116 -4.375613564525202 -6.0539395517161845 -3.870993564613113 -6.537684715524973 -3.3701818020310843 -7.027072658576687 -2.873771972817789 -7.520857731920091 -2.3804351165232496 -8.016985952382878 -1.8880540838063662 
6	0.7	93.001	5	7	10	10	10	10	(233, 214, 130)	4.925673084837177	8.038442248473261	1.0642224827294902 2.773579120987154 0.38223924514286217 2.6052027357594985 -0.30146725442777594 2.4475632169828647 -0.9893470891371551 2.303656826005107 -1.6926041919000265 2.157031993007977 -2.3765022843205714 2.0058152690562534 
7	0.7	93.001	5	7	10	10	10	10	(133, 10, 120)	5.55864793051119	7.843650909672538	1.1734558621140827 1.4536103374040479 1.8342898192055417 1.2540578367496555 2.494562867819515 1.0526957105641381 3.1559621052487135 0.8505940844170655 3.819140928893198 0.6483387127084171 4.484524921261748 0.4461038707048641 5.152165381534093 0.24356818350930948 
7	0.7	93.001	5	7	10	10	10	10	(191, 50, 42)	5.42606708809479	9.641940851090153	-1.6413034720384632 -5.105144477924346 -2.230463860813703 -5.388783497468806 -2.8239449791256286 -5.67640466743478 -3.422204556807693 -5.969290578132527 -4.0262107886436596 -6.2676584062028375 -4.636999392013644 -6.57111502181915 -5.255439810334317 -6.8790780786987495 
8	0.7	93.001	5	7	10	10	10	10	(238, 170, 107)	6.091967173749273	8.878386785177877	-0.4706875853027542 -4.868763575050549 0.08573759942640603 -4.525687434674115 0.6515113186038806 -4.191986088386882 1.232098834298021 -3.8749837989010243 1.8302667198385758 -3.578352968783273 2.4462935385311604 -3.3018086448320827 3.078534780647727 -3.041123318007874 3.723931628304796 -2.7883683013290352 
7	0.7	93.001	5	7	10	10	10	10	(220, 65, 184)	5.304012159408186	7.426719595680018	-2.6253927777451787 3.6187579637118006 -3.1401903493220766 3.2662662585340474 -3.66814772550723 2.9168310350573603 -4.214276643814139 2.576507135529963 -4.781389151506093 2.248987255997837 -5.370074110393246 1.9351138729444048 -5.980436685569005 1.6320493837879042 
7	0.7	93.001	5	7	10	10	10	10	(200, 104, 199)	5.341680833208731	10.175155821690357	-1.5611630093798408 3.487546646316999 -0.9535085929319633 3.65842846116681 -0.3360049055357312 3.8247683027867336 0.29302453947778484 3.9871234323819715 0.9347805490298914 4.146565692336339 1.5892768112943083 4.305005861313125 2.2566032054784504 4.466674424282657 
5	0.7	93.001	5	7	10	10	10	10	(78, 166, 144)	4.095546799656493	6.373328657692588	-2.2322828059812925 -2.290926294674471 -2.850252577014258 -2.5400555922142325 -3.4714979427004287 -2.7931689021462534 -4.096568192587629 -3.0511654760203175 -4.72635681584958 -3.31338994124522 
7	0.7	93.001	5	7	10	10	10	10	(29, 21, 163)	5.446071357725732	9.05478451468878	-0.9635363922936286 -2.1988178035663046 -0.3044547443460382 -2.119155904530547 0.35500936770424396 -2.0307399851113654 1.0183339887050553 -1.937641506563648 1.686706918841566 -1.841855843563922 2.3607663513897315 -1.7430752228195083 3.04330274816242 -1.6382341694205627 
8	0.7	96.002	5	7	10	10	10	10	(19, 41, 0)	6.242229829650661	7.711275018541213	-5.255875171429859 -0.9774182050939557 -4.569577570919779 -0.9813305563339496 -3.881744775174653 -0.9814519688397924 -3.192080125773297 -0.9735276330811614 -2.500548428474764 -0.9526801698907663 -1.8075997322485948 -0.9137362555990164 -1.1156205707267306 -0.8577103141217213 -0.420300373978304 -0.7938506033212904 
8	0.7	96.002	5	7	10	10	10	10	(72, 249, 62)	6.226441255874274	10.017775364995991	-5.713848069838621 -2.8387189631473766 -6.058209026325125 -2.250026383376255 -6.400596911525147 -1.6580197182596106 -6.732702254075862 -1.0573595858245313 -7.054226861509619 -0.44851944592965454 -7.362716470267332 0.172146257070378 -7.663043012769717 0.798956458004584 -7.961182616213573 1.429539734677183 
7	0.7	96.002	5	7	10	10	10	10	(248, 19, 141)	5.587932473790364	7.512619908367123	-2.739982497507481 4.933369719567233 -2.063028127355871 5.093865559960525 -1.3831785201782343 5.248111215699875 -0.7006303951772136 5.392981491403357 -0.015459394736431679 5.529123082923307 0.6715812573264789 5.65906013182823 1.3594309890413871 5.786448074903478 
7	0.7	96.002	5	7	10	10	10	10	(242, 238, 173)	5.58536111640808	7.882831152820277	-3.3583856124589566 6.282082737967191 -3.830278780292667 5.765844814449378 -4.300603585141558 5.249786618951303 -4.773106141123375 4.736501621727519 -5.249755986257363 4.227793590618796 -5.730904942758846 3.723971867516986 -6.215123200961682 3.223637452306687 
7	0.7	96.002	5	7	10	10	10	10	(219, 73, 39)	5.519126562641089	6.037439530754456	-0.9574321771321326 1.1670059958640833 -0.3766901349862436 0.8054627857405712 0.22015259838447834 0.4693050119998397 0.8410071844866981 0.183194619526504 1.4833110481128546 -0.05801308304912115 2.1396388843162004 -0.26724347855440733 2.8036683604538846 -0.4600705376844934 
7	0.7	96.002	5	7	10	10	10	10	(79, 28, 29)	5.445835751692108	8.188493122242559	-1.939050772524777 0.40560268917919645 -2.607920423193805 0.4192986522260679 -3.2783903543753667 0.42629608213181636 -3.951180448035706 0.4253170910801342 -4.626354778283766 0.4156450267457601 -5.303920987397609 0.39737756362433885 -5.983911019977001 0.371754327478681 
7	0.7	96.002	5	7	10	10	10	10	(129, 122, 46)	5.518491280443111	7.175318185121785	-4.639651888567852 -5.283961955624791 -4.0454259164821424 -4.937707667057187 -3.4532760896937837 -4.592499387972653 -2.85810179426555 -4.2547600032224775 -2.250911688830186 -3.936731734692579 -1.6221266136628607 -3.6502307994493375 -0.9882332920377715 -3.3917267916727774 
7	0.7	96.002	5	7	10	10	10	10	(96, 111, 223)	5.576701715400979	7.461134483408362	-5.989309661731045 -5.327191233310584 -6.303715697526544 -4.707840261006121 -6.624758330513638 -4.091776835273537 -6.955458675102294 -3.4802122137006437 -7.295007676478013 -2.8723844454848018 -7.6395398130619885 -2.2660673247585774 -7.985710093183926 -1.6593075478994843 
7	0.7	96.002	5	7	10	10	10	10	(233, 214, 130)	5.6071120991593535	8.038442248473261	1.747086810358636 3.1065049779185774 1.056908349804543 2.9861203783163615 0.36583055394807296 2.8566682945416666 -0.3183694946965949 2.705974296071851 -1.0000842524861888 2.5438572407289644 -1.6803841094366854 2.373015094264841 -2.35896852275833 2.1984927446998115 
8	0.7	96.002	5	7	10	10	10	10	(133, 10, 120)	6.208856578989254	7.843650909672538	0.7287345068931128 1.6452953028833357 1.3775268967213783 1.4466963709477838 2.0274145864999733 1.2446414839206623 2.6798366323060203 1.0408039384491878 3.335246361698562 0.8361177627031278 3.9938695114451357 0.6308816318007948 4.655785175122096 0.42502909164021435 5.32099355803532 0.21834642920763728 
8	0.7	96.002	5	7	10	10	10	10	(191, 50, 42)	6.095062129197652	9.641940851090153	-1.466026920974026 -4.93993886568243 -2.0082049891219627 -5.305878027467246 -2.5615349930805396 -5.657770451702705 -3.130895850838623 -5.994427255481123 -3.716715247256521 -6.317290202897416 -4.318428341051196 -6.629179483174176 -4.931558455065554 -6.933944134854241 -5.553427797605135 -7.238445705649506 
9	0.7	96.002	5	7	10	10	10	10	(238, 170, 107)	6.808341729769248	8.878386785177877	-0.5472726434509593 -5.513743493497908 -0.07554338279084401 -5.033929156371947 0.4195840435951461 -4.591981081672446 0.9540906013759116 -4.200353021877168 1.5290459551359585 -3.8616516708988624 2.137496737997012 -3.5704563499480266 2.7704095708951577 -3.316139920428324 3.420087203486036 -3.086016584467555 4.080786594580952 -2.8671673784259153 
7	0.7	96.002	5	7	10	10	10	10	(220, 65, 184)	5.5508184628493655	7.426719595680018	-2.7564379237621686 3.527186427846172 -3.3558311330521136 3.1895435633334044 -3.9591011817318464 2.8565905652776493 -4.5687888357077195 2.5323567223073566 -5.1864517619153565 2.2193849416561613 -5.812522975106671 1.9183281295558938 -6.445294022299269 1.6281070515607379 
7	0.7	96.002	5	7	10	10	10	10	(200, 104, 199)	5.550689002221334	10.175155821690357	-1.453672374174156 3.857148190885269 -0.7822896378900764 3.999191564360235 -0.10855700917948392 4.136845795674238 0.5692477503313131 4.266277847612357 1.2515460684472934 4.386433299389321 1.9383955234333248 4.498783840193523 2.627674886593728 4.608560397250828 
6	0.7	96.002	5	7	10	10	10	10	(78, 166, 144)	4.849792757044153	6.373328657692588	-1.9635626881380115 -2.261440160025842 -2.5696915534076266 -2.579264835874944 -3.175957583236988 -2.902588998262919 -3.780045700990297 -3.236269597013348 -4.380275404395951 -3.581950419245463 -4.978275595447204 -3.937125431277507 
7	0.7	96.002	5	7	10	10	10	10	(29, 21, 163)	5.512575350135505	9.05478451468878	-0.6169763432225053 -2.1473265568426663 0.06178962814490184 -2.09586138714117 0.7407747002002485 -2.0366770584829545 1.4206855489366188 -1.9670107971981183 2.101425538330139 -1.8854358204931674 2.782813292932278 -1.7908682557553361 3.4674163521343386 -1.6813878581635697 
9	0.7	99.004	5	7	10	10	10	10	(19, 41, 0)	6.861461561954615	7.711275018541213	-5.695693784444243 -0.8729980174345169 -5.0216029436526055 -0.9056555888201357 -4.346384257660768 -0.9340800849205095 -3.669556518477423 -0.9556811000526682 -2.990616447468837 -0.9684225282499411 -2.308944518907091 -0.970763037729565 -1.616495065561344 -0.9643996815592093 -0.9264681503209221 -0.9411767863919936 -0.23714559107996877 -0.9115438675902229 
9	0.7	99.004	5	7	10	10	10	10	(72, 249, 62)	6.782970662879851	10.017775364995991	-5.806191506666139 -3.2399086167289233 -6.135280782290368 -2.6691216497181385 -6.466141178411004 -2.0966314872836205 -6.794246023069872 -1.5197053681330497 -7.1076936093030065 -0.9298752515072507 -7.4118651115076295 -0.329466700351092 -7.709670247401213 0.2809771005271444 -8.003731467855042 0.8999049974337243 -8.293763892221662 1.5301083058484781 
8	0.7	99.004	5	7	10	10	10	10	(248, 19, 141)	6.256593607152466	7.512619908367123	-3.27580032969438 5.082698092548788 -2.6072610453226734 5.252507487385876 -1.9362528222850877 5.415838763990917 -1.2599329452326733 5.562508679136604 -0.5784226003205651 5.691420826130058 0.10733731659700844 5.805825475342481 0.7962507658423387 5.910965194398393 1.4872822231233467 6.012567534898312 
8	0.7	99.004	5	7	10	10	10	10	(242, 238, 173)	6.296402152966898	7.882831152820277	-3.2231142790914147 7.1231146244220485 -3.6845331778653683 6.59722436503759 -4.141277195127375 6.067909487320066 -4.587262472240543 5.525934355641864 -5.02498488930605 4.979736031790026 -5.4610478004096725 4.4330693712452405 -5.8986609768217955 3.888523949369963 -6.33831645520594 3.346475773477518 
8	0.7	99.004	5	7	10	10	10	10	(79, 28, 29)	6.102531450566621	8.188493122242559	-1.567154944982786 0.2711913478432052 -2.223692945427763 0.3518940321455086 -2.884107820026593 0.4140826901169281 -3.549602390098002 0.45577319215658013 -4.21994406756927 0.47816554385533466 -4.894869978518913 0.48262553920806933 -5.574296880507633 0.47046026889659764 -6.259511179794512 0.4440165241944925 
8	0.7	99.004	5	7	10	10	10	10	(129, 122, 46)	6.035694292580304	7.175318185121785	-5.0119500676903055 -5.8012114525821925 -4.462573219906729 -5.44685874585388 -3.9160266143534237 -5.089979447346034 -3.3653861753782377 -4.734853685570498 -2.8016492831320723 -4.393180684931484 -2.2167412249079383 -4.077814702106411 -1.6052557656841124 -3.7948181303388147 -0.9796566599344658 -3.537428729116707 
8	0.7	99.004	5	7	10	10	10	10	(96, 111, 223)	6.239809485571174	7.461134483408362	-6.183047081374036 -6.130058839520493 -6.387051683089799 -5.4668017941339 -6.617022735004428 -4.816992343913861 -6.884748183370958 -4.184292862362361 -7.190158857710027 -3.568313658347927 -7.523375070645096 -2.9636503204945095 -7.871174341315113 -2.362934361537559 -8.223876630978147 -1.7611791043909641 
7	0.7	99.004	5	7	10	10	10	10	(233, 214, 130)	5.582519774343234	8.038442248473261	1.7472566462633712 3.2389339802622037 1.051279279690489 3.1692890348390885 0.35726109162527864 3.092000398307983 -0.33566057068105565 2.9887177865571166 -1.0190904337739621 2.8667418930925908 -1.7020160123848638 2.72549938642921 -2.374822285910615 2.56121452861462 
9	0.7	99.004	5	7	10	10	10	10	(133, 10, 120)	6.817505378425016	7.843650909672538	0.3701729514545747 1.8425488720351266 1.0067796393611532 1.6609091961883198 1.6471176367188725 1.479460469252134 2.2912404162505355 1.2965164480972569 2.9384750677956504 1.108251535162981 3.5874479063058633 0.9091842470749166 4.235962170052006 0.692479291845823 4.886608020454126 0.4653617223701474 5.5412696359521165 0.23335262541094604 
8	0.7	99.004	5	7	10	10	10	10	(191, 50, 42)	6.257046608384929	9.641940851090153	-1.3749108880434546 -5.113426351644544 -1.9526233193199343 -5.488236980435931 -2.533627884930951 -5.861183006092873 -3.119628501708367 -6.229078400377964 -3.7143321013163546 -6.585796788856307 -4.321610382913361 -6.924499297159451 -4.942395343196076 -7.243747669083982 -5.568139719188599 -7.555694035297804 
10	0.7	99.004	5	7	10	10	10	10	(238, 170, 107)	7.656125627186981	8.878386785177877	-0.8507380236570351 -6.3929829600154315 -0.352922885008619 -5.900119330115867 0.1415205774966934 -5.410606805913499 0.6501803577204992 -4.938188218560555 1.183137483797689 -4.495477232198262 1.7448511183774373 -4.090823153935784 2.3346239320811444 -3.7273446770987224 2.9479333675877686 -3.4022123261449093 3.578038045537532 -3.106717402882087 4.217236685157872 -2.827315155859763 
8	0.7	99.004	5	7	10	10	10	10	(220, 65, 184)	6.068159467182939	7.426719595680018	-2.7923322434878926 3.850444388901547 -3.347700337565933 3.4909249217670997 -3.903128012377709 3.135291077176125 -4.468358229713302 2.7918239390271795 -5.048153437046937 2.467669620816089 -5.644617307702866 2.1665552745885295 -6.258184642346633 1.8880279215904912 -6.883208198858507 1.6216914458554308 
8	0.7	99.004	5	7	10	10	10	10	(200, 104, 199)	6.126344541342313	10.175155821690357	-1.582220077193531 4.115845962788347 -0.9296236864913477 4.233744709931166 -0.27301897272897296 4.346460629388192 0.38772146602155144 4.4496406915834825 1.054110366757748 4.5410927853376615 1.7274856527167979 4.6221790818785715 2.4083798852663305 4.696672248756652 3.096926262934851 4.769572270313074 
7	0.7	99.004	5	7	10	10	10	10	(78, 166, 144)	5.351946292570373	6.373328657692588	-2.004395422510419 -2.216820314804605 -2.5474331570612185 -2.5463254056051965 -3.0918023793359204 -2.8862454722756326 -3.6359397838230585 -3.2423317432455603 -4.179847804126719 -3.617376220059768 -4.725262331632512 -4.011084365921553 -5.2822421063393445 -4.42062055312971 
8	0.7	99.004	5	7	10	10	10	10	(29, 21, 163)	6.056710171808769	9.05478451468878	-0.8229352377501316 -2.2965692426234394 -0.18133571416871308 -2.2513457790188394 0.46469863503152026 -2.1899841004055722 1.114994729604346 -2.1090631919428975 1.7709185056194823 -2.0037884440613336 2.431867192602488 -1.877826939256388 3.0983162875377728 -1.735780270561639 3.771635791930229 -1.5818805749583886 
4	0.7	99.004	6	7	10	10	10	10	(179, 118, 56)	3.4401743001911287	5.854218742668486	0.35439356205035233 0.3149396635764087 -0.19305279388580554 0.7157001471517115 -0.7356944533401871 1.1296005274275127 -1.2801535784591467 1.535716791870136 
4	0.7	99.004	6	7	10	10	10	10	(203, 248, 152)	3.4651042900216202	7.770442318964795	1.1405400986655565 -0.7537107006997243 1.8144321074019487 -0.6168167765468142 2.4894731207162724 -0.4837020521708964 3.1665589923492936 -0.35394056869095025 
9	0.7	100.004	5	7	10	10	10	10	(19, 41, 0)	6.877510163360977	7.711275018541213	-5.6880403351568996 -0.8784964976997184 -5.008499633930158 -0.9095720319755624 -4.328330337662138 -0.9381130936982292 -3.6471774343316885 -0.9607022724125027 -2.9648778986218334 -0.9732560826408668 -2.2814831573952774 -0.9723578471685621 -1.595575607945637 -0.9588526944782243 -0.9054100894126023 -0.9274380651164068 -0.21397710550456356 -0.8941644504041698 
9	0.7	100.004	5	7	10	10	10	10	(72, 249, 62)	6.847167788059432	10.017775364995991	-5.867282652027886 -3.2479922606595237 -6.195178254917992 -2.66159390921883 -6.523295892095906 -2.073431283560079 -6.849074362615465 -1.481207967581758 -7.1670415171386885 -0.8829416653256709 -7.484632119543284 -0.2819371118085163 -7.801516650793817 0.3247701545133597 -8.117981114206456 0.9369297002776721 -8.431794806098754 1.5570915372385137 
8	0.7	100.004	5	7	10	10	10	10	(248, 19, 141)	6.283812936003418	7.512619908367123	-3.3065476017172384 5.207109596781034 -2.622506761284865 5.377472972889977 -1.931845502557577 5.514008617256698 -1.2521156565719467 5.629409047970033 -0.5685453244867377 5.7414811231792875 0.11852039957286585 5.851539844257284 0.8080305973880811 5.9591656062901945 1.4988283454910847 6.0660105712830825 
8	0.7	100.004	5	7	10	10	10	10	(242, 238, 173)	6.295072846205024	7.882831152820277	-3.278483821812608 7.181700710215106 -3.732737997069577 6.64994466640217 -4.1834480391858735 6.116044396990665 -4.623759158492218 5.569156119323018 -5.057936693962256 5.0209227724697065 -5.494334340000166 4.474746441113955 -5.934606866156056 3.9324095314588727 -6.377643998850592 3.3931668436384936 
8	0.7	100.004	5	7	10	10	10	10	(79, 28, 29)	6.132579211509414	8.188493122242559	-1.5977538109352798 0.29576634684353675 -2.263359107778718 0.3652834823588337 -2.931319518100822 0.4201957393506803 -3.602833200298484 0.4590692078479118 -4.277806646799354 0.4817540759223674 -4.956076898218299 0.4888145368057709 -5.637505170300139 0.48175933492512213 -6.32262130399598 0.46290547512298075 
8	0.7	100.004	5	7	10	10	10	10	(129, 122, 46)	6.1204058674171335	7.175318185121785	-5.042234847031518 -5.836002386030394 -4.468398144475406 -5.470627281126545 -3.8994709976732382 -5.105379607285208 -3.3329420472712594 -4.7417213761386305 -2.7629665123801974 -4.38668827746688 -2.18228450530844 -4.0510551917608675 -1.5850580255467153 -3.7447186124234992 -0.9678831479015395 -3.465444310422366 
8	0.7	100.004	5	7	10	10	10	10	(96, 111, 223)	6.274696319983578	7.461134483408362	-6.309932444955669 -6.213438288322405 -6.52943655675358 -5.550659733406023 -6.761693425623934 -4.893644022624339 -7.013535865242157 -4.245359781661335 -7.289963988709391 -3.607642381679015 -7.589583741358343 -2.9802256821978377 -7.905946453408584 -2.3603431138549844 -8.229712479839518 -1.7420998921882827 
8	0.7	100.004	5	7	10	10	10	10	(233, 214, 130)	6.2887584356376145	8.038442248473261	2.4436103020140365 3.356250227506002 1.7472583031765552 3.289762502524272 1.052107398272305 3.2198941979859566 0.36027220416750133 3.1364542809365075 -0.32768052382167046 3.0203972810864017 -1.0081765838645698 2.8821798648788115 -1.6936692308809533 2.7336996282301427 -2.378290184843468 2.586417913655625 
9	0.7	100.004	5	7	10	10	10	10	(133, 10, 120)	6.851964061249543	7.843650909672538	0.4238978703524769 1.8795603590495777 1.0649983654953445 1.6888428222679344 1.7096412154326537 1.4987057135550128 2.3577887983968076 1.3084029274496953 3.008871271720627 1.115052595826277 3.661704117481694 0.9140054738151667 4.313947638170351 0.6993414410935999 4.9681248697377 0.47662036144794484 5.625707689734996 0.25010009256462673 
9	0.7	100.004	5	7	10	10	10	10	(191, 50, 42)	6.936594155310734	9.641940851090153	-0.8101634800751515 -4.777714678908753 -1.3834502696518403 -5.156332049907026 -1.959846487451296 -5.531910197528965 -2.540118996808689 -5.903861703393144 -3.1254877643731827 -6.270515558269836 -3.717471259603185 -6.629560730345885 -4.317892559873382 -6.978110361239452 -4.9271643442515245 -7.315917729590613 -5.540336728129085 -7.650191647217981 
10	0.7	100.004	5	7	10	10	10	10	(238, 170, 107)	7.6548707560913964	8.878386785177877	-0.7970010779263974 -6.478583041814983 -0.2818382307150316 -6.006605455529403 0.23203838766315696 -5.528192829291132 0.7401571024160526 -5.053905202652778 1.2630259701861106 -4.598899590677022 1.81047609017344 -4.176033955932935 2.385354035690535 -3.791530864107301 2.9847360067429003 -3.444399627679355 3.60199978576743 -3.1266821287158875 4.228800399558023 -2.82495111481352 
9	0.7	100.004	5	7	10	10	10	10	(220, 65, 184)	6.688073983791103	7.426719595680018	-2.4679888580403717 4.3461033705295655 -2.9582416767969937 3.9095358323292584 -3.4339465285985185 3.51858962363409 -3.9607153998714666 3.1489415487115275 -4.526775973030778 2.8067074978115567 -5.117169603780166 2.4878363108712263 -5.723181331974561 2.1883335328625924 -6.342105977334594 1.9064604484790686 -6.9693970607545666 1.6342607996958172 
9	0.7	100.004	5	7	10	10	10	10	(200, 104, 199)	6.670715147512761	10.175155821690357	-1.966336903006323 3.872408134326754 -1.401702101306477 4.0966343417271105 -0.8304874395371572 4.2759270354756795 -0.2003921194314329 4.412211993797326 0.4610106316176915 4.515265487931356 1.1353178785598652 4.600840943633265 1.8163773561618544 4.678414707102249 2.5025506323410296 4.752944969041192 3.193650136429617 4.827030061571864 
7	0.7	100.004	5	7	10	10	10	10	(78, 166, 144)	5.339474892784354	6.373328657692588	-2.205023243046642 -2.2622070964178835 -2.686528952978592 -2.631914537860993 -3.1981414595230553 -3.0034387549366546 -3.737498829253684 -3.375130625212083 -4.294443801348166 -3.749909403170402 -4.859579657336608 -4.130696703203681 -5.434201997699815 -4.516896944936577 
9	0.7	100.004	5	7	10	10	10	10	(29, 21, 163)	6.693765080658759	9.05478451468878	-1.333787162352118 -2.251042730869592 -0.7267413782394841 -2.245437245220139 -0.09487718174308298 -2.234915643991068 0.5573741469717893 -2.1991598162031325 1.218884394691395 -2.131084173894124 1.8841605618322155 -2.02455292370257 2.550532661502544 -1.8857782459007455 3.218162651352354 -1.7230277327225847 3.8897694789068855 -1.5445950688785937 
4	0.7	100.004	6	7	10	10	10	10	(179, 118, 56)	3.4445202788937967	5.854218742668486	0.4218418189994877 0.3085883886721048 -0.124232547193174 0.7134644732358474 -0.6655756829384466 1.1306086928800203 -1.2065576216290639 1.5447536077610549 
4	0.7	100.004	6	7	10	10	10	10	(203, 248, 152)	3.471542525400352	7.770442318964795	1.175617446304197 -0.7855234741518198 1.8494842065126165 -0.6368876734406151 2.524227613120856 -0.4908462362225811 3.2001358730672615 -0.34668554698511356 
