N disks	Disks radius	time	Gen	Method	ks	kt_bot	kt_par	kc	color	current length	div_length	X
6	0.7	3.001	1	7	10	10	10	10	(0, 128, 0)	4.900000233093314	7.236033277758629	-2.200000116546657 1.4287546703519706e-16 -1.5000000874099901 -2.857509197987497e-17 -0.8000000291366638 -1.1430037505532248e-16 -0.09999997086333844 -1.143003750553224e-16 0.6000000874099888 -2.8575091979874795e-17 1.3000001165466568 1.4287546703519736e-16 
7	0.7	6.002	1	7	10	10	10	10	(0, 128, 0)	5.5999998319008615	7.236033277758629	-2.899991028640948 0.003914677476334054 -2.1999916552173007 0.0029903293539390507 -1.4999922807323038 0.0020724203118814397 -0.7999929092202949 0.001167897998907536 -0.09999351686263504 0.0002796536120371401 0.6000059127538792 -0.0005952040972684489 1.3000053577996997 -0.00146362274463562 
7	0.7	9.003	1	7	10	10	10	10	(0, 128, 0)	5.600000291358276	7.236033277758629	-2.899991298188235 0.003884315218311258 -2.1999918429838194 0.0029879315408952415 -1.4999923586433637 0.0020915478799729084 -0.799992874303135 0.0011951643309078559 -0.0999933899627323 0.00029878091785811775 0.6000060943781844 -0.000597602383335289 1.3000055495831986 -0.001493985593414948 
8	0.7	12.000	1	7	10	10	10	10	(0, 128, 0)	6.300000334043313	7.236033277758629	-3.5999807130394115 0.007918676350942788 -2.899982351038575 0.00639148046745279 -2.1999839593960537 0.004864977684348004 -1.49998556506595 0.003340017476485961 -0.7999871664075797 0.0018171544857320601 -0.09998876295238805 0.00029638871106694824 0.6000096445270324 -0.0012228344912633279 1.3000080253807462 -0.0027413644707973573 
9	0.7	15.001	1	7	10	10	10	10	(0, 128, 0)	7.000000077942099	7.236033277758629	-4.299968323363925 0.01221358172182726 -3.5999714090693615 0.010131873609585751 -2.899974451112101 0.00806096088398393 -2.199977432661559 0.006015230218050811 -1.499980315171275 0.004006288171641802 -0.7999830806878523 0.0020385332942366393 -0.09998573624654183 0.00010756699268947053 0.6000116907612207 -0.0017982173283929708 1.3000091354346583 -0.003693206198796097 
5	0.7	18.003	2	7	10	10	10	10	(93, 60, 17)	4.1877952842649115	8.21838219909058	-2.5395371572619094 -3.1686219040643535e-05 -3.2349335934826926 0.005596985303653469 -3.931215172985225 0.011203958322962707 -4.628600402040425 0.016790223577395548 -5.327242420124175 0.022371475054169237 
5	0.7	18.003	2	7	10	10	10	10	(125, 147, 160)	4.187794839780956	6.834563682291925	-1.1604385840794107 0.007137811377607019 -0.46502783625836325 0.0037404127569126313 0.23126798150326555 0.0003605637879887701 0.928667383191975 -0.003002223316380284 1.6273235793639516 -0.006359650154647659 
5	0.7	21.004	2	7	10	10	10	10	(93, 60, 17)	4.199839118943178	8.21838219909058	-2.54978978301763 -0.0006366194895687702 -3.249704802537049 0.005227023333870601 -3.949631531328147 0.011090350473185654 -4.649572824179509 0.016953375758206022 -5.349530673065174 0.022816323986256944 
5	0.7	21.004	2	7	10	10	10	10	(125, 147, 160)	4.199839112281156	6.834563682291925	-1.1501883524193766 0.007613972132879698 -0.45025788597354305 0.00404248839629061 0.2496842886464687 0.0004712637466647873 0.9496410263664405 -0.0030997086133555 1.6496143202130018 -0.006670599207300997 
6	0.7	24.001	2	7	10	10	10	10	(93, 60, 17)	4.899913591943237	8.21838219909058	-2.100280532906614 -0.6513434744187281 -2.77449227275251 -0.4631634626383859 -3.4487278818648908 -0.27507854967997536 -4.123000791630349 -0.08712345097725038 -4.797308374665738 0.10072427278662946 -5.471637493440722 0.28852185531228314 
6	0.7	24.001	2	7	10	10	10	10	(125, 147, 160)	4.899910591102335	6.834563682291925	-1.601307858191127 0.6559880241856456 -0.9264326757208704 0.4702039937574652 -0.2515340361338137 0.2845151324406056 0.4234014808241319 0.09895615928436569 1.0983714369983384 -0.08649539648332912 1.773362986088633 -0.27189681843112323 
7	0.7	27.002	2	7	10	10	10	10	(93, 60, 17)	5.599983541939482	8.21838219909058	-1.4261781498283626 -0.840022503752672 -2.1004654554896947 -0.6520259485825154 -2.774741930948161 -0.4639781652994422 -3.448960698887888 -0.2757934176910599 -4.123165727077514 -0.08755040749766807 -4.79737067266345 0.10070359260798742 -5.471579540058354 0.2889544312984191 
7	0.7	27.002	2	7	10	10	10	10	(125, 147, 160)	5.599943439790744	6.834563682291925	-2.275824181968076 0.8430584356396522 -1.6010595112945583 0.6568700901205546 -0.926258982425337 0.47079713238032866 -0.2514120548099056 0.2848758246664593 0.4234751971755841 0.09908600539663487 1.0983884753798223 -0.0866206178611929 1.7733129019972333 -0.27229458866072775 
7	0.7	30.003	2	7	10	10	10	10	(93, 60, 17)	5.600000030114641	8.21838219909058	-1.4263862334575286 -0.8406779863033613 -2.1006006810024327 -0.6524362936371649 -2.7748150162924095 -0.4641940533275054 -3.449028843616843 -0.2759504677742945 -4.1232424280965585 -0.0877059477972494 -4.7974558878521165 0.10053911210674633 -5.471669292210075 0.28878437582288263 
7	0.7	30.003	2	7	10	10	10	10	(125, 147, 160)	5.599999571795756	6.834563682291925	-2.2756605656506266 0.8436852830580037 -1.6008525232037238 0.6575833538580717 -0.9260441680032493 0.47148245787330767 -0.25123536590541923 0.28538313973844354 0.42357389615117796 0.0992853991218366 1.098383508213496 -0.08681120258247361 1.773193273217933 -0.2729072990341754 
8	0.7	33.004	2	7	10	10	10	10	(93, 60, 17)	6.300002299842333	8.21838219909058	-0.7522876477736788 -1.0291942854110854 -1.426522442387702 -0.8410240893496562 -2.100756092980489 -0.6528483271796246 -2.7749861066063075 -0.4646583248176483 -3.449209643840775 -0.2764441245361208 -4.123421599993742 -0.0881963514241584 -4.797628187982945 0.10007153085042603 -5.471832842502336 0.2883472151480362 
8	0.7	33.004	2	7	10	10	10	10	(125, 147, 160)	6.299987767822948	6.834563682291925	-2.949998221564074 1.0313119240244562 -2.2752934806414307 0.8448445916421122 -1.6005833956528608 0.6583963744004101 -0.9258645729888753 0.47197917002183687 -0.25113591132069 0.2855965013033271 0.42360149258045005 0.09924399007747728 1.0983449682288289 -0.08708836149594837 1.7730913068475285 -0.27341229413265083 
9	0.7	36.001	2	7	10	10	10	10	(93, 60, 17)	7.000957778179469	8.21838219909058	-0.08321175562745843 -1.238860278741748 -0.7566320992040547 -1.0478195604350282 -1.4301634651202584 -0.8563323180825906 -2.103667283898813 -0.6648091661981684 -2.7771806442280975 -0.4734217686909106 -3.450711784648504 -0.2822220704937557 -4.1242521150386295 -0.09118879627462047 -4.7977856707708435 0.09973409971961036 -5.471296273317772 0.2906069178921518 
4	0.7	36.001	3	7	10	10	10	10	(243, 80, 205)	3.4882485392408724	7.11390462991362	-1.9859384976799836 0.7616926738844855 -2.649896636433704 0.9647648911456752 -3.315452707773643 1.1683511199437076 -3.982854393691362 1.3725190513470678 
5	0.7	36.001	3	7	10	10	10	10	(202, 202, 94)	4.183129531827209	7.239632770003941	-0.6786060616454535 0.34571902236242963 -0.0016503440337236812 0.1937603415304801 0.676393986596011 0.04173688663134023 1.3559130242335005 -0.11043300625313135 2.037162111088957 -0.2628964168983911 
10	0.7	39.002	2	7	10	10	10	10	(93, 60, 17)	7.700034541706518	8.21838219909058	0.5890379510105618 -1.4329582428558834 -0.08420876763742628 -1.24127911989502 -0.757458238883534 -1.0496047868556795 -1.4307131315386372 -0.8579421709021481 -2.1039750043058945 -0.666301729896819 -2.7772451837267176 -0.47468993407101084 -3.450523459823367 -0.28310788549846777 -4.1238080931863115 -0.09155118135227536 -4.7970962785398195 0.0999886064882136 -5.470384971877471 0.29152104202854434 
4	0.7	39.002	3	7	10	10	10	10	(243, 80, 205)	3.4999578465643695	7.11390462991362	-2.0052633017531476 0.7683988547782507 -2.6747256741669405 0.9728287007292947 -3.344193830289034 1.1772603858992317 -4.013668601959384 1.3816941404691985 
5	0.7	39.002	3	7	10	10	10	10	(202, 202, 94)	4.199939677712937	7.239632770003941	-0.6702237921083054 0.3475572836755538 0.012534274554987878 0.19325130616394273 0.695296348373096 0.038945381291256825 1.3780637831241151 -0.11536076598584973 2.0608374269512213 -0.26966781024626935 
5	0.7	42.003	3	7	10	10	10	10	(243, 80, 205)	4.096673154276495	7.11390462991362	-1.7565880646023555 1.0491031855467263 -2.4007903510905972 1.106428894145648 -3.0647601077669004 1.189438755433895 -3.741971649139544 1.2977091824249471 -4.426366071313591 1.4185156600224198 
6	0.7	42.003	3	7	10	10	10	10	(202, 202, 94)	4.794362477620684	7.239632770003941	-1.0928474916020825 0.3035869241676997 -0.4511276099207019 0.22324459180340395 0.21099001562226025 0.12013897791770116 0.8853764972257021 -0.00556618811857564 1.5652921457170585 -0.14423090263734464 2.2480968504651835 -0.28724782254957265 
5	0.7	42.003	3	7	10	10	10	10	(155, 187, 232)	4.152793566396639	7.958466897290268	-1.1255363183569125 -1.0529460304591056 -0.4603505646100164 -1.2025110392920861 0.2079149315606041 -1.3565796180814278 0.8798067031459814 -1.5145396564816345 1.5560780484605692 -1.6747726210646043 
6	0.7	42.003	3	7	10	10	10	10	(158, 88, 81)	4.8363319389561985	7.908451347335582	-2.340202842476087 -0.5368101608362367 -3.0008459656063646 -0.3714364957105727 -3.663238402361701 -0.20404708696303986 -4.328308196002864 -0.03401260671982008 -4.996935309747186 0.1384565735992241 -5.669850728333492 0.3127272952036346 
5	0.7	45.000	3	7	10	10	10	10	(243, 80, 205)	4.199834128005417	7.11390462991362	-1.7596322664666242 1.3970822380247563 -2.459584799909324 1.3975300177723913 -3.1595387851321495 1.398026859835983 -3.8594979375504312 1.3985857611757688 -4.5594655931899375 1.3991874262706094 
6	0.7	45.000	3	7	10	10	10	10	(202, 202, 94)	4.899539772768975	7.239632770003941	-1.1054171070345538 0.15988928344922101 -0.40966588683680527 0.08409632954630923 0.2860971870189795 0.008300919248599548 0.9818810443920729 -0.06749888200349538 1.6776931733746838 -0.1433038388152636 2.373538982034073 -0.21911355476916033 
5	0.7	45.000	3	7	10	10	10	10	(155, 187, 232)	4.200020826097701	7.958466897290268	-1.1374892108117998 -1.2395549857215429 -0.44408553976576026 -1.3354866078489587 0.24931516705139709 -1.43142536958166 0.9427127497396061 -1.5273716547149156 1.6361076831948844 -1.6233217055460603 
6	0.7	45.000	3	7	10	10	10	10	(158, 88, 81)	4.899813828005445	7.908451347335582	-2.333297502862831 -0.511602080471363 -3.016619234473597 -0.3599779070206757 -3.699958002808567 -0.20839093075776163 -4.383319063771388 -0.05684996272581296 -5.066701011237626 0.0946625203927463 -5.750088334420693 0.24618231450080752 
6	0.7	48.001	3	7	10	10	10	10	(243, 80, 205)	4.899640696419821	7.11390462991362	-1.0839251184245333 1.9479348257901903 -1.773354601800207 1.827503083592765 -2.4629405009952476 1.7061060495335816 -3.1525056709017094 1.5854970809523266 -3.842147862723138 1.466326836082027 -4.531803834478294 1.34828247377664 
7	0.7	48.001	3	7	10	10	10	10	(202, 202, 94)	5.597418541010281	7.239632770003941	-1.707191924496638 0.4437532518010818 -1.0200552080300065 0.3179389182798409 -0.33164492893670394 0.19772255416397838 0.3587150539170239 0.08699839783517907 1.0512358972731415 -0.012755000427831021 1.7456954913851246 -0.10277378412927989 2.4415384877356665 -0.18689686740335662 
6	0.7	48.001	3	7	10	10	10	10	(155, 187, 232)	4.875544658408028	7.958466897290268	-1.4153580345337706 -2.04732597531883 -0.7326309701948338 -1.9164637890050777 -0.04883447500713407 -1.7937650255367075 0.6369318571093413 -1.6826653160193648 1.324767928669219 -1.58225931155559 2.014214589566795 -1.488163294905044 
7	0.7	48.001	3	7	10	10	10	10	(158, 88, 81)	5.555828186608803	7.908451347335582	-2.063586539004397 -0.867766881019118 -2.721686513103149 -0.6602509383215391 -3.3798789403701384 -0.4526917050177031 -4.038719637609788 -0.24443593393736293 -4.698672956293268 -0.03471841140972492 -5.360403563598572 0.1773001979672279 -6.024278360925482 0.3907023283259112 
6	0.7	51.002	3	7	10	10	10	10	(243, 80, 205)	4.901095362031145	7.11390462991362	-1.1088385868239405 2.1421267946380715 -1.7964750992628156 2.0121265150023193 -2.483151770625276 1.878291457341781 -3.1688153119901497 1.7334135276985414 -3.8531360021468095 1.5833582685232668 -4.536809572357337 1.4316710681373153 
8	0.7	51.002	3	7	10	10	10	10	(202, 202, 94)	6.2716942378936675	7.239632770003941	-2.340386947813858 0.5470026075602494 -1.6550539411915532 0.4423205682599213 -0.9688845341350228 0.33899721066319677 -0.28155306533318414 0.237942909638159 0.4071787883218555 0.13969974321083686 1.0974463441574815 0.04440389193708952 1.789270255931012 -0.04833968983573249 2.4825510168058282 -0.1395595049531067 
6	0.7	51.002	3	7	10	10	10	10	(155, 187, 232)	4.8987861197161795	7.958466897290268	-1.3485880548810047 -2.4191514504492893 -0.6772291799230847 -2.217448569399167 -0.005935846262469507 -2.0188692214064345 0.6662641805466006 -1.8249787431460343 1.3392857470897819 -1.63535142914823 2.012651599814435 -1.4481517044542276 
8	0.7	51.002	3	7	10	10	10	10	(158, 88, 81)	6.276453555158138	7.908451347335582	-1.433833851428574 -1.0474879898286262 -2.1104798296022813 -0.8822285363335846 -2.78433632250056 -0.7070813389290377 -3.45119274250055 -0.5110331771218443 -4.11366852382305 -0.2986491538512486 -4.773283129250075 -0.0748442794844374 -5.43168736754091 0.15568315124759094 -6.090344956501676 0.3890094067081733 
7	0.7	54.003	3	7	10	10	10	10	(243, 80, 205)	5.600997112537986	7.11390462991362	-0.43986340785967665 2.384631524565022 -1.1306067756794445 2.2707930800631537 -1.8211488886708347 2.1554897507242967 -2.5108694918660417 2.035463340479555 -3.198603970702611 1.9052848681272931 -3.883147534478219 1.756705360840128 -4.566059628521916 1.6015384492917049 
9	0.7	54.003	3	7	10	10	10	10	(202, 202, 94)	6.945902988669081	7.239632770003941	-2.9714799804171306 0.6206119516210925 -2.2885605418242436 0.5323650119389852 -1.604921109952997 0.4428832768304492 -0.9203358384229486 0.35106645658144375 -0.23462386444929925 0.2564279456894031 0.45236143862514977 0.15918319652108343 1.1407244644090329 0.060008518915133195 1.8305183970617205 -0.040312336267209266 2.5217525625530772 -0.14116376042621345 
7	0.7	54.003	3	7	10	10	10	10	(155, 187, 232)	5.606043666896321	7.958466897290268	-1.986363937405782 -2.7712495586981447 -1.3114441144814553 -2.584603263125839 -0.6388045296933417 -2.38989329461238 0.03051903322150076 -2.173207381545521 0.691469953990143 -1.9396289083511467 1.3486198607153415 -1.6965173630008243 2.00412853637521 -1.4500158566138375 
9	0.7	54.003	3	7	10	10	10	10	(158, 88, 81)	6.943903742082082	7.908451347335582	-0.7958651832522191 -1.0782482119693944 -1.479317442131761 -0.9927640907964873 -2.1599753947142397 -0.8897872533853899 -2.8365533158693537 -0.757333059015311 -3.508093335026504 -0.5876054419197497 -4.168958961816032 -0.3795759996937847 -4.824785123961605 -0.1479219548798747 -5.478464497004353 0.09523988115514198 -6.132189409158427 0.34224102536723555 
8	0.7	57.000	3	7	10	10	10	10	(243, 80, 205)	6.3031357449446865	7.11390462991362	0.24921527071647018 2.4938060790703975 -0.44559757575409936 2.407889669603515 -1.1406975275789337 2.3232723174478123 -1.83632525234416 2.24172280757144 -2.53263435238646 2.1644196941928286 -3.2295232869831745 2.0905275377202495 -3.9263795147555642 2.015347469485454 -4.621057605046513 1.9281776170906308 
8	0.7	57.000	3	7	10	10	10	10	(155, 187, 232)	6.309570459388894	7.958466897290268	-2.6169290598312838 -3.116679214001316 -1.947812945177427 -2.9112061582542377 -1.2778365226538717 -2.7080640641916016 -0.6070945607059279 -2.505676950023036 0.061412579499414546 -2.2941318576240706 0.726254252936893 -2.051794403796728 1.3751727539059833 -1.7888566108131443 2.020732339103274 -1.5183774114403317 
10	0.7	57.000	3	7	10	10	10	10	(158, 88, 81)	7.647890679983329	7.908451347335582	-0.13086429978053407 -1.052186663566627 -0.8090610798504966 -1.0153960499181778 -1.4910557085771026 -0.9583911121214471 -2.1763692136435564 -0.8735678190717894 -2.8628168504739993 -0.7610079196499148 -3.547706722329071 -0.6220448950917464 -4.2281432529078025 -0.4541886737218828 -4.898650096588621 -0.25649515380460186 -5.565269554785598 -0.04420001087145567 -6.230614668908451 0.1727885943678496 
5	0.7	57.000	4	7	10	10	10	10	(29, 212, 80)	4.0572640238122695	7.325002252557306	-1.1140076144289852 0.4365325426072254 -1.7633281054499288 0.516934868261248 -2.4180079746069336 0.5974399965961367 -3.0800511131213195 0.6770514155805842 -3.752155962785208 0.7545729890345532 
5	0.7	57.000	4	7	10	10	10	10	(254, 68, 3)	4.088993479644632	8.35340681043742	0.08013835757515043 0.2785113164692721 0.7254291944826243 0.14976708839850467 1.3800506107939308 0.025040286395806254 2.045739518506698 -0.09593550079805137 2.723155680987527 -0.21612066513291875 
8	0.7	60.001	3	7	10	10	10	10	(243, 80, 205)	6.299156008907181	7.11390462991362	0.255821295450658 2.432787332957017 -0.4429110609085643 2.391451869927096 -1.1416381421142643 2.3508085007443476 -1.840410040323238 2.3117227880934115 -2.5392591167119622 2.2747407983471395 -3.2381799134418126 2.239643272389344 -3.9371131225804223 2.205081570528816 -4.6361591687687325 2.1682791040199034 
9	0.7	60.001	3	7	10	10	10	10	(155, 187, 232)	7.007856376121916	7.958466897290268	-3.269652059240723 -3.38375274228905 -2.6001706841840035 -3.179680044246566 -1.9301119105986133 -2.9777246891764304 -1.258754791139031 -2.7799366258349267 -0.5859299681339863 -2.586292300441292 0.08742009030464179 -2.393001254891178 0.7586222946878876 -2.1914643198593904 1.4279019249004186 -1.9660396153335953 2.0871418687888577 -1.7290769579075727 
5	0.7	60.001	4	7	10	10	10	10	(29, 212, 80)	4.193499504754277	7.325002252557306	-1.142863611079882 0.4839417433647412 -1.8366006298113844 0.5708663662354574 -2.5296512620002436 0.6578681738622529 -3.222235637347134 0.7450277065129518 -3.9145639638129444 0.8322463567372573 
5	0.7	60.001	4	7	10	10	10	10	(254, 68, 3)	4.198333275232176	8.35340681043742	0.25870603076859516 0.4762947838678528 0.9319654418469492 0.2859354678222195 1.6012180432069083 0.08235158792174656 2.2694434193533906 -0.12439671650161936 2.937879705977102 -0.3311087803456225 
5	0.7	60.001	4	7	10	10	10	10	(90, 33, 251)	3.9906359625511967	9.52499977850731	-2.002058571829975 -0.8905784208921289 -1.367681673080777 -0.898583754717196 -0.7260240716516705 -0.908721214055502 -0.07465515824468928 -0.9187824752872986 0.5883195515704992 -0.926888667336233 
6	0.7	60.001	4	7	10	10	10	10	(15, 101, 149)	4.718295181124368	7.890017903396778	-3.09342861758379 -0.6591741664858194 -3.725164414303272 -0.5645768985856497 -4.368593152987116 -0.4645576552302305 -5.022966997149434 -0.3556514290551383 -5.689468766385826 -0.24021444047871343 -6.367619082956394 -0.12093306390759416 
9	0.7	63.003	3	7	10	10	10	10	(243, 80, 205)	7.004712718503152	7.11390462991362	0.9551048547208651 2.5730271220162373 0.255493246382134 2.5412742966204025 -0.4486327200848087 2.4986704137510767 -1.1466156865269599 2.4430773331587563 -1.8443242097992731 2.3869693493784343 -2.542256491971039 2.337244774797357 -3.240563188379225 2.295563308887886 -3.939091960949781 2.2591958699301093 -4.638198275585584 2.2221505116096356 
10	0.7	63.003	3	7	10	10	10	10	(155, 187, 232)	7.704041937374011	7.958466897290268	-3.9474400303401658 -3.5452703236585967 -3.271995827257477 -3.3611691385675253 -2.59637979305202 -3.1773662533370834 -1.9204331298287471 -2.9944290447889435 -1.243965366147937 -2.813046529756388 -0.5668184813742145 -2.6337950109771406 0.11103873593563678 -2.4567707368864204 0.7893919090346383 -2.2811184264451607 1.4682727255346868 -2.104360236948681 2.144753484251047 -1.9249920615291283 
6	0.7	63.003	4	7	10	10	10	10	(29, 212, 80)	4.834654003523969	7.325002252557306	-0.6309175218941425 0.13932108770742477 -1.2919399388752497 0.30647085069659724 -1.955922808321891 0.4676161202452951 -2.624724775141807 0.6189328309644638 -3.3000718365340487 0.7595236698352721 -3.9809507035159464 0.8940246316957042 
6	0.7	63.003	4	7	10	10	10	10	(254, 68, 3)	4.84241721644497	8.35340681043742	-0.06459771007704089 1.247835028122292 0.5352013635931016 0.9226175410277 1.138589216252535 0.5987552604151388 1.746383285210398 0.27647429241879806 2.3586526465631854 -0.045230264079686756 2.9750710343895577 -0.3678055164846721 
5	0.7	63.003	4	7	10	10	10	10	(90, 33, 251)	4.1969676321506935	9.52499977850731	-1.9269315097086899 -1.317364592075769 -1.2329520424745528 -1.2308871069053058 -0.5408925124380107 -1.1362267084526536 0.14930930066591777 -1.0188809153432326 0.8365630233593654 -0.8912124291693561 
6	0.7	63.003	4	7	10	10	10	10	(15, 101, 149)	4.897799983280961	7.890017903396778	-3.1897557805498535 -0.6473165350400923 -3.880492349054846 -0.5381233826110594 -4.571527313385482 -0.4300273699431535 -5.262842924053582 -0.3230214072276836 -5.954386887791129 -0.21667532970319736 -6.646120519464649 -0.11055571111147888 
6	0.7	66.004	4	7	10	10	10	10	(29, 212, 80)	4.896553181965878	7.325002252557306	-0.6439014707248127 0.17673182457247244 -1.3206371248161834 0.3512590198611971 -1.9990783774794898 0.5192274279343376 -2.6834224349522744 0.6728785461015407 -3.3684308314417826 0.8107433967241545 -4.054651570442423 0.9418077314620813 
6	0.7	66.004	4	7	10	10	10	10	(254, 68, 3)	4.897907205571463	8.35340681043742	0.04498687231587525 1.3733361420305887 0.638295051708087 1.00327893567939 1.2326079776271983 0.6344883453030017 1.8280627593409118 0.2672396682299109 2.424385584270397 -0.09887196241752871 3.021149608865599 -0.46451658600859164 
6	0.7	66.004	4	7	10	10	10	10	(90, 33, 251)	4.899824268421289	9.52499977850731	-2.416655258311037 -1.9986390677603794 -1.7607658456592468 -1.748746816706191 -1.1057658567133353 -1.5026863687739145 -0.44922333258224445 -1.2618423342216554 0.2088607128219275 -1.0252277574309925 0.8679090296090177 -0.7905126062715597 
7	0.7	66.004	4	7	10	10	10	10	(15, 101, 149)	5.547484013572186	7.890017903396778	-2.6343830371037202 -0.6836760832842629 -3.3169407062593663 -0.5955718229246627 -3.9992719841991375 -0.5058099345441167 -4.682203966688737 -0.41261658056844946 -5.366517978516465 -0.31529682345274684 -6.052953350366729 -0.21452095618872488 -6.742146980366853 -0.11184982357520772 
5	0.7	66.004	4	7	10	10	10	10	(16, 93, 103)	4.196104562898336	8.023654401540641	-0.8482904824907453 2.78328012110188 -0.15054801254734043 2.752344510161345 0.547657529859771 2.7209984341599713 1.246155034950532 2.6897860917676994 1.9450382986749895 2.658722166658633 
5	0.7	66.004	4	7	10	10	10	10	(192, 204, 40)	4.196403585308588	7.138306858185626	-2.1550725879296984 2.3006693652638175 -2.853671087878613 2.3034460042360583 -3.552636798137394 2.3059718259228434 -4.252104627071133 2.3077568915921693 -4.951463752621724 2.307464400499668 
5	0.7	66.004	4	7	10	10	10	10	(114, 194, 178)	4.0841380560326375	8.557189949430821	-2.0974316605323717 -3.3366766165077104 -2.7518900692188586 -3.3900540101780816 -3.4138240088915417 -3.4522231636798866 -4.085347597369692 -3.5239256069413356 -4.7682905417331005 -3.6013594046269235 
6	0.7	66.004	4	7	10	10	10	10	(163, 80, 172)	4.746181896749617	8.982055271192559	-0.9858406699856024 -2.906731859017528 -0.3657380420280822 -2.705398836408082 0.2609152888868453 -2.5013884402320334 0.8959391481019572 -2.294047495728286 1.540521446306789 -2.0831921707490477 2.1953112225651656 -1.8688509088115604 
7	0.7	69.001	4	7	10	10	10	10	(29, 212, 80)	5.545714343572998	7.325002252557306	-0.12131068979043406 0.05727405735142105 -0.7803095367205871 0.24515609380853076 -1.4427019703361776 0.4249666188081184 -2.116237930726261 0.5852592833719206 -2.7928994757018004 0.7269544735113073 -3.4735738110374226 0.8615087292978322 -4.157345766039088 0.9943719783389618 
7	0.7	69.001	4	7	10	10	10	10	(254, 68, 3)	5.594250267251525	8.35340681043742	-0.4976960893253391 1.755953830625543 0.11648996494832506 1.4225121549931288 0.7268667975006099 1.0790343341216353 1.3251381303765648 0.719680629689277 1.9173095268840252 0.34919346659310374 2.5062759473254594 -0.027360208261601883 3.0943177845294594 -0.40624818255580136 
6	0.7	69.001	4	7	10	10	10	10	(90, 33, 251)	4.905349157093241	9.52499977850731	-2.3569134948675576 -2.1762004164005218 -1.6935139715434333 -1.9514428566994046 -1.031045523006028 -1.708806025421433 -0.3753514789143688 -1.4635666504716047 0.28021423047844923 -1.2198997821963247 0.935196431152598 -0.9730211139139294 
8	0.7	69.001	4	7	10	10	10	10	(15, 101, 149)	6.2332292115206815	7.890017903396778	-2.0018316496191457 -0.759076169239324 -2.674420930047951 -0.6870270872102102 -3.3514838119931856 -0.6062748478543893 -4.033552693710152 -0.5151380863793407 -4.719452789543481 -0.41574511907852 -5.407941458645409 -0.31177093060232125 -6.0980968183768205 -0.20623316320826157 -6.789317048806581 -0.10048772512849274 
5	0.7	69.001	4	7	10	10	10	10	(16, 93, 103)	4.199209993577707	8.023654401540641	-0.7834448955936996 3.207288563578508 -0.09833873930933282 3.0629868845246797 0.5854896009379819 2.9155350789666086 1.269272186131245 2.7672002383198344 1.9531990379203965 2.6188092024446843 
5	0.7	69.001	4	7	10	10	10	10	(192, 204, 40)	4.20030585377741	7.138306858185626	-2.1624359629224905 2.2990778171123916 -2.861949412417468 2.3267577851208663 -3.5615195128532244 2.3544243142788552 -4.2611466368106115 2.381856696798645 -4.960605758722421 2.4084183389694305 
5	0.7	69.001	4	7	10	10	10	10	(114, 194, 178)	4.196633895109988	8.557189949430821	-2.1986712172490237 -3.54965672101386 -2.8974661520173672 -3.544098324414503 -3.596405895633799 -3.5398548180252396 -4.295648647860192 -3.536647424105205 -4.995257190391229 -3.5338536994714866 
6	0.7	69.001	4	7	10	10	10	10	(163, 80, 172)	4.8973239004073745	8.982055271192559	-0.8873494474309862 -3.0786437378309772 -0.23061967571129016 -2.8395893801712897 0.42608992121632844 -2.599673120509364 1.0827873495036306 -2.358475627578729 1.7393867979343867 -2.1163490601711237 2.396008395735398 -1.8741516994713712 
8	0.7	72.002	4	7	10	10	10	10	(29, 212, 80)	6.174100564257605	7.325002252557306	0.4436688892800033 -0.0015268263451071033 -0.2027089993894928 0.1687866770304356 -0.8528709426922475 0.337488188098786 -1.5088310850929363 0.500519596421271 -2.1743217550114196 0.6525145179989718 -2.8464258044431765 0.796488316894844 -3.5242339857420406 0.9353905882346865 -4.206881076909569 1.071985281106247 
8	0.7	72.002	4	7	10	10	10	10	(254, 68, 3)	6.105981156967715	8.35340681043742	-0.6965261803973252 2.1180785394321617 -0.12592037736763584 1.8037212363486526 0.44674126798754216 1.4815197900087258 1.0169555464006568 1.1415729073776335 1.5790087018509071 0.7691011768050232 2.1321905972065465 0.3747541269918675 2.6844547148200353 -0.03314208829584346 3.239940803357216 -0.448131744026442 
7	0.7	72.002	4	7	10	10	10	10	(90, 33, 251)	5.599988865913442	9.52499977850731	-2.970840061976478 -2.510090082990444 -2.314582161329179 -2.267024332485209 -1.657598052343782 -2.026334715547578 -0.9991822005206918 -1.7911831018468762 -0.33717607965056773 -1.567414654960927 0.32879511266565736 -1.3547287536347798 1.0007110343566263 -1.1465746667177055 
8	0.7	72.002	4	7	10	10	10	10	(15, 101, 149)	6.266440161467383	7.890017903396778	-2.047043497067282 -0.7414042760043995 -2.7335461474397276 -0.655640975403607 -3.4209300067423216 -0.568684975013936 -4.109222980474745 -0.4801038904547868 -4.798482641370332 -0.38994227535328024 -5.488783504222038 -0.2985307123479771 -6.180202335615517 -0.20630744800737955 -6.872803381841302 -0.11367255090064785 
6	0.7	72.002	4	7	10	10	10	10	(16, 93, 103)	4.902957290412768	8.023654401540641	-1.3751082006270687 3.703071522625143 -0.7070005307564722 3.492642831220483 -0.038590760049035756 3.2754085232045314 0.6231122206455441 3.0477579120188216 1.2833152017115033 2.815325954659331 1.9431242344407433 2.5816128528383553 
6	0.7	72.002	4	7	10	10	10	10	(192, 204, 40)	4.743935008252658	7.138306858185626	-1.8774750258317898 2.224105938533612 -2.52607418304445 2.28510689838425 -3.1817228337382115 2.346402840606594 -3.8461676772253313 2.4073579163663847 -4.521519388851493 2.4667167033377755 -5.207727411107587 2.526134472147228 
6	0.7	72.002	4	7	10	10	10	10	(114, 194, 178)	4.89696566151725	8.557189949430821	-1.8663101807247964 -4.572273076980577 -2.508437697709204 -4.294441155749978 -3.153968256214205 -4.025742041506032 -3.804085778388912 -3.7685995118713023 -4.457932231773841 -3.520535602331245 -5.113672852627472 -3.276599046996635 
7	0.7	72.002	4	7	10	10	10	10	(163, 80, 172)	5.553854680908859	8.982055271192559	-1.348270304550532 -3.3486065592483567 -0.6927520685678759 -3.1387997990915997 -0.03891715576058837 -2.9227795768131166 0.6121975875496197 -2.695378313891473 1.259814868821003 -2.451078624471674 1.905281922524343 -2.1871705184959396 2.547819066277846 -1.9150040519860578 
8	0.7	75.003	4	7	10	10	10	10	(29, 212, 80)	6.281833949935365	7.325002252557306	0.4410992960322835 0.037399603131372944 -0.22170227548576604 0.24867793498850274 -0.8882035290944945 0.446783121577164 -1.5647966642649644 0.6187796034608691 -2.246399533522639 0.7649800909141662 -2.932528473310141 0.8922479100355675 -3.621545862957208 1.007270611262694 -4.312172462565173 1.116747057942552 
8	0.7	75.003	4	7	10	10	10	10	(254, 68, 3)	6.123799924027718	8.35340681043742	-0.39825802615461026 2.2664361758201195 0.13555339353222007 1.8883546842484704 0.6770873290495184 1.5105395566768245 1.2267919123089435 1.1313948711144417 1.78119750786168 0.7458682658853184 2.3416431620215836 0.35629686454655535 2.9078606946130723 -0.036319355303445267 3.4790494880078997 -0.4317987382280367 
8	0.7	75.003	4	7	10	10	10	10	(90, 33, 251)	6.22878953631124	9.52499977850731	-3.5374792473104364 -2.649908797160601 -2.874151003216027 -2.4878547041853274 -2.212198387132883 -2.316938533915692 -1.5504779694652062 -2.134564349032574 -0.8891005398427769 -1.933536024116933 -0.23500882062032974 -1.7085743479837776 0.41752838946571846 -1.469097309903539 1.070670665588469 -1.2233183647831436 
9	0.7	75.003	4	7	10	10	10	10	(15, 101, 149)	6.932114654866796	7.890017903396778	-1.4671742975517215 -0.7562073730390663 -2.148506159008282 -0.6820594465654113 -2.8314511869249555 -0.6066826421098684 -3.5159394666521657 -0.5299015659736566 -4.201999371335915 -0.4518183752635033 -4.8897073758598575 -0.3725642568830524 -5.57915859263305 -0.2922925761425214 -6.270451583099146 -0.2112380292204045 -6.963673943484722 -0.1297033817297185 
7	0.7	75.003	4	7	10	10	10	10	(16, 93, 103)	5.601321735287554	8.023654401540641	-1.9402356394181326 4.141196828740256 -1.2764397131786167 3.9184366607540406 -0.6135519945308424 3.6925802008849997 0.0456289648578478 3.456376652710024 0.6962473812128674 3.1974352682978653 1.3427119065220081 2.9283159925790594 1.9878128634092775 2.6562701856820183 
7	0.7	75.003	4	7	10	10	10	10	(192, 204, 40)	5.40929859023599	7.138306858185626	-1.5377177375239615 2.0476661858134335 -2.173212942801482 2.1749372817087522 -2.8169003963789776 2.29252513866917 -3.471313697848755 2.3963188604198 -4.137123974947073 2.486507424471511 -4.813976176400175 2.5659457237128462 -5.5006710021502325 2.641717472127298 
6	0.7	75.003	4	7	10	10	10	10	(114, 194, 178)	4.914337627235134	8.557189949430821	-2.0667373588045854 -4.994238765356195 -2.6824413616815757 -4.65124974792269 -3.2913656048029365 -4.3027366606097806 -3.900075224016025 -3.9531500886594313 -4.509007754904834 -3.5981554221425665 -5.112456922498265 -3.2411753277047843 
8	0.7	75.003	4	7	10	10	10	10	(163, 80, 172)	6.1985733582691385	8.982055271192559	-1.8926971273659765 -3.634758215783358 -1.241365330830025 -3.462448360412046 -0.5921431698319852 -3.2749260945364105 0.05504390257256772 -3.065267495369445 0.7007217859254214 -2.8344192766496668 1.3457329510700031 -2.587551430359299 1.9912614685211212 -2.3306291861636947 2.6382797460820617 -2.0696994228075627 
9	0.7	78.004	4	7	10	10	10	10	(29, 212, 80)	6.971247094997468	7.325002252557306	1.0504248622930565 -0.06162895295792042 0.38745586393349174 0.14148232015748496 -0.280188516724411 0.3287891471073927 -0.960803923371925 0.48473483562550834 -1.644542235045776 0.6079882075138521 -2.333511773949525 0.7193524647487483 -3.021291126445512 0.8311353873955525 -3.7099651072192152 0.9437434504062499 -4.3996420952173425 1.056878707247916 
9	0.7	78.004	4	7	10	10	10	10	(254, 68, 3)	6.950251338314878	8.35340681043742	-0.8079336302473774 2.8249355459820555 -0.2391806045891467 2.4351221520121507 0.3309406679827497 2.0454504367812625 0.9016807606527824 1.6544808642036548 1.4709254529886029 1.2589200980464008 2.036112603308201 0.8532655130648392 2.59161112824028 0.43602676436208826 3.1436964671756016 0.011404833431566456 3.6954576204934466 -0.4164951471652578 
8	0.7	78.004	4	7	10	10	10	10	(90, 33, 251)	6.307481268746145	9.52499977850731	-3.566405607069206 -2.689868754959123 -2.8792349371658172 -2.559596805469073 -2.1922521365279195 -2.4255029942270143 -1.5069026874776426 -2.281301441665436 -0.8255250896173234 -2.1185436399120605 -0.14689291370579435 -1.9240060014798677 0.519776042282612 -1.7081469934206746 1.183621572234733 -1.4844806933712587 
10	0.7	78.004	4	7	10	10	10	10	(15, 101, 149)	7.594038131379328	7.890017903396778	-0.9127630805278732 -0.8348796722951862 -1.5897854560400246 -0.767928981392081 -2.2683435628572575 -0.6963444510196777 -2.9479901579004975 -0.6207754057179918 -3.6290393018827625 -0.5417328071795419 -4.31178485290247 -0.4597760860583887 -4.996497049287391 -0.37552891836710345 -5.683413657814623 -0.289634885025012 -6.37272858014762 -0.20268519658319806 -7.0645804965268315 -0.11514206014966023 
7	0.7	78.004	4	7	10	10	10	10	(16, 93, 103)	5.6043905793785616	8.023654401540641	-1.7217940376930638 4.681997763248731 -1.084275424269967 4.393132213896997 -0.4493646271081983 4.099017019040583 0.1811790405119341 3.788800948226746 0.8049002066197576 3.4688745546877198 1.4258264010938189 3.144185425272513 2.045647668997582 2.8181240218438366 
7	0.7	78.004	4	7	10	10	10	10	(192, 204, 40)	5.541029079703478	7.138306858185626	-1.7603692415103056 1.9522273759679416 -2.428114215887799 2.103704784309821 -3.097379273936681 2.254130014349267 -3.7691414606569054 2.404543745974691 -4.4435546458263016 2.555384448199749 -5.12076871262705 2.7068447017503576 -5.800901717838038 2.8589790369155015 
7	0.7	78.004	4	7	10	10	10	10	(114, 194, 178)	5.599115669111427	8.557189949430821	-1.6081704681084699 -5.538623879597143 -2.202778077460944 -5.168726871637254 -2.7966099752646123 -4.797092323671002 -3.3864918411348013 -4.421588226359913 -3.9751387805579763 -4.043659430082631 -4.5633371246107375 -3.664549652018239 -5.151042179150468 -3.2847674307913826 
8	0.7	78.004	4	7	10	10	10	10	(163, 80, 172)	6.2757904244719676	8.982055271192559	-1.85000110331124 -3.8078997213152332 -1.177826879504706 -3.635316878358783 -0.5068484740461869 -3.45606558379117 0.16103204163448387 -3.262940007703554 0.824853544285039 -3.0528191624717835 1.4847419396798818 -2.8269805366268335 2.142026724439648 -2.589526904944775 2.798427498697502 -2.347918676668264 
10	0.7	81.001	4	7	10	10	10	10	(254, 68, 3)	7.697132796279188	8.35340681043742	-1.3598319533928271 3.271055370236265 -0.7575654433804322 2.916815916620103 -0.16010584577486806 2.553240153690306 0.43097775668088567 2.1798163253978857 1.0143836769958572 1.7937014743708668 1.5902155836029985 1.3960312616760129 2.1594472312612725 0.9888740424209184 2.723276925999172 0.5740948715368103 3.283331453893029 0.15347175619834347 3.8417495816718223 -0.26898992580713504 
9	0.7	81.001	4	7	10	10	10	10	(90, 33, 251)	6.972362030215903	9.52499977850731	-4.285180219755612 -2.6554525477614197 -3.5925643448236353 -2.5737544949516 -2.90176013592328 -2.487771979078902 -2.211874925095086 -2.391627607841607 -1.5238832434109073 -2.284268479078943 -0.8384562272496929 -2.164530635175962 -0.15567583373436888 -2.0304941643840317 0.5258453888779921 -1.8818937521068746 1.205162342007849 -1.7268460077008951 
8	0.7	81.001	4	7	10	10	10	10	(16, 93, 103)	6.30294524576377	8.023654401540641	-2.2285322389393856 5.253041284066675 -1.6104232718964322 4.9247145566052115 -0.9937703312789291 4.593923600279968 -0.37969259901962693 4.2554831862777975 0.23014873392157098 3.910187916681972 0.8375397485391187 3.5609454240169907 1.4436312276182286 3.2098534003641177 2.049169118784918 2.85823715008331 
8	0.7	81.001	4	7	10	10	10	10	(192, 204, 40)	6.2381213038771115	7.138306858185626	-1.3122572156899441 1.6882423797601622 -1.9687753745807546 1.8904544610775147 -2.6272631222449427 2.0878002055726026 -3.2889836280168394 2.277813972525998 -3.9547328917842783 2.459719531395512 -4.625093685451421 2.6344006648431364 -5.298738822929178 2.805212841072934 -5.9751755621994285 2.974996080560316 
8	0.7	81.001	4	7	10	10	10	10	(114, 194, 178)	6.30039359508069	8.557189949430821	-1.1344943793128464 -6.126308364109559 -1.7404147685842897 -5.77624937044846 -2.345358059904968 -5.424975090838245 -2.94772912729385 -5.069832249546405 -3.5466201839898313 -4.705927122900413 -4.142600045091923 -4.337831764294455 -4.736918807479789 -3.967738671697733 -5.330501544266736 -3.5959363959152504 
9	0.7	81.001	4	7	10	10	10	10	(163, 80, 172)	6.968446900159158	8.982055271192559	-2.455115975425782 -3.8049434727359284 -1.7671638148857538 -3.7084199301511007 -1.080453022386729 -3.604028335686439 -0.39576334450957684 -3.4859848229517088 0.28619749133528316 -3.350606974037314 0.9648136964990858 -3.1962141809253524 1.639780619779851 -3.0232715391677574 2.311503886359621 -2.8351712391732273 2.9828178505101044 -2.641090040717438 
5	0.7	81.001	5	7	10	10	10	10	(188, 38, 44)	4.176634062970175	8.257354734002657	-0.18036949661304902 0.9484583030424546 0.3872538064689188 0.5572987452987989 0.9546225143535009 0.15718886954346037 1.5197592061940965 -0.2477144077745852 2.086276093838506 -0.6551417842470137 
5	0.7	81.001	5	7	10	10	10	10	(148, 225, 235)	4.199119863865166	8.314373217530697	-1.9178833352468925 0.4417745583171076 -2.5871597910622937 0.6434301824306295 -3.257068002215928 0.8437868343645906 -3.92972977353176 1.0404137195654206 -4.602623386296272 1.2336299412692129 
5	0.7	81.001	5	7	10	10	10	10	(80, 53, 19)	4.150318817111177	6.938457825387973	-2.864246478309493 -1.1190565310916325 -2.18611872614117 -1.0028170203883682 -1.5080228948989691 -0.8892081317304726 -0.829690474555935 -0.7780321362639788 -0.15092412820094323 -0.6696110169951217 
6	0.7	81.001	5	7	10	10	10	10	(212, 4, 169)	4.860348802752015	7.914387906739703	-3.959114566488345 -0.3435711733802089 -4.645961121191615 -0.31841132076708173 -5.334978118865257 -0.2933655179424283 -6.026411353315067 -0.26845966733803256 -6.720447566616413 -0.2436278213671565 -7.417211941188087 -0.21877186408211438 
10	0.7	84.002	4	7	10	10	10	10	(90, 33, 251)	7.693100887956314	9.52499977850731	-5.00152560207658 -2.6173046702835467 -4.3041232104685765 -2.563337083146959 -3.6072626379087116 -2.5074003010014447 -2.9107318340859356 -2.4448910887070063 -2.2118321331125634 -2.366763239704547 -1.5199456823229596 -2.267852992508836 -0.8316963244465758 -2.153854648841284 -0.14462835884307873 -2.0310412505503503 0.5420894655384597 -1.9037028119222401 1.2290317623250677 -1.7744367418009235 
9	0.7	84.002	4	7	10	10	10	10	(16, 93, 103)	7.0011404709974325	8.023654401540641	-2.8092566760589874 5.652058485232625 -2.1914454382277864 5.322797529553745 -1.5737319958178508 4.993196536560203 -0.9564881001934894 4.66256383114962 -0.3403540936924604 4.329724134630794 0.2736489007978873 3.992893125995172 0.884039120827768 3.649844805650013 1.4903824824368033 3.30020873177571 2.095382759306172 2.948158747203835 
9	0.7	84.002	4	7	10	10	10	10	(192, 204, 40)	6.877933446545304	7.138306858185626	-0.831463559098086 1.5156707456593208 -1.469528479601174 1.744335523379472 -2.1113219048988907 1.9623495532996817 -2.7591842979880647 2.166061471459249 -3.413827893018656 2.356061025605613 -4.0746414958946575 2.5359467382828202 -4.740820624134274 2.710243496760982 -5.410869342619146 2.8835758866889516 -6.084672366410721 3.0577839020930258 
8	0.7	84.002	4	7	10	10	10	10	(114, 194, 178)	6.300727951288609	8.557189949430821	-1.1484523548561953 -6.170575404627084 -1.7840504996711228 -5.877154274557143 -2.4189597696341476 -5.582117458806051 -3.051594150287272 -5.28217460842031 -3.6793352522943863 -4.972246872288041 -4.298397722510131 -4.645311504234532 -4.912859315911589 -4.309672418290517 -5.52564084993611 -3.97109782950284 
10	0.7	84.002	4	7	10	10	10	10	(163, 80, 172)	7.652416296516893	8.982055271192559	-3.076405498799525 -3.796851063494148 -2.3880367537256815 -3.7281372365606584 -1.699425843627914 -3.6495004453421207 -1.0124064560120454 -3.5577796730657982 -0.3271141711400523 -3.452964978341389 0.3570124703315532 -3.3362590214639596 1.0404178149095804 -3.2092122202639097 1.7233001007291366 -3.0733463666485004 2.4057409760665194 -2.930697415814296 3.088993156428237 -2.7851510549217204 
5	0.7	84.002	5	7	10	10	10	10	(188, 38, 44)	4.158099272523893	8.257354734002657	0.30642798510604347 0.8504574916943256 0.8314361432036897 0.4126691434711915 1.3562539336981096 -0.03142326774585364 1.8828578269371634 -0.4794409212888101 2.4124232641219927 -0.9304873300658512 
5	0.7	84.002	5	7	10	10	10	10	(148, 225, 235)	4.204778419251719	8.314373217530697	-1.9582948238755282 0.47267902527732664 -2.6235531979552453 0.6922058523040857 -3.2951260272326093 0.903278804795802 -3.969055843883456 1.0931070119344422 -4.644808885406281 1.2762050905797606 
5	0.7	84.002	5	7	10	10	10	10	(80, 53, 19)	4.1010711292347946	6.938457825387973	-2.6786784313446046 -1.1393725047775114 -2.026869416466105 -0.9982779388321023 -1.367812634680499 -0.8669881171168545 -0.7009365036927291 -0.7442264246995971 -0.027125654356421273 -0.6261517960303599 
7	0.7	84.002	5	7	10	10	10	10	(212, 4, 169)	5.4347384711639215	7.914387906739703	-3.517920751042648 -0.3430350315637291 -4.169450333347262 -0.32635126408105736 -4.8290602667157465 -0.30828649394024044 -5.4972026706805694 -0.2880652862315838 -6.173785488588218 -0.2655606451346035 -6.85840882517932 -0.24126610681117944 -7.550626741074879 -0.2160108673656919 
5	0.7	84.002	5	7	10	10	10	10	(144, 71, 232)	4.194994852956802	7.6003894196608055	0.1512706314856045 2.4909720979588483 -0.46610274180674294 2.8204580218717785 -1.083664795199136 3.145090352090635 -1.7027432717514122 3.4682734624452185 -2.3228297191732348 3.7912425133557566 
6	0.7	84.002	5	7	10	10	10	10	(100, 54, 100)	4.8914913843135395	8.509023097302443	1.3399365021731984 1.7604166505569045 1.8830471852090225 1.3221974324675265 2.4271672573454124 0.8855639150843281 2.9735866634997343 0.45114686225677886 3.5220643953826167 0.01841730823157452 4.071807670881053 -0.41377559160522287 
11	0.7	87.003	4	7	10	10	10	10	(90, 33, 251)	8.399931217850908	9.52499977850731	-5.674760651942555 -2.6934184833402313 -4.974943042332336 -2.652243494928813 -4.274262723487072 -2.6089107702778103 -3.5730648512482173 -2.5596626861972296 -2.8703964898101284 -2.4993805139122744 -2.1750921260080687 -2.4217727769219755 -1.4841579831269638 -2.3275585675037602 -0.7955262893290979 -2.219152495247113 -0.10820037155889535 -2.099653939927986 0.5783679330592602 -1.9726908547646003 1.2648219438325168 -1.841904770916709 
10	0.7	87.003	4	7	10	10	10	10	(16, 93, 103)	7.699056424242853	8.023654401540641	-3.4354772060895145 5.947080531551008 -2.804708551368131 5.643635819384082 -2.1735696692670228 5.341155298380837 -1.5417235120407171 5.0405710068360445 -0.9093033332102789 4.7417038322549905 -0.27692303086032083 4.442784239930921 0.354519608383126 4.141305987753204 0.984489578550435 3.835371199690116 1.6123568555545262 3.5263801970134447 2.2380060797384416 3.2108016130611796 
9	0.7	87.003	4	7	10	10	10	10	(114, 194, 178)	7.008193067602427	8.557189949430821	-0.5121841493351292 -6.455186515587483 -1.1720762702655447 -6.220847775904613 -1.831960984322308 -5.985710680142394 -2.491171299929743 -5.747976936493434 -3.1484444967533745 -5.504391286238938 -3.801647253155962 -5.249886576358462 -4.4502747316944715 -4.9759798420012 -5.086998973243851 -4.684388394004621 -5.720468617992034 -4.385981224637893 
11	0.7	87.003	4	7	10	10	10	10	(163, 80, 172)	8.335643344526524	8.982055271192559	-3.6861150663151725 -3.8965389560696773 -2.999575977930139 -3.850158058392068 -2.312361887212609 -3.7905346199142063 -1.625430742979419 -3.713385791879007 -0.9395829457354502 -3.6196851071849525 -0.2549912004621849 -3.511843464754748 0.428648400222436 -3.3921698041833808 1.1117017665230213 -3.262903711596542 1.7944252141898576 -3.12619732527398 2.4770518404282758 -2.9846199885865 3.1609014926012566 -2.8418251141921944 
6	0.7	87.003	5	7	10	10	10	10	(188, 38, 44)	4.759223950993777	8.257354734002657	0.5828868625427065 0.9869675057465321 1.020809916734919 0.4980734288162342 1.4655654429052136 0.005756580425979618 1.9181738556080703 -0.4901163065222336 2.3786369766326043 -0.9902012057959001 2.846097483642165 -1.4953424799652189 
6	0.7	87.003	5	7	10	10	10	10	(148, 225, 235)	4.882682859361959	8.314373217530697	-1.3444602102951888 0.4628734803128165 -1.9992245330664962 0.6968734620571481 -2.6571625404411052 0.9223976010370564 -3.321140188873981 1.1294490749565629 -3.995900202383935 1.3067349746174957 -4.675049865612599 1.470738747648055 
6	0.7	87.003	5	7	10	10	10	10	(80, 53, 19)	4.876552786483067	6.938457825387973	-3.2909145395564905 -1.2445093382248378 -2.6095921527026276 -1.1250813746606847 -1.9254899544108224 -1.0096451560737931 -1.2398236532394467 -0.8948857451168429 -0.5529151594389576 -0.7749146680777284 0.1348616193612285 -0.6526529728023114 
7	0.7	87.003	5	7	10	10	10	10	(212, 4, 169)	5.527790213155249	7.914387906739703	-3.7373061786521586 -0.07170575401116817 -4.41530612615052 -0.12135894637110364 -5.096591552625464 -0.16830739949370369 -5.7813793171903765 -0.21136920750024984 -6.469757510625337 -0.25078703302919625 -7.161731086381561 -0.28774715349552676 -7.857266582181104 -0.3237605860853 
5	0.7	87.003	5	7	10	10	10	10	(144, 71, 232)	4.14555414439444	7.6003894196608055	-0.03693319393754196 2.8240385418957934 -0.6523365506391992 3.1102382361548973 -1.2720409420910928 3.398487839320656 -1.8965213497417481 3.689304143087441 -2.5260161328962276 3.9827156990018895 
7	0.7	87.003	5	7	10	10	10	10	(100, 54, 100)	5.479581759500089	8.509023097302443	1.1399371005900818 2.2746441207435892 1.63316188137045 1.8193358972844011 2.121132328909554 1.3577128170509423 2.6088999040982626 0.8901261009768611 3.0993260722611935 0.4178586802657315 3.5939670634984755 -0.05861292213218054 4.09341385451593 -0.5394245549102913 
5	0.7	87.003	5	7	10	10	10	10	(128, 115, 11)	3.9979105641177473	8.662419298595037	-2.820119367531627 2.633687633996628 -2.2336597696947362 2.345195818471515 -1.6478037290140417 2.064746596028133 -1.0611399126508752 1.7920217358359836 -0.47277290232629254 1.520838882653167 
5	0.7	87.003	5	7	10	10	10	10	(131, 56, 168)	4.105106886859943	7.087143337020199	-4.040873581022947 2.7008244849233223 -4.690367092440168 2.839866051566375 -5.347128146863762 2.976817663350085 -6.013225208966536 3.11413957163697 -6.689006584486908 3.2530192396534328 
10	0.7	90.000	4	7	10	10	10	10	(114, 194, 178)	7.706254463666863	8.557189949430821	0.15583020425759006 -6.641444194294383 -0.5133638523521058 -6.435689495993734 -1.1830894653220079 -6.231321371128317 -1.853953392289382 -6.030422515693073 -2.5265019785542417 -5.834968231321272 -3.200994388654164 -5.6460227534544405 -3.877201564391621 -5.462896100896752 -4.55420161324244 -5.282274985573348 -5.23276494689077 -5.096616077746707 -5.906154680964373 -4.905261627836796 
7	0.7	90.000	5	7	10	10	10	10	(188, 38, 44)	5.438147280269748	8.257354734002657	0.5632177923208874 1.4873555123622464 0.9447937411807706 0.9435183744799293 1.3351813205355114 0.40336315983163507 1.7375393437341822 -0.13215944160291915 2.1524119973306806 -0.6634825748162297 2.5781801475294186 -1.1924549465898855 3.0116231420606674 -1.722053161121204 
7	0.7	90.000	5	7	10	10	10	10	(148, 225, 235)	5.57081860325056	8.314373217530697	-0.6923856405584191 0.4457459467562304 -1.3442625511452264 0.680762497733478 -1.9927505854658834 0.9237675023608864 -2.64210628204748 1.1657992057874245 -3.304264249043683 1.3874386262885363 -3.970273853687853 1.5898977788366349 -4.6403142681206715 1.7854138573212979 
7	0.7	90.000	5	7	10	10	10	10	(80, 53, 19)	5.594628215923931	6.938457825387973	-3.9404279268359024 -1.3355584007254677 -3.2457696334520896 -1.2649657152697493 -2.5507249235733065 -1.1763721805693301 -1.859269965846142 -1.0752841611141568 -1.1690435727014281 -0.9675554197718158 -0.47924490522794433 -0.8554595197991259 0.20979722951147287 -0.7350220091139426 
8	0.7	90.000	5	7	10	10	10	10	(212, 4, 169)	6.234128838320185	7.914387906739703	-3.22435499894397 0.035140402053624245 -3.907390620059746 -0.00765834684976729 -4.592228170008909 -0.06155029987341875 -5.278019311181742 -0.12104131661870987 -5.965465498312513 -0.1821087850876843 -6.655109515599184 -0.2425053670656323 -7.347279603382278 -0.30168689936950566 -8.042115393215367 -0.3602556881561109 
6	0.7	90.000	5	7	10	10	10	10	(144, 71, 232)	4.886821773189546	7.6003894196608055	0.3193033937514128 2.8584987691452115 -0.322040245616285 3.134019191202426 -0.9642645692549627 3.4043461774264583 -1.6082495577787672 3.6699237168287144 -2.25398527756162 3.932376397720063 -2.9012888127870475 4.19452093269728 
7	0.7	90.000	5	7	10	10	10	10	(100, 54, 100)	5.566760711899457	8.509023097302443	1.6090751150678866 2.330358372131654 2.0415664356825425 1.7900796904082086 2.476427859434699 1.2512317193064546 2.9162810735556803 0.7153015908596058 3.3615530299285457 0.1821632540007856 3.811170200027483 -0.34944380161065214 4.2634145578044365 -0.8812172767698786 
5	0.7	90.000	5	7	10	10	10	10	(128, 115, 11)	4.062882009206793	8.662419298595037	-3.0875330029182653 2.8038033531461584 -2.4645876646936986 2.5531107434724483 -1.8446305171099593 2.3053437256056957 -1.2276930599097629 2.059886721228865 -0.6147554409723782 1.8157269118943433 
5	0.7	90.000	5	7	10	10	10	10	(131, 56, 168)	4.152208901850274	7.087143337020199	-4.344650233587174 3.1420497096643265 -5.025643892260775 3.153400913435238 -5.711108265346165 3.168262803155606 -6.401203740285816 3.1867167119970405 -7.096058843485908 3.207065903176005 
6	0.7	90.000	5	7	10	10	10	10	(45, 210, 49)	4.863274616904958	7.92094835779865	-1.131427622092302 -4.064004616504136 -1.8221619201576722 -4.03386997157872 -2.513390118004197 -4.006059840193297 -3.2054272665776824 -3.980501008740601 -3.898445109496942 -3.9542810192727056 -4.5917463455215195 -3.9215541101173623 
6	0.7	90.000	5	7	10	10	10	10	(224, 152, 59)	4.876008887677468	8.735617242300828	0.11883726231364798 -3.5255367043636805 0.8015064999294066 -3.41319940185851 1.4857498994369334 -3.301801641668787 2.172055483032581 -3.193804058139516 2.8606454559982835 -3.08968356254642 3.5527066073198936 -2.9863167241271342 
5	0.7	90.000	5	7	10	10	10	10	(87, 253, 125)	4.1600895825447335	7.9863131221080135	-1.8413841310965167 5.265028762481071 -2.469016537040881 5.538836587883955 -3.0994355205991266 5.81422199873028 -3.7331324230476777 6.091377567588552 -4.370507360496781 6.370301909393841 
6	0.7	90.000	5	7	10	10	10	10	(49, 206, 180)	4.846262948581035	8.935111711903094	-0.616657994025141 4.748041997302647 0.010816441173048683 4.476911107702214 0.6401425422391619 4.2044592835395616 1.2719708698753056 3.9303289117756752 1.9062584555182451 3.6548635560850196 2.5438810994555108 3.374124214932457 
6	0.7	90.000	5	7	10	10	10	10	(65, 139, 32)	4.739217918554449	7.616667561464341	-3.7835952492232727 -2.6209966718697615 -4.432692521157616 -2.609560969110598 -5.089438427354727 -2.6082261223831242 -5.756200096111746 -2.6155329133379754 -6.4337360531484 -2.6286979549949185 -7.12236194487768 -2.6444969033735024 
7	0.7	90.000	5	7	10	10	10	10	(117, 193, 246)	5.4166344416276075	8.678198491503242	-2.6312011654418086 -2.581011077506292 -1.9940392818333883 -2.4765657105334924 -1.3473690916597898 -2.371958059355075 -0.69069856779579 -2.2648615334986166 -0.02493781013782633 -2.152453033439586 0.6486729396172802 -2.0349906720174267 1.3294716784243237 -1.9133130605419932 
11	0.7	93.001	4	7	10	10	10	10	(114, 194, 178)	8.402265217834346	8.557189949430821	0.8363451944038486 -6.80168840260706 0.16177268419563065 -6.614631099619469 -0.5130800764678926 -6.428483585750365 -1.1885817746277747 -6.244597108829249 -1.8650890645427247 -6.064314133656823 -2.5428472311386945 -5.888608825951516 -3.221927822443756 -5.7178280523968175 -3.9021970687902527 -5.551511549958296 -4.583294561360757 -5.3882404705883475 -5.265112550236494 -5.22534208446916 -5.945474857469352 -5.061183662096243 
7	0.7	93.001	5	7	10	10	10	10	(188, 38, 44)	5.533798326793608	8.257354734002657	0.7325570233000975 1.48573741588835 1.1268885281202208 0.9264507752801713 1.5254788225731337 0.3685612293520912 1.9303434900207308 -0.18702912837357458 2.341536224244505 -0.7406115061285868 2.757927909769909 -1.294457343686847 3.1752684546881267 -1.8487855280549284 
7	0.7	93.001	5	7	10	10	10	10	(148, 225, 235)	5.613019428927949	8.314373217530697	-0.6459075698680286 0.5639691976053045 -1.3061076814495598 0.7997398040392933 -1.9678596555031815 1.0294362953576455 -2.6449811925506648 1.2369151415964152 -3.3231622144577115 1.415204645723822 -4.004357575830628 1.581979483871444 -4.685837407288392 1.7452521046872636 
7	0.7	93.001	5	7	10	10	10	10	(80, 53, 19)	5.598703072208821	6.938457825387973	-3.9276823087761135 -1.4386922114835619 -3.2321348196575825 -1.3778228855137948 -2.5395513486904666 -1.2888228827310284 -1.8509514013471127 -1.1561576894691026 -1.1678141367706287 -1.0019541438001236 -0.4853290127384869 -0.8431942639827099 0.1966161394911632 -0.6855763388186497 
9	0.7	93.001	5	7	10	10	10	10	(212, 4, 169)	6.89679936343	7.914387906739703	-2.659862670395754 -0.04295881476597922 -3.3381867432747816 -0.03613755978120561 -4.017886195889249 -0.043402255583293144 -4.6999973438915275 -0.0655633292404611 -5.384389088096237 -0.10184054041120974 -6.070991855478306 -0.15017466846485755 -6.759874445124594 -0.20750855703061893 -7.451227857792281 -0.2703445848636417 -8.145287013754038 -0.3354901313750067 
7	0.7	93.001	5	7	10	10	10	10	(144, 71, 232)	5.371218104902205	7.6003894196608055	0.5737488530845777 2.8572944872730535 -0.015617852011004648 3.1436400149853694 -0.6114544170259043 3.4173503296290177 -1.2139473264276144 3.68326945208803 -1.8195795439418703 3.9503817880450938 -2.4288845111093984 4.221594226062435 -3.0425817597315072 4.497455508052313 
8	0.7	93.001	5	7	10	10	10	10	(100, 54, 100)	6.129796333460449	8.509023097302443	1.7882924741497883 2.817517666696015 2.0982776039759674 2.2317812462358857 2.423282988877383 1.6516820040212412 2.771349198855133 1.0807854898745872 3.1443111812258686 0.5196479208661396 3.5389225481361244 -0.03413237929098655 3.9483239864244695 -0.5852519107260279 4.365819056604527 -1.1386309275288464 
6	0.7	93.001	5	7	10	10	10	10	(128, 115, 11)	4.830084059766087	8.662419298595037	-3.80194296820667 2.9594072527815714 -3.1362588282268624 2.7803507351483145 -2.476116877031177 2.5920070885446194 -1.822477383409757 2.3872757581731956 -1.174578304657192 2.16593103806573 -0.5300247923123272 1.93510920632494 
6	0.7	93.001	5	7	10	10	10	10	(131, 56, 168)	4.833966123417094	7.087143337020199	-4.307633781475446 4.215329182911421 -4.914404491316135 3.91075822494588 -5.528223579102554 3.6125517076643683 -6.150434815835139 3.3226501208213803 -6.780235387959928 3.0387901134512716 -7.415815169673708 2.7566840426340007 
7	0.7	93.001	5	7	10	10	10	10	(45, 210, 49)	5.576772444804817	7.92094835779865	-0.5475990597076354 -4.805317569642807 -1.2230290253986555 -4.614587701349975 -1.897172251213199 -4.439946121603866 -2.5758997317810635 -4.29300011637539 -3.2598101068686343 -4.1762157867653436 -3.9476663928491678 -4.082600627342639 -4.638493391809415 -3.997303597614214 
7	0.7	93.001	5	7	10	10	10	10	(224, 152, 59)	5.537040638744404	8.735617242300828	-0.418975863253938 -3.507363597819725 0.265371244958036 -3.4526842037753465 0.9491703169461619 -3.395510972530494 1.6337985631855971 -3.3373533983160124 2.320347838803788 -3.2785551989152895 3.0096288045720714 -3.21870620068802 3.7031313488776454 -3.1563907306622 
5	0.7	93.001	5	7	10	10	10	10	(87, 253, 125)	4.201138539446916	7.9863131221080135	-1.7957193590650764 5.504618725012762 -2.459326322850694 5.726615233882053 -3.125071942361951 5.945168013463358 -3.7909012160692406 6.162681674277726 -4.456515025492186 6.380105247052888 
6	0.7	93.001	5	7	10	10	10	10	(49, 206, 180)	4.896494426083343	8.935111711903094	-0.5388740409709765 4.881020350223183 0.1292575325127006 4.676079090933045 0.7987309169303841 4.474932828885383 1.4697838050288572 4.2783772685404795 2.1414412211569087 4.083174394377085 2.8115438997317965 3.8811133995995117 
6	0.7	93.001	5	7	10	10	10	10	(65, 139, 32)	4.880824838419208	7.616667561464341	-3.9297146412080184 -2.727976246313383 -4.621742900614753 -2.6664719682888047 -5.314684667734706 -2.619349130540996 -6.009515607993126 -2.5825620966730747 -6.705993858319478 -2.5517771077221663 -7.403974763612571 -2.5232336904018227 
7	0.7	93.001	5	7	10	10	10	10	(117, 193, 246)	5.556212576225553	8.678198491503242	-2.5605940361329176 -2.702702565032934 -1.887724084230289 -2.5389731695543065 -1.213222103934569 -2.3766894691257807 -0.5350474932336681 -2.220961123261011 0.14353452044289738 -2.0846791236372004 0.823863634000031 -1.963478737254547 1.5052775440794812 -1.8490088662565731 
8	0.7	96.002	5	7	10	10	10	10	(188, 38, 44)	6.192613689085462	8.257354734002657	0.65683190078718 1.9833431905130046 1.036654398218786 1.4183230492365266 1.4136622534730225 0.8506941393662383 1.7917871847579039 0.28329816914887745 2.1735786510659025 -0.28283571919322226 2.559519548951612 -0.8484059268758786 2.9473324769187834 -1.4200341911727243 3.331861533051822 -1.9932108020447712 
8	0.7	96.002	5	7	10	10	10	10	(148, 225, 235)	6.2814222491093155	8.314373217530697	-0.035413863501000425 0.5863592035692943 -0.6932797899850229 0.8097333693876345 -1.3550266545430993 1.0233093735097696 -2.030162518118782 1.2170634560567313 -2.70525125662212 1.3863484725121333 -3.383130139375302 1.5463873303580356 -4.063137624176406 1.7021739033790533 -4.744609960197668 1.8567906180954894 
8	0.7	96.002	5	7	10	10	10	10	(80, 53, 19)	6.310858239915314	6.938457825387973	-4.59657640244237 -1.3943454670726447 -3.8957023671529583 -1.403361605924673 -3.193935063048722 -1.4022836819251299 -2.493217711053386 -1.3703713327504763 -1.7959739827449617 -1.2866175398241064 -1.1089868331997648 -1.1455973792776404 -0.4277767846759287 -0.9755651415844467 0.25022246867668635 -0.7973239918160554 
10	0.7	96.002	5	7	10	10	10	10	(212, 4, 169)	7.591620103807985	7.914387906739703	-2.0767048806294404 -0.06001241758198512 -2.757561289204908 -0.03426709499312123 -3.438396363797573 -0.01995038648484889 -4.121430797792208 -0.019627105521356433 -4.80651415716866 -0.03552238480692022 -5.492676389795914 -0.06932112901794957 -6.180655915339724 -0.11643152508195012 -6.8705968093269405 -0.1723091340668044 -7.562745349894291 -0.23298873518192542 -8.257338050627803 -0.2955150559673944 
7	0.7	96.002	5	7	10	10	10	10	(144, 71, 232)	5.433719939274262	7.6003894196608055	0.48817290571327676 3.3087021536088934 -0.15601460867966804 3.4813631478240357 -0.800944323869044 3.658178053978687 -1.4449611478414768 3.846976268595565 -2.0834316967021476 4.058714089556451 -2.718927987749915 4.287801920833373 -3.3543560513660657 4.52641988182621 
9	0.7	96.002	5	7	10	10	10	10	(100, 54, 100)	6.8547196244656945	8.509023097302443	1.7757455304831362 3.3217337790561854 2.069625213279351 2.716604246200394 2.3745757919780925 2.1159592064677253 2.697551669172364 1.5227083341970675 3.041281409744474 0.9378984654967091 3.4044805160635296 0.360462653131378 3.7821458661241127 -0.2127134839531485 4.168323788314536 -0.7854182343946583 4.558859479441737 -1.360614096684662 
6	0.7	96.002	5	7	10	10	10	10	(128, 115, 11)	4.88453116635724	8.662419298595037	-4.063667918295954 3.126624217671049 -3.3873440170507716 2.9516569474306116 -2.7126313646176157 2.7758805329171414 -2.039437980098351 2.5966283943616126 -1.3677977015367475 2.4122140534089356 -0.6979240416699644 2.2249343080712722 
6	0.7	96.002	5	7	10	10	10	10	(131, 56, 168)	4.855256096985579	7.087143337020199	-4.673329523937547 4.440360402862296 -5.237190034903933 4.050445972473575 -5.8058222808183295 3.662988215791636 -6.379985380278653 3.2787345516718664 -6.95902983948427 2.8964714164707166 -7.541702777012699 2.514159370825646 
7	0.7	96.002	5	7	10	10	10	10	(45, 210, 49)	5.606441910308959	7.92094835779865	-0.5604689110642218 -5.036621623164755 -1.2415810342083362 -4.869102242842377 -1.9244028833392255 -4.709295243383888 -2.6086818821899165 -4.5558244406729855 -3.295031722856779 -4.403531399270604 -3.9775991103276067 -4.2490261655694 -4.660149351977027 -4.0955084371698645 
7	0.7	96.002	5	7	10	10	10	10	(224, 152, 59)	5.571902210790132	8.735617242300828	-0.3724047785545265 -3.7082330949086715 0.314187099412993 -3.622448101833695 1.0026882129585173 -3.5425664733421827 1.6934376931708304 -3.471664447143231 2.3864299450921744 -3.409980919369123 3.0814349278152653 -3.355200756241509 3.779049589632916 -3.3027869489203034 
6	0.7	96.002	5	7	10	10	10	10	(87, 253, 125)	4.8959793639383875	7.9863131221080135	-1.26673974416068 6.413795827849879 -1.9621159799818393 6.344161095300645 -2.6580982354082696 6.2800560938359915 -3.3548654555947985 6.222781088435177 -4.052316253600477 6.1707498135127405 -4.750241830385543 6.121080933816141 
7	0.7	96.002	5	7	10	10	10	10	(49, 206, 180)	5.571626066044322	8.935111711903094	-0.988823347657117 5.086938421284563 -0.30532856957425425 4.975169545919057 0.3793011627274652 4.867302399396741 1.0652373312029837 4.7629867388949 1.7519978821744597 4.658048598818623 2.4412074735415525 4.544498493755494 3.1302717660624113 4.427524123080865 
7	0.7	96.002	5	7	10	10	10	10	(65, 139, 32)	5.448502813929892	7.616667561464341	-3.854152876681147 -2.761745678627995 -4.511025040226274 -2.727706797245895 -5.174887421073904 -2.6872526582398133 -5.844396089107294 -2.6423291520787275 -6.52030366233747 -2.594317114476286 -7.203229810909095 -2.5443328903451055 -7.8936205259044785 -2.493252904671854 
8	0.7	96.002	5	7	10	10	10	10	(117, 193, 246)	6.014825176856656	8.678198491503242	-2.729899653549843 -3.185223118289638 -2.1261625893852165 -2.941754321644692 -1.5169837767023768 -2.7111718665842583 -0.8982311672429453 -2.5035576462974256 -0.2643785714759759 -2.3244768224342844 0.37867726791737516 -2.1646374743906485 1.0292711729239434 -2.0161994659760873 1.6853367981648686 -1.8743206437305275 
6	0.7	96.002	5	7	10	10	10	10	(108, 55, 176)	4.88156015393224	8.044934477619012	-1.5468873709065345 -6.212406852271939 -0.8752127416777974 -6.388439600304009 -0.20320459279958297 -6.566112114527277 0.46901734981216686 -6.746988494224295 1.1417138068005122 -6.930702059915763 1.815343966290752 -7.115958079365546 
6	0.7	96.002	5	7	10	10	10	10	(225, 175, 227)	4.8825486567236815	7.285408386936177	-2.8906550091390275 -5.9178419717617015 -3.568251062587395 -5.765456128793153 -4.246467081495658 -5.612077016642868 -4.925327216144901 -5.4569254863423895 -5.604950763720683 -5.299735963218949 -6.285643011116072 -5.1418789794842565 
9	0.7	99.004	5	7	10	10	10	10	(188, 38, 44)	6.787641583673363	8.257354734002657	0.5028223040175787 2.376685628411467 0.9307274613329669 1.867176907575366 1.3457506331628468 1.34667414402437 1.7341213718017425 0.7998076151356738 2.0949219219254935 0.23598860213300246 2.4424133564812416 -0.3399031692916854 2.7881056746158714 -0.9218323090933855 3.1369857138581008 -1.5081287666366632 3.4849732904588278 -2.0978456970311643 
9	0.7	99.004	5	7	10	10	10	10	(148, 225, 235)	6.881565070522592	8.314373217530697	0.43169652537608383 0.44706718276095425 -0.18514999544311292 0.7257537224542397 -0.8134579217704662 0.9777486299596192 -1.4645707202658869 1.1743619903840108 -2.130348832984209 1.3190068427583421 -2.805844752553895 1.4366909944620243 -3.4872397698479034 1.5430052753948522 -4.173648822437824 1.6451898407228702 -4.863046096847604 1.7477507025465915 
8	0.7	99.004	5	7	10	10	10	10	(144, 71, 232)	6.130522363064651	7.6003894196608055	1.0412287221102294 3.603988133377941 0.37404750025695255 3.686836127493808 -0.29007151491139815 3.764879926641564 -0.9549659460294602 3.8488125312577464 -1.6204044322626008 3.9451963360634794 -2.2899869214961863 4.058073971097904 -2.9613983934167103 4.1771745820703625 -3.636998553271899 4.2964657790538485 
10	0.7	99.004	5	7	10	10	10	10	(100, 54, 100)	7.480686099191638	8.509023097302443	2.2570698736635944 3.9353707200327266 2.427158433337287 3.288516894296768 2.6153793872742295 2.6488585779827747 2.8344315087818033 2.019578219516895 3.0903470030116678 1.4026909532000185 3.382741099645847 0.7983058586619919 3.705661216764282 0.2038209270935457 4.048318516851838 -0.385762695095668 4.401649556943222 -0.9755419471835672 4.76024244180174 -1.5691549093910118 
7	0.7	99.004	5	7	10	10	10	10	(128, 115, 11)	5.519408619341013	8.662419298595037	-4.889203205386607 3.136960640758399 -4.208351744900566 3.0271184596006524 -3.530039653131741 2.9143896952748936 -2.853702544879122 2.7985623473251526 -2.1783041791664317 2.6789671131218693 -1.5041270323413864 2.55414252182425 -0.832102301370371 2.4245079284143456 
7	0.7	99.004	5	7	10	10	10	10	(131, 56, 168)	5.579703338112136	7.087143337020199	-4.618737559445753 5.229170336975842 -5.123413282029064 4.7530689830169655 -5.62767587275374 4.275906934099613 -6.12997994403749 3.7929967616112643 -6.631321079083624 3.3080812963800463 -7.132903942777675 2.822289055894753 -7.635127285253658 2.3359384899839393 
8	0.7	99.004	5	7	10	10	10	10	(45, 210, 49)	6.321022372734074	7.92094835779865	0.07686681605571657 -5.354836160468949 -0.6107383255410934 -5.219974267159354 -1.305047036808816 -5.081249902241646 -1.9958651731881132 -4.943088605631679 -2.684559012196355 -4.812983254314247 -3.3716524340383605 -4.671539572076238 -4.0546115717790085 -4.491863249554919 -4.724386810813868 -4.291122448999386 
8	0.7	99.004	5	7	10	10	10	10	(224, 152, 59)	6.210551384668179	8.735617242300828	-0.853449801371898 -3.9146145564926806 -0.17954648674474993 -3.827710430949295 0.49449014176915757 -3.73928362954153 1.1724911120984605 -3.6553285029444194 1.8548443803507073 -3.5796074875911454 2.5415896873653083 -3.5132087473028646 3.2324955759182794 -3.454381600399248 3.9284176462865803 -3.3982640690449393 
6	0.7	99.004	5	7	10	10	10	10	(87, 253, 125)	4.902980430197153	7.9863131221080135	-1.2906461938160982 6.622001948728808 -1.9916961202529038 6.604407070419564 -2.691436480380385 6.587918328746309 -3.391585585059524 6.577510282563092 -4.092156694483624 6.574914551207348 -4.793121842203992 6.578180960027518 
8	0.7	99.004	5	7	10	10	10	10	(49, 206, 180)	6.292538830845849	8.935111711903094	-1.634863703032082 5.279351601207173 -0.9377529802763273 5.251438977050882 -0.24050988501701892 5.230478694920493 0.4571349333109107 5.220106662708023 1.155316642704173 5.220008334551132 1.8541416728212814 5.225399136520743 2.557207536973777 5.226574203079043 3.2566703067965026 5.21984483258071 
8	0.7	99.004	5	7	10	10	10	10	(65, 139, 32)	6.1509059291747015	7.616667561464341	-3.5347860814063976 -2.3502865258057963 -4.1938648473698334 -2.4784074413868002 -4.855512416951306 -2.5751899226365706 -5.523899468689571 -2.6325165282107186 -6.199557657731937 -2.652820826208079 -6.881459355241389 -2.6466187228342 -7.569162966149179 -2.6254023759874454 -8.262681391951768 -2.5985968283223735 
9	0.7	99.004	5	7	10	10	10	10	(117, 193, 246)	6.714583665913947	8.678198491503242	-3.2024812152863285 -3.4771294960910453 -2.587184314565846 -3.2313879675675357 -1.9822129987239967 -2.992918045071668 -1.3684332008025055 -2.7755189884448317 -0.7333742950791565 -2.5913360586259064 -0.08762537371568434 -2.4338590085121137 0.5651475736333902 -2.283263356404308 1.2236416704260036 -2.1331937671236334 1.8863893862779346 -1.9836468527889564 
7	0.7	99.004	5	7	10	10	10	10	(108, 55, 176)	5.483778230152096	8.044934477619012	-1.9396964683012936 -6.262114882416042 -1.287635398936841 -6.433837273249899 -0.6338681543233603 -6.596858382781881 0.02408663200408067 -6.7516370391817215 0.6878665786383485 -6.901606061859535 1.3580550830328075 -7.049552721811978 2.0349905037621676 -7.197662839674765 
7	0.7	99.004	5	7	10	10	10	10	(225, 175, 227)	5.532314645570786	7.285408386936177	-2.8668627511733202 -7.069370883469426 -3.414930244709063 -6.653534778156845 -3.9755907344563504 -6.259833197535019 -4.555185183789515 -5.895602363025465 -5.151991908906009 -5.556456783210563 -5.760915875857565 -5.2269401927095664 -6.3762386492166465 -4.901850388083555 
4	0.7	99.004	6	7	10	10	10	10	(108, 161, 54)	3.4876671410999807	8.030857098170381	-3.6088363648217356 -1.0912423098933837 -4.30073425190809 -1.1421715950717921 -4.9943651471926 -1.1990303846898978 -5.68973357724712 -1.2588879407223674 
5	0.7	99.004	6	7	10	10	10	10	(206, 77, 77)	4.209769260447629	7.942677991789869	-2.2250097292051874 -1.6209296898953576 -1.5441511217614738 -1.4555453459894283 -0.8568405222665236 -1.28262526028867 -0.18003450367213358 -1.098905066490072 0.49499641872742955 -0.9171023217601482 
5	0.7	99.004	6	7	10	10	10	10	(152, 185, 109)	4.072372705855951	8.205096576525719	-3.945398982031875 0.25056403495059204 -3.2840290848016136 0.14429250901020493 -2.626943764970356 0.0335208791338119 -1.968517927166923 -0.06992052251042694 -1.30529948818243 -0.16258344465376198 
6	0.7	99.004	6	7	10	10	10	10	(212, 151, 200)	4.814942422003668	7.8995325200823086	-5.221316376305257 0.2332198868686596 -5.8828665497426575 0.10928263236572293 -6.5489928455944195 -0.014517192625209173 -7.2205269858480685 -0.13622434347209122 -7.897981501295418 -0.256133565697797 -8.581493812347437 -0.3757012671517001 
9	0.7	100.004	5	7	10	10	10	10	(188, 38, 44)	6.851380558429707	8.257354734002657	0.5457895965826038 2.4164161307581544 0.9732180980770936 1.893607892963885 1.3876754511406306 1.3594408623134695 1.7766823190320966 0.8017055102060981 2.1425512022468016 0.22943699395822234 2.495977796772985 -0.35258783507519076 2.845597289869657 -0.9398584125814341 3.1955486675617872 -1.531947773925454 3.5426024326894474 -2.1266893833812364 
9	0.7	100.004	5	7	10	10	10	10	(148, 225, 235)	6.911549931324444	8.314373217530697	0.44160187452122796 0.47895751808507026 -0.18283607302058322 0.7554348951083709 -0.8167084400005553 1.0067240494473144 -1.470445180949684 1.2074034797539064 -2.1381649440551675 1.3588490607222234 -2.816390128447986 1.4801670284360642 -3.5017151318458373 1.5840942462002483 -4.193555418527455 1.6759886574712972 -4.886398275624087 1.7622005439676023 
9	0.7	100.004	5	7	10	10	10	10	(144, 71, 232)	6.664284324847072	7.6003894196608055	1.5129892935936957 3.5521359531679915 0.9352023746976414 3.6622131898301364 0.31860606109652895 3.7559853452923084 -0.32526706557681573 3.833462262444239 -0.9869929365172104 3.908780656135882 -1.6568020619979404 3.995009314243469 -2.332721823891478 4.099505890256461 -3.011571544820417 4.210603880423687 -3.69325487326091 4.322067379019307 
10	0.7	100.004	5	7	10	10	10	10	(100, 54, 100)	7.565071692442656	8.509023097302443	2.486815586764114 4.020355434393153 2.609680600169958 3.330053985688525 2.7420170883620076 2.6717498631616694 2.923879801517162 2.025676829262697 3.163277251258611 1.3939861584822788 3.451857062291165 0.7771514024227578 3.775176195502276 0.17230101816955767 4.118278430721691 -0.4259575484773527 4.470395447369695 -1.0227585674600943 4.826001053244735 -1.621399013958175 
7	0.7	100.004	5	7	10	10	10	10	(128, 115, 11)	5.562266460416989	8.662419298595037	-4.934489623016981 3.1460256824499773 -4.249266755285304 3.046724161763192 -3.5643041388204018 2.9432176043650475 -2.879304810813296 2.834699346548563 -2.193997502413495 2.7207870002341283 -1.5093961441879298 2.601512463021089 -0.8262655078789134 2.4792761244104855 
7	0.7	100.004	5	7	10	10	10	10	(131, 56, 168)	5.586881140947854	7.087143337020199	-4.672051215150186 5.276353040849008 -5.168789552527436 4.789258199543805 -5.665371212410356 4.30142624186281 -6.160596650678298 3.8090865536353933 -6.654387052324133 3.3152097268214 -7.148254776877421 2.8206729302409395 -7.6425601884785825 2.3258086703090886 
9	0.7	100.004	5	7	10	10	10	10	(45, 210, 49)	7.006075286717003	7.92094835779865	0.743760261765694 -5.519626001214872 0.052023172947618955 -5.413876920117895 -0.6396512303488173 -5.311583020487727 -1.3336742779427044 -5.207042942899445 -2.0374228988584413 -5.076878709650501 -2.715880137320488 -4.925219449196654 -3.391865874441063 -4.758718230930558 -4.066588728650871 -4.56774906143592 -4.733143028140747 -4.364173678617537 
9	0.7	100.004	5	7	10	10	10	10	(224, 152, 59)	6.879197834467329	8.735617242300828	-1.4577618107096615 -4.042874066918278 -0.790611380728838 -3.9633726852985434 -0.12346591474981662 -3.8749064611004473 0.5498985411912022 -3.7826501680872706 1.2285325669526816 -3.694848673746566 1.9117059206863138 -3.616520605840333 2.599127348720438 -3.5486943291553437 3.2904714825232824 -3.4889838832399858 3.9862425022134422 -3.432374591270605 
7	0.7	100.004	5	7	10	10	10	10	(87, 253, 125)	5.602800502037766	7.9863131221080135	-0.5947632774911521 6.665045394716461 -1.2948330799619983 6.658563452797854 -1.996193540761999 6.6505406919329815 -2.6962732836847256 6.642075757911829 -3.396496969673749 6.637305306995907 -4.0968752931854615 6.637802070386986 -4.797405370119355 6.642373760823756 
8	0.7	100.004	5	7	10	10	10	10	(49, 206, 180)	6.3014921469855345	8.935111711903094	-1.6369993729635437 5.320647483971395 -0.9375985248303034 5.300074393390937 -0.23805644028747017 5.284883579914629 0.4617690584986399 5.279178300718187 1.1619813781168513 5.28398792564631 1.8627158286000625 5.297176066764427 2.5640288964759703 5.31280900679745 3.263651690429939 5.319863822985026 
8	0.7	100.004	5	7	10	10	10	10	(65, 139, 32)	6.235978069619147	7.616667561464341	-3.5249540942931294 -2.285890063653106 -4.201303585886808 -2.4069534114257594 -4.881126799907269 -2.507208055350109 -5.565242857967396 -2.581500473731395 -6.253293898876453 -2.6311156678540732 -6.944617662100897 -2.6617320099189268 -7.638876338389579 -2.6806052284834743 -8.335942599443884 -2.694811349277009 
9	0.7	100.004	5	7	10	10	10	10	(117, 193, 246)	6.8007019454512	8.678198491503242	-3.240645436830482 -3.497281326706 -2.6131414902868446 -3.2436103664707785 -1.9909331800227936 -2.998939799921247 -1.3483869641606856 -2.787618125130615 -0.6993993041903183 -2.61477842357031 -0.04578167801778951 -2.4558882366941694 0.6114056303797828 -2.2977599296921483 1.2711756584676996 -2.1402789008014094 1.9333574126930353 -1.9840406385132408 
7	0.7	100.004	5	7	10	10	10	10	(108, 55, 176)	5.547783966092945	8.044934477619012	-1.9503750549555656 -6.406542189244103 -1.2755094676256022 -6.542711643152329 -0.6001301101642501 -6.675021844612188 0.0761789109875717 -6.806044262456876 0.7544542525195577 -6.93912489340842 1.4350678995491957 -7.0749389149940445 2.1183475955926245 -7.212437677602586 
7	0.7	100.004	5	7	10	10	10	10	(225, 175, 227)	5.579971557678588	7.285408386936177	-2.966484931525802 -7.243115909564474 -3.5208521258990872 -6.8236932727233395 -4.081878846812884 -6.413393565770872 -4.6516468183275945 -6.014840397530731 -5.228237097475132 -5.624971014094478 -5.808625969585537 -5.234755016457825 -6.388689983294002 -4.84464831782687 
4	0.7	100.004	6	7	10	10	10	10	(108, 161, 54)	3.4818580582719263	8.030857098170381	-3.698970665544008 -1.0152451010005923 -4.388026696855738 -1.071048893345967 -5.078858015564569 -1.1349719120903445 -5.772190201721414 -1.2040373455409492 
5	0.7	100.004	6	7	10	10	10	10	(206, 77, 77)	4.204501101417325	7.942677991789869	-2.1851699738241526 -1.655166338431659 -1.5070208762525665 -1.4791230942414064 -0.824856374475392 -1.2969970426749537 -0.15270828315411483 -1.1042752966528029 0.5184658898736489 -0.9105073854443408 
5	0.7	100.004	6	7	10	10	10	10	(152, 185, 109)	4.102054310733315	8.205096576525719	-3.9925860868327847 0.32245230960226484 -3.323148181500059 0.20605142385158368 -2.660142794093976 0.08224812767042551 -1.9975871315875886 -0.03946162142157815 -1.3330337526178557 -0.15466444434523216 
6	0.7	100.004	6	7	10	10	10	10	(212, 151, 200)	4.845131345660798	7.8995325200823086	-5.307225541577354 0.3071229070137808 -5.973388036158256 0.16093931553143484 -6.642999825649445 0.014157701365528609 -7.316383864091987 -0.13123568874371483 -7.993726316622092 -0.2752926861224275 -8.67493165919671 -0.4190740831177688 
