N disks	Disks radius	time	Gen	Method	ks	kt_bot	kt_par	kc	color	current length	div_length	X
6	0.7	3.001	1	7	10	10	10	10	(0, 128, 0)	4.900000233093314	8.26824651940911	-2.200000116546657 1.4287546703519706e-16 -1.5000000874099901 -2.857509197987497e-17 -0.8000000291366638 -1.1430037505532248e-16 -0.09999997086333844 -1.143003750553224e-16 0.6000000874099888 -2.8575091979874795e-17 1.3000001165466568 1.4287546703519736e-16 
7	0.7	6.002	1	7	10	10	10	10	(0, 128, 0)	5.5999998319008615	8.26824651940911	-2.899991028640948 0.003914677476334054 -2.1999916552173007 0.0029903293539390507 -1.4999922807323038 0.0020724203118814397 -0.7999929092202949 0.001167897998907536 -0.09999351686263504 0.0002796536120371401 0.6000059127538792 -0.0005952040972684489 1.3000053577996997 -0.00146362274463562 
7	0.7	9.003	1	7	10	10	10	10	(0, 128, 0)	5.600000291358276	8.26824651940911	-2.899991298188235 0.003884315218311258 -2.1999918429838194 0.0029879315408952415 -1.4999923586433637 0.0020915478799729084 -0.799992874303135 0.0011951643309078559 -0.0999933899627323 0.00029878091785811775 0.6000060943781844 -0.000597602383335289 1.3000055495831986 -0.001493985593414948 
8	0.7	12.000	1	7	10	10	10	10	(0, 128, 0)	6.300000334043313	8.26824651940911	-3.5999807130394115 0.007918676350942788 -2.899982351038575 0.00639148046745279 -2.1999839593960537 0.004864977684348004 -1.49998556506595 0.003340017476485961 -0.7999871664075797 0.0018171544857320601 -0.09998876295238805 0.00029638871106694824 0.6000096445270324 -0.0012228344912633279 1.3000080253807462 -0.0027413644707973573 
9	0.7	15.001	1	7	10	10	10	10	(0, 128, 0)	7.000000077942099	8.26824651940911	-4.299968323363925 0.01221358172182726 -3.5999714090693615 0.010131873609585751 -2.899974451112101 0.00806096088398393 -2.199977432661559 0.006015230218050811 -1.499980315171275 0.004006288171641802 -0.7999830806878523 0.0020385332942366393 -0.09998573624654183 0.00010756699268947053 0.6000116907612207 -0.0017982173283929708 1.3000091354346583 -0.003693206198796097 
10	0.7	18.003	1	7	10	10	10	10	(0, 128, 0)	7.699999459111313	8.26824651940911	-4.999953952206027 0.016798318411844117 -4.299958822095007 0.014192052061182927 -3.5999636254403513 0.011607756792973491 -2.8999682726413636 0.009076495986305104 -2.199972656197813 0.006626663108197085 -1.4999767126897348 0.0042749116988562395 -0.7999804370540458 0.0020212115923993515 -0.09998387800096133 -0.00015113381979851268 0.600012881033095 -0.0022705203900574567 1.3000097208880435 -0.00436797654337247 
5	0.7	21.004	2	7	10	10	10	10	(138, 98, 9)	4.182460474645438	7.097912772953885	-3.285331954815515 0.024768119842200863 -3.978623682888902 0.017304323406125487 -4.6732804137881585 0.009763479999277099 -5.369556093938012 0.002141525133907919 -6.067627431124653 -0.005532318820474915 
6	0.7	21.004	2	7	10	10	10	10	(119, 41, 34)	4.876008213077085	9.463726901763723	-1.916935019561876 0.06653035672352929 -1.2245938177717457 0.04164789967784303 -0.5313538825736327 0.01699720776046548 0.16314000927368397 -0.0073667869046673004 0.8591687011795813 -0.03152693551547957 1.556925490029335 -0.05562934301914743 
5	0.7	24.001	2	7	10	10	10	10	(138, 98, 9)	4.035345153203338	7.097912772953885	-3.5067901815500235 -0.017973030131915188 -4.140060893903177 -0.006507608622496781 -4.790075216833704 0.0006966520800859987 -5.457683331391526 0.003304646388651732 -6.1419865098967446 0.0034936192813139356 
7	0.7	24.001	2	7	10	10	10	10	(119, 41, 34)	5.435698956301774	9.463726901763723	-2.4398503742582553 0.1323502054635187 -1.805500743698008 0.08779122568653354 -1.1523478219364298 0.04848046155778973 -0.48166602102945105 0.015907312633760592 0.20213115827858832 -0.011416221694632004 0.8941967708383409 -0.03593154322267488 1.590931652605242 -0.05959312142385361 
6	0.7	27.002	2	7	10	10	10	10	(138, 98, 9)	4.89916881981629	7.097912772953885	-3.07175821065867 -0.6377328127111769 -3.7485543802951855 -0.45986848385085316 -4.425454474558396 -0.282373127921414 -5.1025103890769135 -0.10535507384446768 -5.779716165492861 0.07128599631801662 -6.457031492828313 0.247761210531812 
7	0.7	27.002	2	7	10	10	10	10	(119, 41, 34)	5.5981442819610105	9.463726901763723	-2.3292687230466242 0.5457850574360142 -1.6430411556857192 0.4093286175454379 -0.9567517773170008 0.2734459790239233 -0.2702863548888459 0.1384731284697238 0.4164099680894873 0.004442476706408359 1.103331587392537 -0.1288943025862693 1.7904335918335974 -0.2619322862501629 
7	0.7	30.003	2	7	10	10	10	10	(138, 98, 9)	5.600125556205477	7.097912772953885	-2.408275444124788 -0.8748256029983655 -3.0820454974344482 -0.6850080507937976 -3.7558412274195607 -0.49513289707457253 -4.429643465305076 -0.30529728676530143 -5.1034602650711856 -0.1155369691670483 -5.777287827784055 0.07415548683466214 -6.451115560859068 0.263813168893372 
8	0.7	30.003	2	7	10	10	10	10	(119, 41, 34)	6.300184499168427	9.463726901763723	-3.011356756397984 0.712337256160364 -2.325883772476181 0.5703058008956515 -1.6403683932416284 0.428471735302158 -0.9547811835105672 0.2869892546108287 -0.2691105969950374 0.1459267379128926 0.41663413173627906 0.0052512779305050284 1.1024269221430996 -0.13515391063736407 1.7882350656981791 -0.27544084328597385 
7	0.7	33.004	2	7	10	10	10	10	(138, 98, 9)	5.600337507011712	7.097912772953885	-2.411301553623633 -0.8931571898868665 -3.084661787457337 -0.7019698250877546 -3.7579149120851008 -0.510490000409068 -4.43113437419253 -0.3181621050939943 -5.104185164473206 -0.12535207690446573 -5.777126242944476 0.06770697812970329 -6.450000432160984 0.26084669369880625 
9	0.7	33.004	2	7	10	10	10	10	(119, 41, 34)	7.000949442860543	9.463726901763723	-3.6918042539989475 0.8839649070087657 -3.007913937688255 0.7338489630892633 -2.3238435936696895 0.5845654123392309 -1.6394724326465966 0.4367199715626312 -0.954747716502048 0.29060532536778105 -0.2696871719096076 0.1461812849494286 0.4156337524620301 0.003124543436574716 1.1011064206380634 -0.1390606906213694 1.7866212202174185 -0.28088796171980784 
8	0.7	36.001	2	7	10	10	10	10	(138, 98, 9)	6.299834399743572	7.097912772953885	-1.7384676087745898 -1.091571862612441 -2.4124133679615394 -0.9025493381667188 -3.0862374712062164 -0.7132661218433057 -3.7598154128900507 -0.5232695440872424 -4.432995869182995 -0.3320124772365564 -5.10595232340595 -0.13881158845889596 -5.778562782500626 0.055446682944108684 -6.4510095701937775 0.2500973937795343 
10	0.7	36.001	2	7	10	10	10	10	(119, 41, 34)	7.701237917780793	9.463726901763723	-4.370713279452669 1.0604519926032787 -3.688184272242543 0.903864868548852 -3.005417232502836 0.7484334401878611 -2.3222503348881745 0.5949214670246353 -1.6386167170477015 0.4436664848272909 -0.954534859405969 0.29461310480858854 -0.270085408348498 0.14740694668125212 0.41461795200258567 0.0015233088879377948 1.0994568874084953 -0.14359797540771074 1.784332649096214 -0.2884308364806231 
9	0.7	39.002	2	7	10	10	10	10	(138, 98, 9)	6.999190218473782	7.097912772953885	-1.0641413521868293 -1.2849827838527963 -1.7382455957876684 -1.0965191396818246 -2.412308518068089 -0.9080760951069562 -3.086325204519565 -0.7196279386806619 -3.760272694363929 -0.5310790615357049 -4.4341030650914925 -0.34223879904105164 -5.107738828710055 -0.15280564691660023 -5.781362673231065 0.03773394145471777 -6.454855058046308 0.2286480640860329 
11	0.7	39.002	2	7	10	10	10	10	(119, 41, 34)	8.401426089595361	9.463726901763723	-5.048661244752841 1.2405267354939753 -4.367293519366027 1.078984949186055 -3.6856772277141565 0.9185526955141744 -3.003637499341684 0.7600381919928714 -2.3210879651585663 0.6038670232429576 -1.638028900184235 0.45008095838981843 -0.9545282918251209 0.29840866752933304 -0.2706940774693548 0.14838107377747337 0.41335396776269695 -0.0005424375942953954 1.0975070337817365 -0.14886440409016935 1.781683000790901 -0.29696914110479117 
12	0.7	42.003	2	7	10	10	10	10	(119, 41, 34)	9.100603800826498	9.463726901763723	-5.727712314261611 1.4110320149956457 -5.04616865586052 1.2511545867476774 -4.364471633444315 1.0917318199950024 -3.682535821984617 0.933155422888797 -3.000340229338198 0.7755532914901004 -2.317960789990335 0.6186506851096868 -1.635791266886032 0.4617411339401316 -0.9534000911483548 0.30576466499612576 -0.2706852122249245 0.1511739799347198 0.4123395413128908 -0.002071016876999915 1.0955788889181226 -0.15436717267095992 1.7789076503204557 -0.3062513700303654 
5	0.7	42.003	3	7	10	10	10	10	(184, 244, 126)	4.162504381248751	6.679667823561738	-2.750065472088749 -0.7031505526689916 -2.1054153537435796 -0.937482270570742 -1.4582060985242848 -1.1727567402769656 -0.8078089616846469 -1.4091929742258817 -0.15378336838149023 -1.6469459191952982 
5	0.7	42.003	3	7	10	10	10	10	(184, 197, 33)	4.162292938650812	7.984673481444142	-4.05661449939063 -0.4258984520411053 -4.723662774678776 -0.2664310324153457 -5.3934120158454295 -0.10648962177540948 -6.066510768419705 0.05410988875753538 -6.743373355658481 0.21565350151946155 
5	0.7	45.000	3	7	10	10	10	10	(184, 244, 126)	4.199504701187385	6.679667823561738	-2.722126629170511 -0.7203103961567845 -2.063668894409958 -0.9573198395984043 -1.405173585298584 -1.194330262593759 -0.7466321221758795 -1.4313444404818085 -0.08804056963606625 -1.6683700993425923 
5	0.7	45.000	3	7	10	10	10	10	(184, 197, 33)	4.199500495033746	7.984673481444142	-4.089387522604013 -0.4237574741992952 -4.769714587540602 -0.2597667987303977 -5.450077122033524 -0.09576969056851557 -6.130483973771451 0.06823593056625413 -6.810941095647403 0.23225256435510952 
6	0.7	45.000	3	7	10	10	10	10	(72, 96, 0)	4.852922720552819	7.489327543900679	-3.3537851311652074 0.81522142654428 -4.017175304078314 0.9871313407004896 -4.682782053193253 1.1593930325871393 -5.35106163274042 1.3320701438203884 -6.022346490043471 1.5053107686632792 -6.696847760320059 1.6792847628648555 
7	0.7	45.000	3	7	10	10	10	10	(13, 10, 239)	5.538698909951725	8.308050127280026	-2.053666126028036 0.5151265834694791 -1.3830439363213463 0.3784380064646163 -0.711046202961765 0.24121223980282724 -0.037115636945722126 0.10322575316120254 0.6392455466807947 -0.035606908318749166 1.318447701478171 -0.17526579377413248 2.0007869819221398 -0.31567457083377287 
6	0.7	48.001	3	7	10	10	10	10	(184, 244, 126)	4.822449778996328	6.679667823561738	-3.009724217343375 -0.3383008906323039 -2.4030927834332028 -0.6224233710618681 -1.794037215083301 -0.9211833104528985 -1.1847840889818204 -1.236353946622577 -0.575256250069034 -1.5637586820541476 0.03599565545800277 -1.8973435373154899 
6	0.7	48.001	3	7	10	10	10	10	(184, 197, 33)	4.886148915951724	7.984673481444142	-3.8845033721614604 -1.306212169808091 -4.4749339507155605 -0.9372592111943108 -5.0716276602225685 -0.578002719824809 -5.676103491515099 -0.23101403131771414 -6.287061631668014 0.105977226192298 -6.901876976680332 0.4379179715909466 
7	0.7	48.001	3	7	10	10	10	10	(72, 96, 0)	5.304133540048458	7.489327543900679	-3.1620092030348186 0.8165825452263307 -3.7410820905613527 0.9801298173322278 -4.342752349697758 1.1471611043110748 -4.966198195204733 1.3167814255447945 -5.607518569104648 1.4885997563586655 -6.2627253128487785 1.662303647167237 -6.930320555173779 1.8370871234553618 
8	0.7	48.001	3	7	10	10	10	10	(13, 10, 239)	6.045601488749373	8.308050127280026	-2.25487689168126 1.1088074353430089 -1.703402822981138 0.8071348147335671 -1.1265193809096392 0.5320339192898593 -0.5182253058190184 0.2937525314793011 0.1166424256011146 0.08929062548515135 0.7698952264033685 -0.09182925352243797 1.434947813925939 -0.26135006905327074 2.107998154053378 -0.4280801125635916 
6	0.7	51.002	3	7	10	10	10	10	(184, 244, 126)	4.883299664957385	6.679667823561738	-2.9956300539098635 -0.6125660440869242 -2.3470343824414903 -0.8590807696792543 -1.6978711902967576 -1.1086580404869741 -1.0485037835958162 -1.3615348528674047 -0.3988220756110777 -1.6168040986752885 0.2514821501322775 -1.87327168759885 
6	0.7	51.002	3	7	10	10	10	10	(184, 197, 33)	4.897335475200247	7.984673481444142	-4.0367153461106255 -1.5262425400991573 -4.608681643181929 -1.1239839982110413 -5.18173722042094 -0.7231086909376845 -5.756120506702286 -0.32396728315178563 -6.3315810546619895 0.07382249840723065 -6.907638229497586 0.47100845436500854 
7	0.7	51.002	3	7	10	10	10	10	(72, 96, 0)	5.571590789166576	7.489327543900679	-3.288779622404421 0.7099139261785156 -3.9396872049682004 0.945684289413319 -4.5935563411399905 1.1759940240456024 -5.251186961202592 1.3991347524129676 -5.912244288200211 1.6162839882929159 -6.57590949933012 1.8299203628633 -7.24139999053414 2.0423927225603222 
9	0.7	51.002	3	7	10	10	10	10	(13, 10, 239)	6.987696086840016	8.308050127280026	-2.7047284168373555 1.890766033032167 -2.1090007131779194 1.5224444051610775 -1.5087875418871195 1.1644809775134157 -0.9019363053697311 0.8198873694393402 -0.2887254405594482 0.48757742108113 0.32951452807364756 0.16460115037873263 0.9512991644554435 -0.15232744650881797 1.5753457569053757 -0.4661021962455111 2.2006720319027218 -0.7789407078217953 
7	0.7	54.003	3	7	10	10	10	10	(184, 244, 126)	5.586567630701273	6.679667823561738	-3.625377460733723 -0.5223961995496007 -2.9669203938903848 -0.7506263843771106 -2.307673743270213 -0.9762910695422734 -1.6475424357851454 -1.200818777379774 -0.986678083827655 -1.4249888555158627 -0.3251289732847555 -1.6492140791066625 0.33711347542815595 -1.8736574779304978 
7	0.7	54.003	3	7	10	10	10	10	(184, 197, 33)	5.601707934251271	7.984673481444142	-3.6781330269769525 -2.2180515097660236 -4.217135605304762 -1.7713516276710541 -4.7553111596051085 -1.3218672171130037 -5.290760457581095 -0.8707139011402336 -5.825501927282118 -0.4187710648239435 -6.36011311662307 0.033259309770795144 -6.894736643796634 0.4851994998187414 
8	0.7	54.003	3	7	10	10	10	10	(72, 96, 0)	6.286773440893185	7.489327543900679	-2.6344732593348543 0.5893743558455418 -3.295328612397431 0.8129716298453188 -3.9575943127106554 1.0310772518139952 -4.621657099638485 1.244426244445259 -5.287325910155268 1.4538915334211715 -5.954329657144403 1.6605942804174985 -6.622362838019022 1.8657414755194741 -7.291148183989688 2.0703985599805197 
9	0.7	54.003	3	7	10	10	10	10	(13, 10, 239)	7.002289611368695	8.308050127280026	-2.5490436725912247 2.165552271060425 -1.9694824409268172 1.7731720678611498 -1.3905775528385298 1.378401257613791 -0.8098291798965496 0.9866130591705764 -0.22534613099622583 0.6006846739186863 0.36342996635039565 0.221537472955202 0.955939946141133 -0.15161063649926473 1.5509051984973086 -0.5207103431497212 2.1468554916842537 -0.8880766095468897 
8	0.7	57.000	3	7	10	10	10	10	(184, 244, 126)	6.265561362676957	6.679667823561738	-4.202648482746026 -0.2544384470851005 -3.5624073903519937 -0.5210853092275707 -2.9191187791571576 -0.7801347408784 -2.270658803199422 -1.0271690117898822 -1.6168649076239894 -1.2598325635711611 -0.9582431874464998 -1.482878462743534 -0.2962648598391333 -1.700601521334995 0.3679049101593146 -1.9166198973728037 
8	0.7	57.000	3	7	10	10	10	10	(184, 197, 33)	6.304028530287853	7.984673481444142	-3.21170407337506 -2.7510969514235764 -3.760694638075971 -2.316747650479678 -4.307424585977366 -1.8795752142022775 -4.847711765115781 -1.434688220822502 -5.377952715895801 -0.9739311192429054 -5.896772984875697 -0.5028808704076807 -6.409905546775667 -0.025920549911771493 -6.920837265053501 0.4530013936787251 
9	0.7	57.000	3	7	10	10	10	10	(72, 96, 0)	6.979314682322645	7.489327543900679	-2.019367401184028 0.3223112538474347 -2.664195057211072 0.5867040149024692 -3.3126204778176302 0.8424271276435014 -3.9669435780506177 1.0825038649948677 -4.627237401221837 1.302636146674452 -5.292874048462643 1.5090146411530871 -5.961979598686201 1.706772509232694 -6.633172469975472 1.9001557586435347 -7.305541734219794 2.0921756933031608 
10	0.7	57.000	3	7	10	10	10	10	(13, 10, 239)	7.702405575167463	8.308050127280026	-3.1045476265161485 2.598661840878298 -2.512041725467791 2.2259208088965017 -1.9208722849425874 1.851089852070744 -1.3336960616123132 1.4701643371713395 -0.7538190616207292 1.0769569340193272 -0.17826115460484393 0.6774875941647668 0.39549991698000886 0.27560482736667086 0.9689435581850693 -0.12651932673403335 1.542623361544741 -0.5280842115650191 2.116468457257206 -0.9291878398600694 
9	0.7	60.001	3	7	10	10	10	10	(184, 197, 33)	7.0050043609967805	7.984673481444142	-2.7286102690970755 -3.272781743909334 -3.2707437217024666 -2.8298020817065135 -3.8129461223073293 -2.386685182214935 -4.354743178530515 -1.942728885161662 -4.894855501339201 -1.4962195868709989 -5.431069692994453 -1.0443539333374792 -5.960674291579383 -0.5830290666688568 -6.477676073854578 -0.1113255017860232 -6.9907387313125176 0.3648750366879294 
5	0.7	60.001	4	7	10	10	10	10	(126, 194, 52)	4.190928106490592	7.2902797534665185	-1.5369482415450213 1.8532465093754908 -2.1561683715942888 2.1721726597422877 -2.7759044627855616 2.491700285128633 -3.3962551989898158 2.81188846435538 -4.017357817567879 3.1326395966271026 
6	0.7	60.001	4	7	10	10	10	10	(198, 3, 132)	4.8865068098090365	9.214806283771892	-0.43561382755995126 1.0160502640154552 0.11933365884976314 0.595814692408895 0.6768275277997023 0.17837275690799348 1.2378041308828591 -0.23542283259690944 1.8018734267337164 -0.6464362081505781 2.3678802249940922 -1.056482476122225 
5	0.7	60.001	4	7	10	10	10	10	(171, 179, 229)	4.142653007679625	7.969769815158208	-3.656206654435051 1.214469430713867 -3.059292733219996 0.8873029907059158 -2.45915684888083 0.5605169584848714 -1.8548504189016197 0.2336597505661685 -1.2460842799141614 -0.09450025495821429 
5	0.7	60.001	4	7	10	10	10	10	(74, 11, 5)	4.139563285876243	7.079050660024564	-4.919004741666865 1.5806569922112512 -5.58295837801703 1.7161817294891908 -6.249158547106444 1.8603515318023125 -6.918816272145757 2.0137622020882415 -7.593637023360416 2.1727329107957303 
4	0.7	60.001	4	7	10	10	10	10	(73, 226, 203)	3.414399767969082	7.001641154544619	-3.183512343123286 -0.7526186510934313 -3.7599759162514927 -0.41909601486013326 -4.341109007997213 -0.08365782667428265 -4.927882559843413 0.25484239860802954 
5	0.7	60.001	4	7	10	10	10	10	(132, 43, 202)	4.110466165825143	8.120985820376191	-2.0457644702106514 -1.270452938244433 -1.4056146637815832 -1.4586865544354246 -0.7602673611799761 -1.6479643272825075 -0.10751487386647143 -1.840883080767342 0.5539110059989601 -2.0374602750359387 
10	0.7	63.003	3	7	10	10	10	10	(184, 197, 33)	7.700288659719533	7.984673481444142	-2.2036425045974934 -3.7284713309158017 -2.743268083448603 -3.2825770814694497 -3.2828300447090575 -2.836587147409037 -3.8222131418336573 -2.3903641862677323 -4.361291552000738 -1.943759631796044 -4.899958717948048 -1.4966500013875244 -5.438150590638953 -1.048964679807894 -5.975854258296762 -0.6006956170731235 -6.513069830770739 -0.1518982341980938 -7.050094968035231 0.2971165950003525 
6	0.7	63.003	4	7	10	10	10	10	(126, 194, 52)	4.779525302902095	7.2902797534665185	-1.0986083560908828 2.1734065405703156 -1.7445437015155332 2.3096871686340203 -2.3887610276332403 2.47794427825264 -3.0320085997576456 2.6840548775703446 -3.6758647126560655 2.918031631368106 -4.323348149728 3.165122730834969 
7	0.7	63.003	4	7	10	10	10	10	(198, 3, 132)	5.416207741794366	9.214806283771892	-0.8085712448577691 1.1556580246295785 -0.25738520338345844 0.8262329166083818 0.2895841458430039 0.47205726653488367 0.8341898361885192 0.08970108860491754 1.3782150572349148 -0.3136860191609648 1.9244168752530344 -0.7291801137544588 2.474968222502707 -1.1508740275325664 
5	0.7	63.003	4	7	10	10	10	10	(171, 179, 229)	4.197604629937716	7.969769815158208	-3.6268895049430157 1.2343550944942323 -3.018459855034111 0.8885281951698127 -2.4110263425939715 0.5414673842934414 -1.8056558620561782 0.19180988403588728 -1.2017384241862084 -0.1603104504667643 
5	0.7	63.003	4	7	10	10	10	10	(74, 11, 5)	4.199960690972265	7.079050660024564	-4.91141628902741 1.7971050144322862 -5.607083002257332 1.87473962858689 -6.302735948837352 1.9525233132244055 -6.998375427306647 2.0304595155340945 -7.694010258196393 2.108473497194267 
4	0.7	63.003	4	7	10	10	10	10	(73, 226, 203)	3.4989111276933307	7.001641154544619	-3.275346844883781 -0.7937005070273647 -3.850449221702807 -0.3953271309760197 -4.425574524953794 0.0030578230369325454 -5.000735130680239 0.4014828198846494 
5	0.7	63.003	4	7	10	10	10	10	(132, 43, 202)	4.19886960051565	8.120985820376191	-2.0011845203334255 -1.369781567949401 -1.323128847086603 -1.5426998929128983 -0.6450635693703562 -1.7146715206216279 0.03318067655557411 -1.886679654110181 0.7115341660236608 -2.0588577609848926 
6	0.7	66.004	4	7	10	10	10	10	(126, 194, 52)	4.894722172973074	7.2902797534665185	-1.01814482043596 2.4783850374080543 -1.6915099491565855 2.658396465880391 -2.3632126652089545 2.8473208955284264 -3.0313773046018375 3.0514923253110506 -3.6953845543407358 3.2726964016337434 -4.356683430299902 3.5064569674097488 
7	0.7	66.004	4	7	10	10	10	10	(198, 3, 132)	5.579557560886389	9.214806283771892	-0.8372517482506254 1.129763112841779 -0.2521034155278257 0.7561315703188923 0.33033070661594355 0.37648945935352085 0.910935344925078 -0.007478675659884789 1.4907631381634474 -0.39428578692647354 2.0706497677384332 -0.7827558887580849 2.6511342343567335 -1.1721346373413346 
6	0.7	66.004	4	7	10	10	10	10	(171, 179, 229)	4.780349796722129	7.969769815158208	-3.904754754070659 1.2266327334271512 -3.318976704689534 0.9127139793841496 -2.732098456166697 0.5920251490679249 -2.142886100963598 0.2631658001734681 -1.5500385305042383 -0.07401611763528375 -0.951798022334167 -0.4181882936275454 
6	0.7	66.004	4	7	10	10	10	10	(74, 11, 5)	4.814302439042944	7.079050660024564	-4.633570628092317 2.223556887508083 -5.304073695993407 2.1517189515045567 -5.978410188963008 2.087173103178395 -6.657977827661332 2.031979971044206 -7.343582804404819 1.9840793820557754 -8.03559939852622 1.9393307816946919 
4	0.7	66.004	4	7	10	10	10	10	(73, 226, 203)	3.4683284796647857	7.001641154544619	-3.444892821886392 -0.6123121489834535 -4.03557302085831 -0.26441479814885926 -4.625472176789513 0.09204996401045962 -5.213396872143956 0.4600003383704892 
6	0.7	66.004	4	7	10	10	10	10	(132, 43, 202)	4.844354987988639	8.120985820376191	-2.6129147040181735 -1.6441223880101192 -1.932037604052075 -1.7052769458448458 -1.2500404790431063 -1.7711800600692975 -0.5655177376510012 -1.8422718721954892 0.1219249500514222 -1.9185738623847697 0.8130926315253272 -1.9978069644144762 
5	0.7	66.004	4	7	10	10	10	10	(3, 84, 108)	4.0752618377101655	8.358655110961067	-3.6377398418321816 -2.5644066451409673 -3.1311536998672294 -2.97613847669107 -2.618983539642076 -3.3959728249851975 -2.0997654092852804 -3.8252540603035285 -1.5716021446503177 -4.263813840542806 
6	0.7	66.004	4	7	10	10	10	10	(122, 93, 200)	4.741254545830589	9.287367735342297	-4.525344640226894 -1.787486849496713 -5.040883683677968 -1.3914956154432219 -5.5608069340609925 -0.988645979729419 -6.0846868215122925 -0.5754607698897746 -6.610767867443794 -0.1484797664981915 -7.143237006794944 0.2882993370398708 
7	0.7	69.001	4	7	10	10	10	10	(126, 194, 52)	5.600663967318512	7.2902797534665185	-0.26389067364417745 2.556546761908442 -0.9407059294449716 2.735089363322423 -1.6178618867161412 2.9133896809779842 -2.2946622871246265 3.09286537367338 -2.970870725513941 3.2743629508310854 -3.646455967438083 3.4579639293312496 -4.321602648871117 3.642963454326372 
8	0.7	69.001	4	7	10	10	10	10	(198, 3, 132)	6.299236146537362	9.214806283771892	-1.4606461723313549 1.44556478847365 -0.8638977289502799 1.0801147507169089 -0.2677154376802587 0.7135849807131368 0.3276183052653985 0.3455843259846104 0.9220984885353161 -0.023818423314963838 1.5158882408437948 -0.3943664752363953 2.1092421806662736 -0.7656565209829742 2.702430778640006 -1.137259835801363 
6	0.7	69.001	4	7	10	10	10	10	(171, 179, 229)	4.892813524823712	7.969769815158208	-3.79720224582211 1.256144015461856 -3.2013908259003263 0.8937704773554792 -2.605906366331933 0.5299461740396552 -2.010784991183845 0.16349043550581233 -1.41580223970895 -0.2037094085355525 -0.8205497579260435 -0.5712036939860814 
6	0.7	69.001	4	7	10	10	10	10	(74, 11, 5)	4.892820275307107	7.079050660024564	-4.705644401661617 2.305314774224579 -5.398031887846579 2.218861403228079 -6.090791053346701 2.132676541864053 -6.7840025796054375 2.046823196088109 -7.4777116102078445 1.961205296202946 -8.171936942256588 1.8756578096835748 
5	0.7	69.001	4	7	10	10	10	10	(73, 226, 203)	4.193283329756358	7.001641154544619	-3.0432523131534754 -0.7877135683474153 -3.6430231358587566 -0.4319233844527151 -4.24320795869134 -0.07554510960033602 -4.843823973467458 0.28129003034493527 -5.444954277363287 0.6385608344479982 
6	0.7	69.001	4	7	10	10	10	10	(132, 43, 202)	4.890391379851364	8.120985820376191	-2.507753837111205 -2.061413054917123 -1.8119113903058646 -2.0201562848287953 -1.115626366383824 -1.979640441999527 -0.4187676525759855 -1.940047650710775 0.27874813658295267 -1.9011577684693766 0.9769648858887668 -1.862565671312004 
5	0.7	69.001	4	7	10	10	10	10	(3, 84, 108)	4.199774533470714	8.358655110961067	-3.749987332706277 -2.929699130104669 -3.1500979350373837 -3.2905055200605795 -2.549660278155642 -3.6500851927849456 -1.9490052101996216 -4.009376137485197 -1.3483044733465903 -4.368674124873468 
6	0.7	69.001	4	7	10	10	10	10	(122, 93, 200)	4.899978591865889	9.287367735342297	-4.552237546494145 -1.761134756272372 -5.115007940025756 -1.3448606923736623 -5.677748042819798 -0.9285509657884832 -6.240412695484055 -0.5121424874853259 -6.802951909964418 -0.09555125188312082 -7.365440079155964 0.32110940963218937 
8	0.7	72.002	4	7	10	10	10	10	(126, 194, 52)	6.29621257525975	7.2902797534665185	0.37886835435036226 2.263094140282559 -0.26732624918092246 2.5318864487120196 -0.9131981694159826 2.8009745638079844 -1.558494682504038 3.0708503355151704 -2.203076915446121 3.3418003196936894 -2.8469413120701685 3.613904679694475 -3.490695568643788 3.8858006395688527 -4.137225578260993 4.1545654281072935 
9	0.7	72.002	4	7	10	10	10	10	(198, 3, 132)	7.000089799290434	9.214806283771892	-2.0792779416796288 1.7739749948828005 -1.473064223338651 1.42404602473502 -0.8675707966412952 1.0727684333663277 -0.26382425709272356 0.7183650526046682 0.337306498104524 0.3587750605165326 0.9343139785040045 -0.006313768067253786 1.5289495372060786 -0.37540785249134473 2.122249886470165 -0.7467516604929111 2.715068551200841 -1.118937721889483 
7	0.7	72.002	4	7	10	10	10	10	(171, 179, 229)	5.55282258958222	7.969769815158208	-4.296813811346574 1.3419775806495977 -3.685812540906256 1.0224343707880241 -3.0756593306022983 0.6999358764092759 -2.4662590895268828 0.3738621492911992 -1.857458356139286 0.04394419704355589 -1.2488416950547603 -0.2894696264600568 -0.63969224751395 -0.62533903760716 
7	0.7	72.002	4	7	10	10	10	10	(74, 11, 5)	5.573198062187849	7.079050660024564	-4.181168505657572 2.718678182844703 -4.860729075170074 2.5745406359760796 -5.537596541432682 2.424975443896489 -6.214951963215658 2.272494106609625 -6.893344723418151 2.118839163072544 -7.573084987130342 1.9647960757478307 -8.254300289374303 1.8105236099802504 
5	0.7	72.002	4	7	10	10	10	10	(73, 226, 203)	4.194363737828079	7.001641154544619	-3.132794299482494 -0.8723130335188831 -3.7445292457675747 -0.5345281805050521 -4.354726049687519 -0.19440627060771143 -4.961633599105501 0.1512812483436687 -5.564764299461944 0.503662661330262 
7	0.7	72.002	4	7	10	10	10	10	(132, 43, 202)	5.525851283129489	8.120985820376191	-2.951368514438173 -2.2539998471064395 -2.2754847242112697 -2.172754624280038 -1.5971287729111556 -2.0948680184897865 -0.9155011401185839 -2.0215982961987162 -0.2301696762354206 -1.9520924391114745 0.45842899207904425 -1.8838784110237639 1.1510416609386815 -1.8161240616235161 
6	0.7	72.002	4	7	10	10	10	10	(3, 84, 108)	4.901004282477173	8.358655110961067	-4.623353654690814 -3.433054030130524 -3.9374160836262417 -3.57502291967854 -3.252804356728059 -3.7222980432739496 -2.5698381023341197 -3.8764246389425847 -1.8881891487866347 -4.035995029886106 -1.2071763086090606 -4.198085195151249 
7	0.7	72.002	4	7	10	10	10	10	(122, 93, 200)	5.518087747738942	9.287367735342297	-4.260385377269719 -2.121508823126172 -4.812183955985716 -1.7253395683174237 -5.365198168782766 -1.3276197380002264 -5.919199328070432 -0.926532200427145 -6.473501973278161 -0.519908600895394 -7.026458832987614 -0.10573796049123525 -7.581406563680907 0.31323729152204666 
8	0.7	75.003	4	7	10	10	10	10	(126, 194, 52)	6.306703589487288	7.2902797534665185	0.36084656262252823 2.2134124575696155 -0.2603971957804111 2.5363226044128684 -0.8812042972962548 2.8604043618280035 -1.5010428375007225 3.1866815568864997 -2.1200304909397336 3.51495178448969 -2.7395093311547947 3.842664923039904 -3.365431987365464 4.165245036118975 -3.991958705833441 4.477770395449942 
10	0.7	75.003	4	7	10	10	10	10	(198, 3, 132)	7.629894367283372	9.214806283771892	-2.6228202380913777 2.0538110040677373 -2.0176403334678765 1.7261247290034378 -1.4133590879396356 1.3964469427880581 -0.8105182094327167 1.0623514738515916 -0.20993146650948816 0.7214857213148091 0.38694455076336426 0.37181412851426293 0.9793867484651486 0.013180164861539211 1.570613463926904 -0.3513684291675957 2.162015935411077 -0.7195132372365217 2.7533152205314315 -1.0904585923113146 
8	0.7	75.003	4	7	10	10	10	10	(171, 179, 229)	6.200439097059389	7.969769815158208	-4.843624480306321 1.4730366994317534 -4.217250198410747 1.20793351482119 -3.594258066710318 0.9343351445970279 -2.975309080659738 0.6474625266968378 -2.361212057645131 0.3448676814636773 -1.7518017951561007 0.02641116601774394 -1.146307090834672 -0.30565679234912857 -0.5400166673288082 -0.6451646475398799 
8	0.7	75.003	4	7	10	10	10	10	(74, 11, 5)	6.19518329482157	7.079050660024564	-3.6960478064692635 2.8810351380926043 -4.369567298334542 2.808114405359268 -5.041381119816689 2.7150639706720527 -5.708184610213956 2.5794012186305215 -6.37111978080477 2.411387148262975 -7.031936502342571 2.221073070184859 -7.693027111241089 2.0176797133849695 -8.356675308468612 1.8086320038232109 
6	0.7	75.003	4	7	10	10	10	10	(73, 226, 203)	4.887215958600921	7.001641154544619	-2.5750066414275867 -1.08746334888203 -3.2033628364792213 -0.7829147963773943 -3.831460501197791 -0.4797843504673943 -4.459097984393602 -0.1770082530215905 -5.085294101110847 0.12809000492950184 -5.709867009740343 0.4399572516542293 
8	0.7	75.003	4	7	10	10	10	10	(132, 43, 202)	5.944816298462493	8.120985820376191	-3.1921992273155158 -2.6531417976545217 -2.6007388484547542 -2.508959109397161 -1.995507722767133 -2.3697131893127628 -1.3736387717152814 -2.238525422076735 -0.7348761488959104 -2.115272086496327 -0.08075709006337117 -1.9978225196645947 0.5864113128668834 -1.8834598931025386 1.2643570687929002 -1.76976744502893 
6	0.7	75.003	4	7	10	10	10	10	(3, 84, 108)	4.9034093871742055	8.358655110961067	-4.682994432535934 -3.754353389612494 -3.987937616388041 -3.8554944231702035 -3.2934440987854146 -3.952348615738279 -2.598524590717075 -4.035824955070094 -1.903011502105854 -4.114422241046533 -1.2073568008798958 -4.1919589281317675 
8	0.7	75.003	4	7	10	10	10	10	(122, 93, 200)	5.9533302650941735	9.287367735342297	-4.177108244381047 -2.4870342997113246 -4.628899995453805 -2.0714561734673587 -5.100370037943812 -1.6642784783470876 -5.598288551039576 -1.268871433008736 -6.12106054811549 -0.8819800134235536 -6.662442313296595 -0.49438625645317735 -7.211053820007466 -0.09917324891662957 -7.769152588024926 0.3037712217346198 
9	0.7	78.004	4	7	10	10	10	10	(126, 194, 52)	7.018634839766278	7.2902797534665185	0.9288943768188918 1.804063569688185 0.3355958414623042 2.17516248286382 -0.2540854633702856 2.5517083039437023 -0.8361780959917032 2.940063397152299 -1.4090036238066577 3.343222876295305 -1.9754895165636426 3.7576594438608315 -2.5444128021377987 4.171097748979121 -3.137922400545223 4.5657912134489 -3.7332883895213653 4.9358655278359835 
11	0.7	78.004	4	7	10	10	10	10	(198, 3, 132)	8.263770360396206	9.214806283771892	-3.199402190014919 2.1216831429716465 -2.5716756499438542 1.875756587509081 -1.9483585817719553 1.6128779061328165 -1.3309798841136828 1.3286966654485899 -0.7189804680604105 1.0253909232571365 -0.11083561174037179 0.7076836790182081 0.4949275774822581 0.37977780199645345 1.0988659924851276 0.045616279434603516 1.7039473726753245 -0.2915401152306527 2.3106594296424805 -0.6309521089707933 2.9175779200704386 -0.9744503265477326 
9	0.7	78.004	4	7	10	10	10	10	(171, 179, 229)	6.8964758107074715	7.969769815158208	-5.439954093096175 1.6056480379297189 -4.810173578048261 1.3647169993984032 -4.182031360205056 1.1096132997400379 -3.5549492669088725 0.8401035670031648 -2.9275210517612433 0.5651143308435338 -2.299648305670363 0.2828658654586001 -1.6733295611690595 -0.012552143328704342 -1.049331796950409 -0.32562751862407985 -0.4302258083972932 -0.6471232708759319 
9	0.7	78.004	4	7	10	10	10	10	(74, 11, 5)	6.790263717244416	7.079050660024564	-3.4044889845285207 3.324499750612859 -4.045500253999239 3.21314418782025 -4.686843268378501 3.088196680175735 -5.3302800970844535 2.9383787797054435 -5.977719681358998 2.7502887364725743 -6.617648284943504 2.5248292668066963 -7.259347740650843 2.283566758100367 -7.906335587772695 2.040386646126213 -8.559437002883966 1.7993067322323788 
7	0.7	78.004	4	7	10	10	10	10	(73, 226, 203)	5.50076443259341	7.001641154544619	-2.002752721878771 -1.3034480068497054 -2.630444017864874 -1.0456553715399495 -3.257383736245871 -0.7814625032873826 -3.883581193855246 -0.5110499728078632 -4.509687596313848 -0.23565529183168704 -5.13614635762736 0.044476633178061845 -5.7638039551675675 0.3299782926069543 
9	0.7	78.004	4	7	10	10	10	10	(132, 43, 202)	6.87056997972063	8.120985820376191	-3.769529918763421 -2.8786931736938444 -3.1113497438889337 -2.765405695806858 -2.4398459024871983 -2.652825239702096 -1.7674482067736192 -2.5313220053093475 -1.0983994781942064 -2.3855978165788576 -0.42990879679768285 -2.2314401679419777 0.24032163638622528 -2.078855872011278 0.9135605078587848 -1.9317993837223681 1.5899449399061525 -1.789040117978102 
7	0.7	78.004	4	7	10	10	10	10	(3, 84, 108)	5.602518076799553	8.358655110961067	-5.421883952905587 -4.037629989652115 -4.7227718876277915 -4.067750440084235 -4.023998380040825 -4.09846905745935 -3.3215402722084395 -4.119519755418098 -2.6219880186871802 -4.134280839008703 -1.9216699927529082 -4.1509899027396395 -1.2215844936985572 -4.168733471974976 
8	0.7	78.004	4	7	10	10	10	10	(122, 93, 200)	6.179919972250383	9.287367735342297	-4.481785775230582 -2.704890500000784 -4.945386332519523 -2.234328553227421 -5.433605029324371 -1.762090427423068 -5.934177247853325 -1.294826989938365 -6.439714724831184 -0.8313053223280461 -6.94743575161071 -0.3642453988330432 -7.4543138091629935 0.10255082541976254 -7.963291468702843 0.5691989902131269 
12	0.7	81.001	4	7	10	10	10	10	(198, 3, 132)	8.98517007179452	9.214806283771892	-3.810573147881792 2.3080604727626968 -3.1679873858500156 2.07674995460965 -2.527994050278795 1.8337453846099918 -1.8923551547179716 1.5772292249131035 -1.2616678096980478 1.3070239849239005 -0.6363612916618295 1.022397680405428 -0.016758059346042166 0.7224736907909048 0.5978256693679984 0.4070480602033753 1.2082255437479912 0.0807347958400183 1.81670652004282 -0.2528388578884231 2.42493368042643 -0.5908077790989887 3.0341525940997474 -0.931411945177969 
10	0.7	81.001	4	7	10	10	10	10	(171, 179, 229)	7.617475027542271	7.969769815158208	-6.091050282684687 1.7658769059206003 -5.461018604854723 1.5385569083083772 -4.830278859501146 1.2925161008477402 -4.195894265313864 1.0291134719741293 -3.5566635771294233 0.7630592587278145 -2.9134661020281145 0.49836980291281757 -2.269136164181551 0.2321211593044896 -1.626774742038245 -0.04174812507210421 -0.9875626579917001 -0.32736755916045673 -0.35043126530423496 -0.6178932843492901 
7	0.7	81.001	4	7	10	10	10	10	(73, 226, 203)	5.55601075794948	7.001641154544619	-2.010442272852437 -1.336436904492887 -2.6569559737092336 -1.092066216083371 -3.3013012662100816 -0.8402584820719398 -3.9424861596141247 -0.5791080898007267 -4.580594747400527 -0.30913879413205214 -5.21636810908655 -0.03215722284461551 -5.851119899465758 0.2493376512427588 
9	0.7	81.001	4	7	10	10	10	10	(132, 43, 202)	6.875680087595052	8.120985820376191	-3.4831188617789595 -2.7880143238754322 -2.8079959045635663 -2.7366414219619966 -2.133351172866454 -2.6733700802355704 -1.4575415939783165 -2.5845838780359918 -0.7857515154324921 -2.4703716530745585 -0.11454317316131996 -2.337546394282653 0.557507981040482 -2.19271643022866 1.2318743661581186 -2.0414092069441923 1.9097356921058386 -1.887488109187337 
8	0.7	81.001	4	7	10	10	10	10	(3, 84, 108)	6.304787186477018	8.358655110961067	-6.076426080604259 -4.924364785102602 -5.383025838864075 -4.8288977731869185 -4.690307159701967 -4.729403211223818 -3.9966608114404125 -4.617658515328337 -3.3059754691414045 -4.49800548442412 -2.6160845346434796 -4.375214208118608 -1.9265578140753203 -4.251805587573178 -1.2372526106123254 -4.1285435834016875 
9	0.7	81.001	4	7	10	10	10	10	(122, 93, 200)	6.8336665181980205	9.287367735342297	-4.633613440251001 -3.3917738263970656 -5.036640076025054 -2.845973202359322 -5.447339629245524 -2.3070330191797948 -5.870682242063295 -1.7782991473280647 -6.307813219240133 -1.2603810927442864 -6.7560983799762 -0.7509736806535945 -7.21032047400492 -0.24393166936199248 -7.669562048710548 0.2594156255017655 -8.13186796193895 0.760615543632432 
5	0.7	81.001	5	7	10	10	10	10	(203, 193, 35)	4.198913316939555	8.7094279729202	-0.6793506742187815 2.659890092796791 -0.0607408340265366 2.3327416570929578 0.5577609103473492 2.005666316710471 1.1762400690367685 1.6785583138553024 1.7947385172527985 1.351150930601831 
5	0.7	81.001	5	7	10	10	10	10	(104, 121, 14)	4.223618766602209	7.370660641972163	-1.316443071861332 3.941626747909883 -1.8698268810840348 4.372821034524445 -2.4483938278977857 4.791102242812681 -3.0416797306962873 5.172124479497141 -3.6402959289827987 5.54081070883508 
5	0.7	81.001	5	7	10	10	10	10	(124, 77, 80)	3.892817811514654	8.765169601325336	-5.39786760271376 3.226707670553568 -4.801950952581912 3.387181282582502 -4.199860400319812 3.5304091545110343 -3.5829473130354326 3.636363507730598 -2.956692046537118 3.7122369168525906 
5	0.7	81.001	5	7	10	10	10	10	(203, 44, 148)	4.043453783540022	6.6414253320723855	-6.449400042712624 3.03479447252702 -7.013304208278456 2.733019929467443 -7.5939065675827555 2.4398014472216265 -8.200651624252522 2.1608789315840085 -8.83064963826988 1.890288284537353 
8	0.7	84.002	4	7	10	10	10	10	(73, 226, 203)	6.235979340332291	7.001641154544619	-1.3885209743728841 -1.4445803273072606 -2.0462513020286157 -1.2409566436376185 -2.7019921917903242 -1.0298389180435412 -3.355884924182698 -0.8102440584114443 -4.008120042154498 -0.5828267938540173 -4.659391637379367 -0.3496393438215354 -5.310655421687581 -0.11355464134273642 -5.962629380980774 0.12294382665545624 
10	0.7	84.002	4	7	10	10	10	10	(132, 43, 202)	7.6009584878443395	8.120985820376191	-4.003045876716561 -2.4944454366202797 -3.325482368433239 -2.5961166884561995 -2.645508775962432 -2.679700034896829 -1.9621672323788204 -2.7276713943468023 -1.2770123775508995 -2.724036766241006 -0.5944240516872267 -2.654986023425916 0.08464269485845055 -2.536256526693073 0.7601256212870191 -2.3841141799227894 1.433924677388671 -2.2133324916383583 2.108427914104801 -2.035391806507286 
8	0.7	84.002	4	7	10	10	10	10	(3, 84, 108)	6.307512420726299	8.358655110961067	-5.9588685749550345 -5.526517978722372 -5.273381150995176 -5.382580698729982 -4.589245546158262 -5.231088833816371 -3.906361361005465 -5.0580511495202245 -3.234085210326979 -4.861130093679373 -2.566241950010059 -4.649356605301407 -1.9009253494407177 -4.4301571388204275 -1.2366624240437067 -4.208508060958912 
10	0.7	84.002	4	7	10	10	10	10	(122, 93, 200)	7.5011068091483555	9.287367735342297	-4.529885182766828 -3.887527643638242 -4.964426931449374 -3.3765000821845823 -5.387803209465373 -2.855330418055132 -5.803778233840618 -2.3276469289332313 -6.215706595130997 -1.7952564725507074 -6.625696002856246 -1.2588333309341135 -7.034246333881878 -0.717746498317482 -7.440049398456848 -0.16966383401534624 -7.846689400825427 0.3835592792362476 -8.256155994725395 0.9414743142933778 
5	0.7	84.002	5	7	10	10	10	10	(203, 193, 35)	4.200698146969204	8.7094279729202	-0.6027280757958967 2.7610281306159217 0.014284455145288468 2.42966860318253 0.6310238063938097 2.0966467969626033 1.2447303087126946 1.7604065610242092 1.8572623516006546 1.4223010937648657 
5	0.7	84.002	5	7	10	10	10	10	(104, 121, 14)	4.200004397231421	7.370660641972163	-1.176058780218029 4.1583631340270895 -1.7753966520831983 4.520019453773799 -2.3747349671182567 4.881676054760581 -2.974073266594632 5.24333266770635 -3.5734111068748953 5.604989017380557 
5	0.7	84.002	5	7	10	10	10	10	(124, 77, 80)	4.201068417163306	8.765169601325336	-5.476740161807086 4.163778609466935 -4.795536594912409 4.00369597339476 -4.113929210700388 3.841391788912211 -3.432657659683729 3.6786882936270096 -2.7515912456652085 3.5160670288239046 
5	0.7	84.002	5	7	10	10	10	10	(203, 44, 148)	4.207377284224151	6.6414253320723855	-6.599751540157717 3.2163137818792946 -7.2397701550718 2.9315723344108044 -7.877683191403667 2.631813086823711 -8.508550345140483 2.3257234420175688 -9.138357024621605 2.0182773546180313 
6	0.7	84.002	5	7	10	10	10	10	(120, 79, 106)	4.865845279928145	10.481407139939966	-1.4934716680186009 1.6448837375020011 -2.1558188318115037 1.8373394290599017 -2.8190045445598835 2.0318795542801857 -3.4832465450157177 2.229355555078902 -4.149337229751421 2.4287142164869246 -4.817602144954523 2.625774362134188 
7	0.7	84.002	5	7	10	10	10	10	(248, 23, 63)	5.565746611386279	7.756365711484069	-0.2710241629973912 1.0619598618839026 0.32600501215415734 0.7158985308554404 0.9207784131710847 0.36116396448769156 1.514332101848705 0.0023548580444575085 2.1083144536724765 -0.35831374475038563 2.7035904552750165 -0.7198591614365991 3.3004375877869676 -1.0821385110822372 
5	0.7	84.002	5	7	10	10	10	10	(129, 92, 180)	3.9769123944247773	9.557394063197869	-4.37614966582297 1.0895966288937333 -4.982729458096273 1.2578235281818244 -5.5989738853377355 1.4215522047612976 -6.230049977217882 1.5695439653988423 -6.877411629287433 1.7061434696461932 
6	0.7	84.002	5	7	10	10	10	10	(133, 67, 0)	4.715532814722312	9.869875841477166	-3.3645878595181307 0.6707449324614652 -2.7616548928679787 0.46907948064914917 -2.1469609154400286 0.2581172194552347 -1.52232230554945 0.03241999252521356 -0.8914195558756771 -0.2131956312047041 -0.25607535777418844 -0.47896286714236624 
9	0.7	87.003	4	7	10	10	10	10	(73, 226, 203)	6.944850127552684	7.001641154544619	-0.7873449414303179 -1.686742996790682 -1.4344987682545562 -1.4455402000566384 -2.0822911003201408 -1.2058667799814098 -2.731765880286425 -0.9705378014311593 -3.384332443848524 -0.742576476805735 -4.041480450497794 -0.5258503139430183 -4.706869950799608 -0.3246769682499174 -5.376663520580381 -0.1337433998172303 -6.049300857341796 0.05229746382420193 
9	0.7	87.003	4	7	10	10	10	10	(3, 84, 108)	6.9984933996197345	8.358655110961067	-6.57593097519621 -5.894153216292757 -5.885452661041889 -5.779482542045687 -5.19587737180927 -5.66029920540699 -4.508916038388533 -5.528633116108757 -3.827390916799539 -5.374115550305351 -3.15222455256934 -5.183905370084972 -2.4858054611775815 -4.969769521469432 -1.8237760818592785 -4.743229098201347 -1.163498086434212 -4.512807533291997 
11	0.7	87.003	4	7	10	10	10	10	(122, 93, 200)	8.222135623153617	9.287367735342297	-3.9944722433074564 -4.08607703555641 -4.516728676531956 -3.656636430169249 -5.028174172447989 -3.2160248237373112 -5.520046109822359 -2.754307748570609 -5.9854435097947345 -2.2632688242050225 -6.4265815762432075 -1.7476369919544634 -6.848051012748758 -1.2123935534897916 -7.255544036906628 -0.6625181650983647 -7.6549255877536435 -0.10241173533709037 -8.051336734791233 0.4644760205454853 -8.448471350984411 1.0358597562573693 
6	0.7	87.003	5	7	10	10	10	10	(203, 193, 35)	4.901836906678297	8.7094279729202	-1.2388853799032695 3.0275181594870544 -0.5932535541714448 2.756270839966483 0.050141470003659344 2.4805141485870292 0.6895858250994574 2.1939111676969762 1.3262307877539041 1.901630852041663 1.961689604414017 1.6073939876738457 
6	0.7	87.003	5	7	10	10	10	10	(104, 121, 14)	4.901343329770052	7.370660641972163	-0.41361472230854573 4.144007619417723 -1.0605148552075183 4.4129429677685 -1.7066887222239946 4.682912843598039 -2.352085694531393 4.954545917648474 -2.9968367476184343 5.227519079349883 -3.6412482086053464 5.501096466883035 
6	0.7	87.003	5	7	10	10	10	10	(124, 77, 80)	4.903931658651205	8.765169601325336	-6.016540460483056 4.808322289376676 -5.371543168942067 4.5210855783673365 -4.730676324960884 4.24035398236575 -4.083966627012852 3.974641091888117 -3.43103262643111 3.724251619336942 -2.7743746827222804 3.482505138126662 
6	0.7	87.003	5	7	10	10	10	10	(203, 44, 148)	4.754111562995584	6.6414253320723855	-6.199554384611609 3.5036828822421717 -6.807977654821797 3.2620307437677716 -7.420133590191985 3.0137510830121985 -8.037058763115764 2.7518770080802994 -8.657998835805953 2.476852210087331 -9.286485546226139 2.1931784543471906 
7	0.7	87.003	5	7	10	10	10	10	(120, 79, 106)	5.299449115233019	10.481407139939966	-1.4496635093733197 1.6428411770131628 -2.0602525867293973 1.8292547879538654 -2.6744922332688756 2.0177430493700728 -3.2934554782312375 2.2069950706153483 -3.9174693815281327 2.3947336010675833 -4.549535030356835 2.575347317749795 -5.188078600857478 2.751031670682162 
8	0.7	87.003	5	7	10	10	10	10	(248, 23, 63)	6.019955981227817	7.756365711484069	-0.3951082698229896 1.2080271357778771 0.16154121637223443 0.8984199266429285 0.7202274978538113 0.581734711424423 1.279436517550403 0.2517598362022195 1.8420329944594915 -0.08899839822676077 2.4104713672928715 -0.4384884885905204 2.9865087010200937 -0.7953942789310876 3.571245165014127 -1.1594778050799037 
5	0.7	87.003	5	7	10	10	10	10	(129, 92, 180)	4.171765515855043	9.557394063197869	-4.4720093448132685 1.1403855118494992 -5.150414099289454 1.2773921715037917 -5.830293496455559 1.4098330978138112 -6.512224711325019 1.5340002283250378 -7.195746754515914 1.6533410097850083 
6	0.7	87.003	5	7	10	10	10	10	(133, 67, 0)	4.878012148152807	9.869875841477166	-3.1751554788277367 0.6918293003645953 -2.5286644507506724 0.44074051259579256 -1.8819777594219607 0.18837886461752457 -1.2356836040958041 -0.06716074847159519 -0.5901846173988056 -0.3282967144969976 0.055451299460371334 -0.59614508701189 
5	0.7	87.003	5	7	10	10	10	10	(81, 7, 6)	4.193862438314678	7.065607843873581	-2.3173467910567602 -3.2619940034218655 -2.9022026448674567 -2.8784718394645084 -3.4864137764689707 -2.495082950325071 -4.069844729660202 -2.111629354354968 -4.652489370839439 -1.7281188345492386 
6	0.7	87.003	5	7	10	10	10	10	(130, 188, 87)	4.890367886904393	7.380044882429287	-0.9216182634496444 -3.142399645432547 -0.25614727542753896 -2.9288790713021418 0.4065497235329945 -2.71065008218632 1.068891168671185 -2.4912238131536126 1.7315864867053858 -2.27239719638191 2.3948162653349576 -2.054377292570288 
10	0.7	90.000	4	7	10	10	10	10	(3, 84, 108)	7.717577645377801	8.358655110961067	-7.246897584801985 -6.04071002925938 -6.551611889996103 -5.960207157758377 -5.856151357218706 -5.881551036043569 -5.160248412465992 -5.8061369227838995 -4.463800312363848 -5.732724611248997 -3.767138797011006 -5.655657011722153 -3.0715793238907345 -5.563921654836775 -2.374881652077202 -5.440152679228079 -1.689808713034245 -5.274516600823741 -1.010428631099088 -5.095552512632175 
7	0.7	90.000	5	7	10	10	10	10	(203, 193, 35)	5.485717797924403	8.7094279729202	-1.7044708647363076 3.385986493446411 -1.0943084386491082 3.1169844519272822 -0.4807600751625172 2.842062855494109 0.13638707849610837 2.5594570519448445 0.7540887184370714 2.2668470813619104 1.3750460313658956 1.9673802269887883 2.0002674449940607 1.6641216973920414 
7	0.7	90.000	5	7	10	10	10	10	(104, 121, 14)	5.602957673395883	7.370660641972163	0.29766175633986575 4.0443347262585245 -0.35569335544500374 4.294659355467618 -1.01071612882072 4.540928945339542 -1.6711615827857471 4.7784765183774125 -2.332620947975875 5.010234564676765 -2.9944692314289543 5.239759118501568 -3.6562158976340737 5.468704459805687 
6	0.7	90.000	5	7	10	10	10	10	(124, 77, 80)	4.785650666278352	8.765169601325336	-5.937456342257715 5.089230203311943 -5.324261172575207 4.767131180056557 -4.717595495611042 4.449743878633386 -4.117682804292812 4.136559492251598 -3.524614516945002 3.826653590959468 -2.9377612272792315 3.5193732512499007 
6	0.7	90.000	5	7	10	10	10	10	(203, 44, 148)	4.886643831059777	6.6414253320723855	-6.421793488469301 3.794881585691602 -7.034770491355804 3.4663568418909816 -7.650954382067294 3.1412158511673476 -8.269685285622884 2.8176715557680403 -8.884957431562077 2.489662124004186 -9.501818329506918 2.16087683876323 
7	0.7	90.000	5	7	10	10	10	10	(120, 79, 106)	5.368894550626184	10.481407139939966	-1.7318206292760003 1.9029601167073027 -2.3617245350894422 2.0384474782231745 -2.9960457356405343 2.175180093552375 -3.6398009194981418 2.3123402969663718 -4.2902705680439395 2.449518135661247 -4.948656393729289 2.585771777116935 -5.615439888759752 2.721084188281488 
9	0.7	90.000	5	7	10	10	10	10	(248, 23, 63)	6.732324030052672	7.756365711484069	-0.6544517483261844 1.4518594619485072 -0.08346198711696617 1.1496944564403442 0.48834164095365157 0.8401953821708958 1.0586567658623172 0.5143769163301305 1.6209006256191314 0.16757829575467326 2.18212395484351 -0.19448333362166798 2.746026813112123 -0.566495232572106 3.315115411178331 -0.9451330936143246 3.8906879896974575 -1.3287948187720433 
6	0.7	90.000	5	7	10	10	10	10	(129, 92, 180)	4.595182636986451	9.557394063197869	-4.3866126128346155 1.0574265592539296 -4.987943332357116 1.1956123910993763 -5.599408483267383 1.3342710010075283 -6.2232342184803615 1.4717424569270356 -6.858966509518512 1.6063832350726346 -7.50781888260993 1.7404699054849206 
7	0.7	90.000	5	7	10	10	10	10	(133, 67, 0)	5.272123411333018	9.869875841477166	-3.364717485729744 0.8962988126617395 -2.7962972077228034 0.6565205351514083 -2.2175521473334516 0.41671298924315947 -1.6251959619100227 0.17918168583268054 -1.0180709025446635 -0.055254217306804694 -0.39650331080861356 -0.28758173077380333 0.2382895609513652 -0.5204230194334698 
5	0.7	90.000	5	7	10	10	10	10	(81, 7, 6)	4.145801854396085	7.065607843873581	-2.3965494463706363 -2.9849424662533175 -3.0031824882020697 -2.6769211831154265 -3.6062100036985827 -2.353400310947616 -4.204357005656643 -2.0143232832436904 -4.804076900985665 -1.6659778599065902 
7	0.7	90.000	5	7	10	10	10	10	(130, 188, 87)	5.539406928665464	7.380044882429287	-1.310827793705372 -3.752770060268636 -0.675005793587844 -3.4919274000216776 -0.03950797762427512 -3.2317072515153438 0.5945118682971752 -2.9654664686879744 1.2226105931647122 -2.681583922569363 1.8499498742954608 -2.388468527427396 2.4794352509898085 -2.091344325772909 
5	0.7	90.000	5	7	10	10	10	10	(193, 31, 180)	4.129949680649759	9.6440323890223	-2.6417347470275856 -1.3714746006045735 -1.9691856730619397 -1.476996496232414 -1.29535849958199 -1.5819951866233466 -0.6204874629625394 -1.6876430881897437 0.05520061752412808 -1.7947452441769385 
5	0.7	90.000	5	7	10	10	10	10	(183, 107, 39)	4.140651238361066	8.346962220416973	-3.6139281405525865 -0.47204771288219294 -4.284659777490666 -0.33859972891304313 -4.95537677278433 -0.20088196789789634 -5.624921940456026 -0.055961173920458886 -6.295361672438258 0.09403426781741815 
6	0.7	90.000	5	7	10	10	10	10	(103, 23, 209)	4.6075190378747894	9.75752023641705	-5.60401684143692 -2.9878016072910603 -5.027868755895538 -3.248222827257601 -4.4525595577268575 -3.5128031968341906 -3.8717452292654264 -3.776283741633266 -3.278601343411867 -4.031203072547179 -2.6669413091807437 -4.275467696945145 
7	0.7	90.000	5	7	10	10	10	10	(234, 198, 187)	5.3686470491031795	9.092865420924314	-6.3171214611799895 -2.1331256145697823 -6.691825920046998 -1.6198114788569227 -7.073802504366251 -1.0995755388850053 -7.46321560573408 -0.5707946852875858 -7.856183918699401 -0.03239483918720247 -8.257928954037553 0.5129242871252951 -8.66924787688621 1.0633461328729206 
7	0.7	93.001	5	7	10	10	10	10	(203, 193, 35)	5.590547466011818	8.7094279729202	-1.605731232729375 3.534085967608054 -0.9694952223898504 3.243738098000378 -0.34282171144014295 2.9384683639446 0.2798328125526365 2.6237351695134743 0.9006054696942275 2.304079860822889 1.5209054117020526 1.9822749881725767 2.141481122629317 1.6597229488754885 
7	0.7	93.001	5	7	10	10	10	10	(104, 121, 14)	5.600369721218261	7.370660641972163	0.3796691129589667 4.2204989811778075 -0.27769200434699326 4.459876546972554 -0.9354825397483858 4.696923878200538 -1.5977740316011828 4.927842742172167 -2.259584549323662 5.157315861826078 -2.920062410951609 5.389330418804702 -3.5791096573320123 5.62428988722821 
7	0.7	93.001	5	7	10	10	10	10	(124, 77, 80)	5.5808589122562875	8.765169601325336	-6.527825021354454 5.869069138421826 -5.928182811746495 5.50858355495278 -5.3321548273889885 5.143079712749863 -4.746413206637511 4.764345412523077 -4.163409851115792 4.3827935536909095 -3.57885717411675 4.007554041848175 -2.992529512975558 3.6379072538327666 
7	0.7	93.001	5	7	10	10	10	10	(203, 44, 148)	5.519396004153128	6.6414253320723855	-6.067091956032995 4.07802496875707 -6.693851206410672 3.8142168926876434 -7.314293963865694 3.534392017076874 -7.933109831404337 3.2431203191869677 -8.552204975304022 2.943906744650418 -9.172624430437109 2.6385188555218906 -9.796097632174341 2.3298483744394165 
8	0.7	93.001	5	7	10	10	10	10	(120, 79, 106)	5.897373917077399	10.481407139939966	-1.628770780899855 2.1374357301281592 -2.243852874667755 2.2046337292722757 -2.8637952928053814 2.278981872063683 -3.492173147994213 2.3616817838836144 -4.129352476758939 2.439101988448409 -4.773981737829038 2.515509800446886 -5.428358966237422 2.5933957078122187 -6.094175712890554 2.6720585958320218 
10	0.7	93.001	5	7	10	10	10	10	(248, 23, 63)	7.280868238998986	7.756365711484069	-0.7442108460669173 1.540004167181074 -0.1906998513196176 1.258099890506963 0.3648978725964709 0.9676910772456401 0.9215245955190219 0.6634256556224425 1.4781214865812338 0.3414316455298326 2.0326510664939708 -0.000349791806751911 2.5884702472654073 -0.3586793239870399 3.147909152721726 -0.7295618656490841 3.7129906380887547 -1.1095376815302325 4.2851685675838125 -1.496113243592507 
6	0.7	93.001	5	7	10	10	10	10	(129, 92, 180)	4.680037320007953	9.557394063197869	-4.698947563671531 1.0538804742597772 -5.308909145874089 1.1775837170199739 -5.938850633886547 1.3006380116731824 -6.587155798626934 1.4290158883224064 -7.244666922258326 1.5685257025498252 -7.911708623873343 1.714222832905562 
8	0.7	93.001	5	7	10	10	10	10	(133, 67, 0)	6.075403455647638	9.869875841477166	-3.692437443554961 1.121390372955159 -3.1243171781049663 0.869947712123973 -2.534467678339938 0.6123382083399427 -1.9253297697338219 0.3504833772018494 -1.302373530957014 0.08607360836489318 -0.6707056748037191 -0.17986526162220462 -0.033662383629451745 -0.44692158892919337 0.6070660740648757 -0.7150571043724416 
6	0.7	93.001	5	7	10	10	10	10	(81, 7, 6)	4.893928507592184	7.065607843873581	-1.7585309315022888 -2.9538739197670947 -2.4151836525146235 -2.7126151883862426 -3.070661863240577 -2.469601565958526 -3.7243002868308746 -2.222864073309591 -4.376655326771472 -1.9735069172506252 -5.028333597081238 -1.7228091989841985 
7	0.7	93.001	5	7	10	10	10	10	(130, 188, 87)	5.592871314128812	7.380044882429287	-1.0389909393488521 -4.153996993667116 -0.42872411955092826 -3.81456250955688 0.18062840669728064 -3.473165851338105 0.7874767885877241 -3.126874641012206 1.3892837454282896 -2.7718803572447346 1.988786306376586 -2.4121987503204774 2.587732386344601 -2.0507570469814698 
5	0.7	93.001	5	7	10	10	10	10	(193, 31, 180)	4.163023982764603	9.6440323890223	-2.5736136038424897 -1.1744431003947466 -1.9124294145717604 -1.3744258735392787 -1.2513044481656415 -1.5743348145924685 -0.5901728119430962 -1.7743265424274297 0.07103820171061652 -1.9745169864081897 
5	0.7	93.001	5	7	10	10	10	10	(183, 107, 39)	4.175458087109348	8.346962220416973	-3.7073713036900013 -0.41782428958958295 -4.393916332473063 -0.3218043656507483 -5.081189476187738 -0.22013862553376481 -5.765400102225188 -0.10487728781036204 -6.447785045895128 0.019502698822170202 
6	0.7	93.001	5	7	10	10	10	10	(103, 23, 209)	4.8892388307102115	9.75752023641705	-5.839595041729902 -3.417737478462711 -5.157250509943226 -3.5647046567987206 -4.475441297507421 -3.7133192018067565 -3.7942505515368365 -3.8643930830928555 -3.113561572968144 -4.017855749382832 -2.4330770568755544 -4.172847579133861 
7	0.7	93.001	5	7	10	10	10	10	(234, 198, 187)	5.590904186004492	9.092865420924314	-6.357907703155711 -2.130813641580443 -6.810734311500116 -1.601953666023752 -7.263974717626681 -1.0730754186362093 -7.7176591961114305 -0.5414057941307031 -8.17303779576587 -0.011369691674702467 -8.633012424783832 0.5158344391402766 -9.097126055160848 1.0408859944131972 
5	0.7	93.001	5	7	10	10	10	10	(190, 120, 27)	4.19170617120878	9.002196848231673	-5.544349027963696 -5.873620304077304 -6.238204587961862 -5.938260381979777 -6.932681674859343 -6.003033823097048 -7.627909140408583 -6.0679541758144255 -8.323980193169032 -6.132992326760026 
6	0.7	93.001	5	7	10	10	10	10	(212, 168, 129)	4.889691782286119	8.891995461121153	-4.173069463949736 -5.676000267387236 -3.4773325862687687 -5.63987135368392 -2.7811084221271205 -5.603960306489326 -2.084198269513247 -5.5687160897188965 -1.386447700011862 -5.534457454091746 -0.6877702153296507 -5.5010459299762555 
8	0.7	96.002	5	7	10	10	10	10	(203, 193, 35)	6.2602541505822735	8.7094279729202	-1.9176293263335995 4.036377786707435 -1.2752091791035405 3.786513891725039 -0.6343520290066121 3.514657323430229 -0.014949547457682368 3.1958794740813645 0.579598719617213 2.8428316903941857 1.1629933443438367 2.4681611181949195 1.7403719280168324 2.0813814355905884 2.3144552083264722 1.683600717322463 
8	0.7	96.002	5	7	10	10	10	10	(104, 121, 14)	6.304229566843672	7.370660641972163	1.1394924730874412 4.213945988292815 0.4996272614737864 4.498945219955172 -0.1436860582045917 4.776787397299343 -0.7954171514987947 5.033144562532157 -1.4585285712908362 5.258316915952657 -2.1328153093138886 5.45216272810169 -2.8106576842441484 5.631030538059115 -3.4882097847340643 5.805828545262006 
8	0.7	96.002	5	7	10	10	10	10	(124, 77, 80)	6.228514997700765	8.765169601325336	-7.171929973519125 6.587812759514265 -6.569890715332737 6.236899898928912 -5.9719428167764725 5.8844240071463885 -5.3846531602974235 5.51948517210813 -4.812740188485564 5.114069566412101 -4.279727291115372 4.6812026597392675 -3.7590249166149143 4.241903015987876 -3.241908872016024 3.8046600661239163 
8	0.7	96.002	5	7	10	10	10	10	(203, 44, 148)	6.0887422950505385	6.6414253320723855	-5.69864913184855 4.31780562269187 -6.305685316902306 4.132700956032051 -6.91281402221605 3.9169038512674232 -7.518173057961792 3.653274508500668 -8.122720850906774 3.3537639154304357 -8.728217575995199 3.0326824042689675 -9.336233703564144 2.700752234809848 -9.9465233732975 2.364599506282176 
9	0.7	96.002	5	7	10	10	10	10	(120, 79, 106)	6.786284804308343	10.481407139939966	-1.1224516912460842 2.448124055038766 -1.7943788479296452 2.478708226126839 -2.45670273458922 2.492135320430409 -3.1207651671925905 2.501787473068374 -3.7904520480193535 2.5193785571611786 -4.462716255440459 2.547281540815122 -5.138608656331729 2.584816446721006 -5.818763508355868 2.628824107306581 -6.503041148248038 2.6744581594030636 
7	0.7	96.002	5	7	10	10	10	10	(129, 92, 180)	5.411697668989243	9.557394063197869	-4.420547464726014 1.1189029510588056 -5.073619387287984 1.17984359342432 -5.730300745528879 1.2464967422053443 -6.390586263926513 1.326831883877437 -7.055620916435531 1.4281700499276007 -7.720724344050449 1.5485999473580636 -8.390054336768667 1.6791810668561367 
8	0.7	96.002	5	7	10	10	10	10	(133, 67, 0)	6.125263421194019	9.869875841477166	-3.2100221413356493 1.1635500753740473 -2.6972358241903316 0.7486035540600121 -2.1630959925703714 0.34302005611528796 -1.5842993117472322 -0.0012790747786650353 -0.9734571300945893 -0.2736061218564172 -0.3357930740108151 -0.5003113186584325 0.3175176234086884 -0.7044927679199846 0.9789468359962185 -0.9060213621269684 
7	0.7	96.002	5	7	10	10	10	10	(81, 7, 6)	5.506601068763107	7.065607843873581	-1.1735949905305423 -3.0653626830504686 -1.8397677859489023 -2.9262569316198617 -2.502837089733759 -2.7691065779616646 -3.1574304622059177 -2.5782479033505727 -3.8012167767030545 -2.3367319725438156 -4.426272096167452 -2.0538615631381973 -5.044471515893409 -1.7494338153330669 
8	0.7	96.002	5	7	10	10	10	10	(130, 188, 87)	6.265076671367959	7.380044882429287	-1.3433247226192813 -4.638519441286283 -0.7382570226928054 -4.300226095144846 -0.13874731746408242 -3.9447316770859246 0.44830813530037034 -3.5751528624612963 1.0279169906134427 -3.193484460827793 1.5999688879274803 -2.7992939096058893 2.1693306745178473 -2.3996190512582793 2.7388150389139136 -1.9980432368730014 
6	0.7	96.002	5	7	10	10	10	10	(193, 31, 180)	4.768590894697317	9.6440323890223	-2.988714448191336 -1.2821324108173784 -2.3375723268071322 -1.4101957654850932 -1.6844429265101402 -1.5515763381847323 -1.0306906316260291 -1.7112057659924464 -0.37518846162238734 -1.888761838441174 0.2841860834451355 -2.0730208241430725 
6	0.7	96.002	5	7	10	10	10	10	(183, 107, 39)	4.720129735310714	8.346962220416973	-3.4307697897227336 -0.21743692662348718 -4.08155129182632 -0.21810116306885158 -4.73967197031698 -0.202855739494737 -5.401624238361274 -0.16172601287651459 -6.06858070759816 -0.09628401789181615 -6.741386022424511 -0.015293693957946329 
7	0.7	96.002	5	7	10	10	10	10	(103, 23, 209)	5.595421257189383	9.75752023641705	-6.846578648079193 -3.920400095422212 -6.147749348724699 -3.943985312284279 -5.448522352497136 -3.9636782672965167 -4.750098627175742 -3.9889396831037973 -4.051937544839584 -4.027163523878793 -3.3544206244608 -4.075535641358039 -2.6571178199490397 -4.12979348737796 
8	0.7	96.002	5	7	10	10	10	10	(234, 198, 187)	6.266850897533507	9.092865420924314	-6.028749404121047 -2.6149701098899167 -6.506148372550479 -2.1172649535607797 -6.987854350827302 -1.6217208418560298 -7.473413838466821 -1.127761159050523 -7.960873549726133 -0.6283525203658026 -8.44892315144523 -0.1309505245739992 -8.943815269698607 0.3619708819066471 -9.445211414057072 0.850790481521488 
5	0.7	96.002	5	7	10	10	10	10	(190, 120, 27)	4.161727586804194	9.002196848231673	-5.738079521073042 -6.168945192542745 -6.423179824246985 -6.130734823893391 -7.110742597614415 -6.097826345904065 -7.801800139030554 -6.070378909301898 -8.496971064578565 -6.045659551387128 
7	0.7	96.002	5	7	10	10	10	10	(212, 168, 129)	5.53299949395084	8.891995461121153	-4.699478881636142 -5.3533045817734335 -4.030045040277246 -5.495259685022276 -3.3590295121838283 -5.631356695243131 -2.6844926349603364 -5.758157610045581 -2.005228079916465 -5.8750592486586015 -1.3206343590018081 -5.983262045172345 -0.6324892247223936 -6.082808078312283 
5	0.7	96.002	6	7	10	10	10	10	(221, 120, 214)	3.98932779517384	9.027793009266585	1.1060572815200471 0.916820462366876 0.4615859185784386 0.9873960008339887 -0.1789575483875305 1.0666842771432317 -0.8161486665184154 1.159210076683632 -1.458818040180606 1.2673116178651656 
6	0.7	96.002	6	7	10	10	10	10	(205, 38, 137)	4.747876322812729	11.905021688911638	1.9337512148657954 0.0631369597543057 2.4980901633753536 -0.26439910440796516 3.0675317827105246 -0.5976843249367914 3.64279042267861 -0.9383196119774344 4.2245642819261695 -1.2867897172250464 4.814776378765609 -1.6420226899590438 
9	0.7	99.004	5	7	10	10	10	10	(203, 193, 35)	6.8724439405912054	8.7094279729202	-2.237381647906411 4.453716166241487 -1.6098692036656037 4.205453460876852 -0.9817955982346649 3.9566236569028668 -0.35699877516438927 3.695544236474551 0.2607308880099901 3.4002464723733397 0.855168207682982 3.0625538772648206 1.4377641232942442 2.696295573580018 2.0150888351140503 2.314326750767341 2.592552098357605 1.9255539833819246 
9	0.7	99.004	5	7	10	10	10	10	(104, 121, 14)	7.010314483123512	7.370660641972163	1.8577821894114497 4.174658708658723 1.2207168469614946 4.4672580966991875 0.5814194771393256 4.757393553873442 -0.06231393904314373 5.0391221202197025 -0.7125577999765174 5.304455886074815 -1.3707300202561874 5.548117543012943 -2.0369455104646947 5.7671393492994705 -2.7081862406103974 5.9634111144696345 -3.382098402653828 6.151864765812298 
8	0.7	99.004	5	7	10	10	10	10	(124, 77, 80)	6.177107099518553	8.765169601325336	-7.184095974700052 6.913764955536526 -6.60539210083458 6.528230839119925 -6.033412334394906 6.140944256035516 -5.47304248947803 5.7449572509045055 -4.930463190313634 5.332408537300773 -4.4123488988014765 4.895899317187112 -3.9115089916786436 4.44431502605537 -3.4203299436706267 3.9866393083087965 
8	0.7	99.004	5	7	10	10	10	10	(203, 44, 148)	6.234885568032805	6.6414253320723855	-5.763602340609417 4.317714106854385 -6.4134628783839505 4.104953270547082 -7.061195307439354 3.879496965819071 -7.701718517678967 3.6282978345022627 -8.337727358703937 3.3589863768570583 -8.971520760743488 3.078067183839031 -9.605026487251473 2.7902913336040935 -10.238523259179914 2.4984876920404724 
10	0.7	99.004	5	7	10	10	10	10	(120, 79, 106)	7.57480622053102	10.481407139939966	-0.44708013934490054 2.370118316489062 -1.122317875295027 2.4740556679484906 -1.800365784743816 2.560527362012983 -2.4805887393556696 2.629620503684127 -3.162834611464498 2.6782935899404166 -3.8554481037719173 2.70011559204442 -4.541045291329924 2.7025727569781806 -5.227367370906306 2.6931937274603723 -5.914451918865904 2.677225208479572 -6.6023545705052 2.6584628775826205 
8	0.7	99.004	5	7	10	10	10	10	(129, 92, 180)	5.965037912270082	9.557394063197869	-4.278492450518765 0.9071385893313438 -4.882477387555246 1.0381342382699605 -5.4982396502926125 1.1541353855496268 -6.129491890687836 1.2561442685716135 -6.775214100830353 1.3528817596537341 -7.432830929040124 1.4575341958334072 -8.100172541086925 1.5684304188121299 -8.776163030880815 1.6831916757662169 
9	0.7	99.004	5	7	10	10	10	10	(133, 67, 0)	6.749484809233181	9.869875841477166	-3.3809608930978716 1.438729019610042 -2.9435162382642073 0.9526950823224395 -2.48280499528423 0.5003168743917166 -1.9624837772321415 0.1033659684825393 -1.3825068039093609 -0.21503943163845848 -0.7618925996207069 -0.4732639896263568 -0.11928737788330909 -0.6982647127801597 0.5338744126677961 -0.9123785278676273 1.1930470622286207 -1.1275877322468042 
7	0.7	99.004	5	7	10	10	10	10	(81, 7, 6)	5.537426026645479	7.065607843873581	-1.236558359887259 -3.1947254766033497 -1.8853444806655981 -2.9625288665068976 -2.531654067127427 -2.722294901415235 -3.1721682384332293 -2.4695923494326504 -3.805952278086042 -2.1967526187201916 -4.434029041442979 -1.9105758863116256 -5.058969508896813 -1.6179752627004793 
9	0.7	99.004	5	7	10	10	10	10	(130, 188, 87)	6.90998890913793	7.380044882429287	-1.7617701999344053 -4.9459612759377505 -1.1457086928758498 -4.646534456160224 -0.5335349894317688 -4.337970561568251 0.06870307514310853 -4.010243836618215 0.6620687870762872 -3.663318191258908 1.2453902223792703 -3.295961309203254 1.8141313799564727 -2.9059128821343827 2.3773985591467963 -2.5032286732770244 2.9403739684386805 -2.095539018159417 
6	0.7	99.004	5	7	10	10	10	10	(193, 31, 180)	4.77451766388446	9.6440323890223	-2.7778276292224304 -1.1834942695323265 -2.1471901209273296 -1.405003255155187 -1.5141155414141518 -1.6291448913877293 -0.876263845360215 -1.8521104040388208 -0.23350479226058862 -2.0696067553847097 0.4128890049936766 -2.2815970539040693 
6	0.7	99.004	5	7	10	10	10	10	(183, 107, 39)	4.803818331350927	8.346962220416973	-3.7254424252525036 -0.3688830666533383 -4.400721302970163 -0.3369995145450721 -5.076643680614778 -0.27859475669383543 -5.751607536254412 -0.19817920428019936 -6.427474093161822 -0.09926270777665237 -7.105202350907365 0.010393807961520802 
8	0.7	99.004	5	7	10	10	10	10	(103, 23, 209)	6.265466460350087	9.75752023641705	-7.660976578997308 -4.246027858630699 -6.96280717852655 -4.230605060548694 -6.266361945035155 -4.21306478548255 -5.57182611302292 -4.189002825119843 -4.877728408803066 -4.151643796147933 -4.183875460480938 -4.116906690196381 -3.4911937634001635 -4.0858625039882375 -2.7994706711815596 -4.057439338431858 
9	0.7	99.004	5	7	10	10	10	10	(234, 198, 187)	6.928409808173296	9.092865420924314	-5.54243913238063 -2.8908009631731564 -6.099916636172011 -2.4870057486012667 -6.648235937926436 -2.0743464235365217 -7.187894815930949 -1.648821360886982 -7.716797019896051 -1.2078278514650058 -8.23396996707555 -0.746960519337207 -8.738127255445402 -0.27200060453309544 -9.238214719033044 0.2107153960368367 -9.738992615778734 0.6962353760957208 
6	0.7	99.004	5	7	10	10	10	10	(190, 120, 27)	4.898409831251556	9.002196848231673	-5.1584846612073125 -6.773479925429714 -5.830454617577498 -6.579062850714118 -6.503412625927849 -6.3879310365230815 -7.177586866293414 -6.200823245378862 -7.852716915827207 -6.016779089802763 -8.528337765592477 -5.834098274546619 
7	0.7	99.004	5	7	10	10	10	10	(212, 168, 129)	5.583155959633187	8.891995461121153	-4.682386202157966 -5.486474681682231 -4.013548157877013 -5.6757880745458005 -3.3441806978601347 -5.866780125485557 -2.6737339334416577 -6.057840938583304 -2.000893493213777 -6.244302889731727 -1.3251295142531272 -6.41802232405502 -0.6471224051879154 -6.587569528074533 
5	0.7	99.004	6	7	10	10	10	10	(221, 120, 214)	4.129878343119058	9.027793009266585	1.3871433705948908 1.0416799865860613 0.6990374495822426 1.0501986291480434 0.015046507379595538 1.0698732412414331 -0.6657828056284143 1.1106682254110158 -1.3379862364368074 1.1762542042661224 
6	0.7	99.004	6	7	10	10	10	10	(205, 38, 137)	4.862590179631681	11.905021688911638	2.1039437444394773 -0.09032425960808914 2.706668908962829 -0.4214902999394985 3.310405417662954 -0.7551638035078213 3.915156486391258 -1.0928443286053675 4.520978802472437 -1.4333678223939572 5.128613632354964 -1.7757618638324528 
9	0.7	100.004	5	7	10	10	10	10	(203, 193, 35)	6.895932022138952	8.7094279729202	-2.174168618722831 4.497123991385467 -1.54804612821908 4.24335258567887 -0.9190768137916673 3.990044362133842 -0.29035519788986663 3.7310932987563543 0.3331287617364501 3.4482070726261176 0.9444725878814382 3.110806248152253 1.52434757886563 2.7355201313566133 2.09962185550684 2.3512788524057795 2.6780102879403254 1.9625701986772885 
9	0.7	100.004	5	7	10	10	10	10	(104, 121, 14)	7.0087725996292995	7.370660641972163	1.8625759952605299 4.21743432582245 1.226363215709908 4.510885095429472 0.588063999947298 4.802183572445915 -0.054602294987066424 5.0852199302503305 -0.7026582190631028 5.354530949017618 -1.357361959773714 5.605926790361886 -2.020287011735674 5.836352298151777 -2.686893883306149 6.048488701175228 -3.3556814742970364 6.254540037616162 
9	0.7	100.004	5	7	10	10	10	10	(124, 77, 80)	6.889467731763464	8.765169601325336	-7.788010626184704 7.364149819308059 -7.201972318369689 6.985944624153466 -6.619077958223292 6.60755270338216 -6.04145412109761 6.225945645968777 -5.47240337052301 5.836867481959348 -4.916518822535681 5.435207537023838 -4.380026274025909 5.015266722755185 -3.8691031985946984 4.5685739544741715 -3.376775056599601 4.114688927457623 
11	0.7	100.004	5	7	10	10	10	10	(120, 79, 106)	8.309470137818218	10.481407139939966	0.21691753322887702 2.267247786003017 -0.45069978866641625 2.407740349578053 -1.119703296811977 2.537730486746291 -1.7921993467766744 2.6489658926162662 -2.4684165510374534 2.7461784014074118 -3.149126941969874 2.8191661776429613 -3.8615435303142798 2.844221911172521 -4.563980614841889 2.803704393506613 -5.258224970247991 2.7467174491140782 -5.947446756470237 2.710173608601576 -6.640104677317176 2.6862960699486624 
8	0.7	100.004	5	7	10	10	10	10	(129, 92, 180)	5.976833204100242	9.557394063197869	-4.411353970079814 0.9266758797658105 -5.020337309663585 1.055749203270405 -5.643014734692107 1.1712939885708662 -6.279533429354784 1.2744276209401333 -6.92786454566794 1.3711797218238095 -7.585116991040036 1.4695458149629674 -8.251362245431954 1.569293792120429 -8.926341651036122 1.6699329761158268 
10	0.7	100.004	5	7	10	10	10	10	(133, 67, 0)	7.306374124834141	9.869875841477166	-3.760181623886166 1.7820135000615343 -3.264562297410114 1.4040793800518128 -2.7882450845512996 1.012589656993391 -2.301628642347274 0.5970810855150185 -1.7901327435158023 0.19269198825238673 -1.2340461373403147 -0.15517909017657897 -0.6369748987607524 -0.4483373452644225 -0.009948867791385388 -0.6998460564830863 0.6342582451388283 -0.9331126165960086 1.2859368919066962 -1.168259352747451 
8	0.7	100.004	5	7	10	10	10	10	(81, 7, 6)	6.140266429210694	7.065607843873581	-0.7072241043341416 -3.230410341540573 -1.3622604401580507 -3.108601473961208 -2.0172700727173702 -2.9751460461988395 -2.670639400371286 -2.817845693345136 -3.3146265186966977 -2.6218979479500804 -3.943397485435561 -2.3547014909742345 -4.5408402282675695 -2.0197689934366707 -5.127680400315127 -1.6525834680520453 
9	0.7	100.004	5	7	10	10	10	10	(130, 188, 87)	6.955516651438595	7.380044882429287	-1.7105699460532893 -5.02295841018439 -1.0698343115380304 -4.768995937198391 -0.43640841038321854 -4.494150079866464 0.18229653996905654 -4.172259036328542 0.7704733276376542 -3.805761869641315 1.339095124474341 -3.406661833061019 1.8926812310493673 -2.984711296097308 2.4392777735017233 -2.5524392542756327 2.984328264188622 -2.116852353320745 
7	0.7	100.004	5	7	10	10	10	10	(193, 31, 180)	5.395877044194971	9.6440323890223	-3.311954418401761 -1.329063772241527 -2.6628705025824195 -1.4308570787060475 -2.0197786713195467 -1.55050567854467 -1.3769361778920728 -1.6962315428103691 -0.7346742544692152 -1.8707691072479309 -0.08882373793809804 -2.0742418507285287 0.5574454105314458 -2.2948348565562218 
7	0.7	100.004	5	7	10	10	10	10	(183, 107, 39)	5.389320609375281	8.346962220416973	-3.25412160109011 -0.18968417189414988 -3.9149784046786515 -0.24964603813330527 -4.57315864687673 -0.28653115179432725 -5.229664042119497 -0.26876157455941774 -5.88833462181163 -0.20208456106754408 -6.550600645813489 -0.10159823903321487 -7.218106789944683 0.0166978555493486 
8	0.7	100.004	5	7	10	10	10	10	(103, 23, 209)	6.28933716548006	9.75752023641705	-7.684465904631902 -4.268678896291688 -6.986455368160405 -4.233172768119797 -6.289402077939256 -4.199358302777737 -5.59311489159186 -4.169347322195376 -4.892206881355127 -4.144320712972214 -4.193892335406329 -4.13303575839489 -3.4959334379168503 -4.135249315101049 -2.7981338032472487 -4.146769577736063 
9	0.7	100.004	5	7	10	10	10	10	(234, 198, 187)	6.9323927407104975	9.092865420924314	-5.593640116038398 -2.9074763269808175 -6.146315121847757 -2.501308384540601 -6.690948174919356 -2.0863353764061996 -7.2315085496292255 -1.6613356258827099 -7.7661602999500206 -1.2248376669222902 -8.29296160387554 -0.7707026935664422 -8.806707563815626 -0.3037940596603609 -9.317714181876518 0.16904720906383763 -9.830190411517494 0.6429729116559438 
6	0.7	100.004	5	7	10	10	10	10	(190, 120, 27)	4.897599408349485	9.002196848231673	-5.1991854022331445 -6.891743979099892 -5.865377161520903 -6.6763972953964394 -6.528874973794174 -6.456334237183698 -7.192571975740864 -6.236256959745903 -7.857039709162265 -6.017774559116471 -8.522125977159899 -5.800337403617416 
8	0.7	100.004	5	7	10	10	10	10	(212, 168, 129)	6.257094048068705	8.891995461121153	-5.34717873350124 -5.442961308222125 -4.675238871816192 -5.595341784579045 -4.00399680806524 -5.7569264458739875 -3.334048082162268 -5.931048027520511 -2.6648413328196967 -6.1156186453355765 -1.9945567557835664 -6.303503946298737 -1.3212900344344616 -6.4828652421898045 -0.6456857399049374 -6.659876473650503 
5	0.7	100.004	6	7	10	10	10	10	(221, 120, 214)	4.095369784089708	9.027793009266585	1.51151724660556 1.1511387582538584 0.8197323967224577 1.1033794213822967 0.14955230410638398 1.088524750968908 -0.5166829852633817 1.1357434470506902 -1.1740084953648964 1.2274154536785888 
7	0.7	100.004	6	7	10	10	10	10	(205, 38, 137)	5.506345309946909	11.905021688911638	1.552238689936612 0.1386049962968205 2.1491266083262963 -0.13268302995046058 2.7528932129357 -0.44016886714637604 3.3564227409470306 -0.7703857120917799 3.96076034047136 -1.1083630790670036 4.567790031545133 -1.4471100092791664 5.177567073425081 -1.7859693760218867 
4	0.7	100.004	6	7	10	10	10	10	(206, 240, 118)	3.4247631531674005	4.828398723533748	-7.070242644051177 4.5245785251813375 -6.414260487155122 4.337923529153407 -5.763117100454198 4.162071433420364 -5.115843708123364 3.99586998238963 
5	0.7	100.004	6	7	10	10	10	10	(175, 94, 125)	4.141600970659656	9.80382847130613	-7.901022500552527 3.5148889083590333 -8.534015890401712 3.2680248362232627 -9.166649227763003 3.014626079810427 -9.801258487594946 2.7498100633442917 -10.43887401043944 2.478259312990847 
