N disks	Disks radius	time	Gen	Method	ks	kt_bot	kt_par	kc	color	current length	div_length	X
6	0.7	3.001	1	7	10	10	10	10	(0, 128, 0)	4.900000233093314	9.524725376575592	-2.200000116546657 1.4287546703519706e-16 -1.5000000874099901 -2.857509197987497e-17 -0.8000000291366638 -1.1430037505532248e-16 -0.09999997086333844 -1.143003750553224e-16 0.6000000874099888 -2.8575091979874795e-17 1.3000001165466568 1.4287546703519736e-16 
7	0.7	6.002	1	7	10	10	10	10	(0, 128, 0)	5.5999998319008615	9.524725376575592	-2.899991028640948 0.003914677476334054 -2.1999916552173007 0.0029903293539390507 -1.4999922807323038 0.0020724203118814397 -0.7999929092202949 0.001167897998907536 -0.09999351686263504 0.0002796536120371401 0.6000059127538792 -0.0005952040972684489 1.3000053577996997 -0.00146362274463562 
7	0.7	9.003	1	7	10	10	10	10	(0, 128, 0)	5.600000291358276	9.524725376575592	-2.899991298188235 0.003884315218311258 -2.1999918429838194 0.0029879315408952415 -1.4999923586433637 0.0020915478799729084 -0.799992874303135 0.0011951643309078559 -0.0999933899627323 0.00029878091785811775 0.6000060943781844 -0.000597602383335289 1.3000055495831986 -0.001493985593414948 
8	0.7	12.000	1	7	10	10	10	10	(0, 128, 0)	6.300000334043313	9.524725376575592	-3.5999807130394115 0.007918676350942788 -2.899982351038575 0.00639148046745279 -2.1999839593960537 0.004864977684348004 -1.49998556506595 0.003340017476485961 -0.7999871664075797 0.0018171544857320601 -0.09998876295238805 0.00029638871106694824 0.6000096445270324 -0.0012228344912633279 1.3000080253807462 -0.0027413644707973573 
9	0.7	15.001	1	7	10	10	10	10	(0, 128, 0)	7.000000077942099	9.524725376575592	-4.299968323363925 0.01221358172182726 -3.5999714090693615 0.010131873609585751 -2.899974451112101 0.00806096088398393 -2.199977432661559 0.006015230218050811 -1.499980315171275 0.004006288171641802 -0.7999830806878523 0.0020385332942366393 -0.09998573624654183 0.00010756699268947053 0.6000116907612207 -0.0017982173283929708 1.3000091354346583 -0.003693206198796097 
10	0.7	18.003	1	7	10	10	10	10	(0, 128, 0)	7.699999459111313	9.524725376575592	-4.999953952206027 0.016798318411844117 -4.299958822095007 0.014192052061182927 -3.5999636254403513 0.011607756792973491 -2.8999682726413636 0.009076495986305104 -2.199972656197813 0.006626663108197085 -1.4999767126897348 0.0042749116988562395 -0.7999804370540458 0.0020212115923993515 -0.09998387800096133 -0.00015113381979851268 0.600012881033095 -0.0022705203900574567 1.3000097208880435 -0.00436797654337247 
11	0.7	21.004	1	7	10	10	10	10	(0, 128, 0)	8.39999905804507	9.524725376575592	-5.699938322274263 0.021542878115775144 -4.999944910220692 0.018512262520228938 -4.299951413838119 0.015506954648885777 -3.5999577002454033 0.01256417320835241 -2.899963614177304 0.00972061331525526 -2.1999690506850555 0.0070023464921322 -1.4999739775348953 0.004418340615507201 -0.7999784351221475 0.0019584290620364227 -0.09998251894292287 -0.0004040931708457512 0.6000136480017388 -0.002705728020261285 1.3000099184499496 -0.0049828771938149954 
12	0.7	24.001	1	7	10	10	10	10	(0, 128, 0)	9.099998907719439	9.524725376575592	-6.39992130487103 0.026494741462310983 -5.699929573243085 0.02309761789354783 -4.999937739371355 0.019726476640320526 -4.299945643543108 0.016420531928101407 -3.5999530974451805 0.013220308422962571 -2.899959962531655 0.010157719771363092 -2.199966178084734 0.007249227536952835 -1.499971765778543 0.004492763302143541 -0.7999768152453837 0.001868556775856578 -0.0999814586975589 -0.000656501992234714 0.6000141583451888 -0.003121704039947366 1.3000098779454403 -0.005563464184350908 
6	0.7	27.002	2	7	10	10	10	10	(242, 84, 169)	4.877059359066876	8.419937759435477	-3.976085117586961 0.03830433436621621 -4.6688693418093745 0.02958187185359045 -5.362739850429208 0.020755092807619186 -6.057919980252017 0.011800182369234113 -6.754585408619165 0.002740837300855062 -7.452857315587297 -0.006377895185069672 
7	0.7	27.002	2	7	10	10	10	10	(15, 184, 146)	5.570163781651335	8.887058157409985	-2.6090028808760373 0.08703454764779274 -1.9171243972597218 0.05965997975249933 -1.2245296011241367 0.03261373471508129 -0.5309238108628778 0.006031077316762436 0.16393911777465836 -0.02012476378398667 0.8602487605004375 -0.04600593179620807 1.5581328713195963 -0.07180439947482711 
7	0.7	30.003	2	7	10	10	10	10	(242, 84, 169)	5.564962861085231	8.419937759435477	-3.6608793357339957 -0.5641742502401453 -4.3360332018553 -0.40391848192428575 -5.012514583937157 -0.25500101220530025 -5.6922250167982025 -0.12279300863154567 -6.375840582507577 -0.007045456296087896 -7.06314845627556 0.0969635415244454 -7.753527506821697 0.1959881754715524 
8	0.7	30.003	2	7	10	10	10	10	(15, 184, 146)	6.241576070334364	8.887058157409985	-3.0299162798219488 0.6096990489774161 -2.359559353651099 0.4343091981648981 -1.6883223433365553 0.27319153177637273 -1.0134108064321476 0.13528549468060072 -0.3335321092112819 0.023556765702943683 0.3514008572262687 -0.06505556294903066 1.040859605254658 -0.13811744183953162 1.7342014345376495 -0.20475389116405468 
7	0.7	33.004	2	7	10	10	10	10	(242, 84, 169)	5.599519916466967	8.419937759435477	-3.665158782674174 -0.6376800925611643 -4.348589919739067 -0.48624375935287617 -5.031822301961847 -0.33461541742326606 -5.715076774325918 -0.18301112957263843 -6.398384210726377 -0.03153408238432722 -7.081750057693802 0.11982142391571596 -7.765164710153187 0.2711203793446004 
9	0.7	33.004	2	7	10	10	10	10	(15, 184, 146)	6.99850212297396	8.887058157409985	-3.7388101269949745 0.7707859315943226 -3.0529896895599267 0.6316636728488351 -2.367051335464861 0.4932511232509114 -1.6808634815830565 0.3561288813162954 -0.994345625693416 0.22062711957693043 -0.30748090119096305 0.08676288888130591 0.37968807612051464 -0.04574268983315458 1.0670782503048597 -0.17736929194992848 1.7545962307296656 -0.30863951899996683 
8	0.7	36.001	2	7	10	10	10	10	(242, 84, 169)	6.299862176896903	8.419937759435477	-2.983665082281155 -0.7940910572176832 -3.6672309246312036 -0.6431944605478387 -4.350776691843108 -0.4921102225560277 -5.034230670166053 -0.34053233297809526 -5.71733557591514 -0.18812229998609767 -6.400331213802912 -0.035136942995579123 -7.0832797642560585 0.11816698473943618 -7.76622939179588 0.2715908051439617 
10	0.7	36.001	2	7	10	10	10	10	(15, 184, 146)	7.69889276826725	8.887058157409985	-4.423077976521946 0.9156011088924092 -3.737336724484235 0.776016431655058 -3.0514859012978 0.6369587124399471 -2.3654503989697595 0.4987448720296771 -1.679200957289599 0.3614837554867779 -0.9927469589401371 0.22511029773296837 -0.30612355574268113 0.08944435049885352 0.38062277500218267 -0.045743016368078836 1.067446757335725 -0.18067163764776284 1.7543132026815493 -0.315511082047131 
9	0.7	39.002	2	7	10	10	10	10	(242, 84, 169)	7.000235370272955	8.419937759435477	-2.301519677063889 -0.9481571713189826 -2.985102141043482 -0.797321088500638 -3.668696292050907 -0.6464230337228211 -4.352273848607459 -0.4953470662433168 -5.035792305984282 -0.3439185560258314 -5.719196547424828 -0.19191157431573366 -6.40225822554911 -0.03909495406773252 -7.0852281246253845 0.11419685954484063 -7.768176425264468 0.2676675639650047 
11	0.7	39.002	2	7	10	10	10	10	(15, 184, 146)	8.398860531883399	8.887058157409985	-5.106591798008573 1.063629766686085 -4.421218238109264 0.9222148598993039 -3.735736318799903 0.7813191280807856 -3.050069405166841 0.6412662323966668 -2.364184907446707 0.5021827913071606 -1.6780880426449247 0.36402729122987443 -0.9918100398702826 0.2266429603519564 -0.30539464281348255 0.08981881058487057 0.38111367665305945 -0.04665648792784801 1.0676778396082762 -0.18295744173595166 1.7542723120234787 -0.319203086329881 
10	0.7	42.003	2	7	10	10	10	10	(242, 84, 169)	7.7005930549139965	8.419937759435477	-1.6287614374713897 -1.1457920498267173 -2.3098747294517024 -0.9837232825304962 -2.9912333108981666 -0.8227357858630279 -3.6729444925913444 -0.6633211054355564 -4.3550183542452485 -0.5055520246125652 -5.037407490701439 -0.3492418774048632 -5.720037735663976 -0.19407152366625452 -6.402828395045928 -0.03967914132437748 -7.085704995867753 0.11427758013977585 -7.768608654900302 0.2680726354377238 
6	0.7	42.003	3	7	10	10	10	10	(134, 104, 243)	4.82257598654896	7.967056232581773	-2.65851656394629 0.537811008878588 -3.316629078595727 0.693057890541015 -3.9779789487533486 0.8492251472963427 -4.643434516450314 1.0065742921174894 -5.313700384367396 1.1652370638109057 -5.989278866278266 1.3252419998928648 
6	0.7	42.003	3	7	10	10	10	10	(59, 79, 189)	4.8228414389115715	7.920042875262464	-1.4008029411518674 0.22779137238105993 -0.7315503251350743 0.1307173299234324 -0.059029935972562335 0.03282089267621954 0.6176354260366256 -0.06612582451793036 1.2991641763344661 -0.16613739473371347 1.986071463262758 -0.26710199009068136 
11	0.7	45.000	2	7	10	10	10	10	(242, 84, 169)	8.400086752322014	8.419937759435477	-0.9491958869865955 -1.313161474778061 -1.6304551343120395 -1.15226170350477 -2.311737309941648 -0.9914209646343846 -2.993100798763158 -0.8309202967369314 -3.6746005842330693 -0.6709979170833605 -4.356271667306575 -0.5118085903860565 -5.0381234452039685 -0.35339857575855504 -5.720139336336321 -0.19570230558671156 -6.402281674048355 -0.0385618550507474 -7.084501155396069 0.11823304551915892 -7.76674966132669 0.27488924319678043 
6	0.7	45.000	3	7	10	10	10	10	(134, 104, 243)	4.895175463007011	7.967056232581773	-2.7055539233471912 0.5518203076273679 -3.385530238932119 0.7116799876034886 -4.06570910322345 0.8715962272254337 -4.746144612608789 1.031583947226781 -5.426880549176784 1.191650923229858 -6.107947849557105 1.3517997352361473 
6	0.7	45.000	3	7	10	10	10	10	(59, 79, 189)	4.895164142117148	7.920042875262464	-1.3525313894836835 0.21890048088457228 -0.6612687834997085 0.11853240296003394 0.03020627543477948 0.018160487402511374 0.7219501256170799 -0.08221777011763642 1.4140055967953526 -0.18261657688174895 2.1064011551469264 -0.28305370144262587 
7	0.7	48.001	3	7	10	10	10	10	(134, 104, 243)	5.584418153146247	7.967056232581773	-2.143354125430739 1.299111945084838 -2.840345286524545 1.2652962769379328 -3.5371964985363538 1.2388846733951093 -4.23413162087099 1.224593723374461 -4.931215640852239 1.2238108395991676 -5.6284742180868435 1.234512190486078 -6.326008144833486 1.2518284730042384 
7	0.7	48.001	3	7	10	10	10	10	(59, 79, 189)	5.584551896341086	7.920042875262464	-1.8310515943323034 -0.02768232676168703 -1.1351008250162975 -0.04932969501736468 -0.4389604157371608 -0.0717010071535676 0.2575578035795718 -0.09513483505379838 0.9546345016889187 -0.11960983097181059 1.65242770715621 -0.14483558853474698 2.3510570128683894 -0.17040844621116308 
6	0.7	48.001	3	7	10	10	10	10	(237, 130, 181)	4.886500502112957	9.116260093374006	-3.4773060920522396 -1.1434856246409604 -2.7905746603117825 -1.2565804536533844 -2.1033385514183087 -1.3685582983302256 -1.414458407858855 -1.476079416329507 -0.7244814675078602 -1.5817716878454193 -0.033484881086505366 -1.6870724822192646 
6	0.7	48.001	3	7	10	10	10	10	(102, 66, 222)	4.886765474388346	8.830176559615781	-4.637370864063087 -0.3918288459223073 -5.325474212628793 -0.28600234257345764 -6.013796796794432 -0.17830239763175249 -6.702271859180035 -0.06672486069655191 -7.3899023921771745 0.050997663681708105 -8.078264964572748 0.1712184759471118 
8	0.7	51.002	3	7	10	10	10	10	(134, 104, 243)	6.297691306040903	7.967056232581773	-1.4389363622471714 1.367897848537705 -2.138774360079491 1.3539087177638687 -2.8385727684919173 1.339295344267152 -3.5379015279927892 1.3230736705280903 -4.237218352721718 1.3059870810099166 -4.936564315860373 1.288689241864975 -5.635947661853363 1.2716893130307045 -6.335323089607256 1.255176219689984 
8	0.7	51.002	3	7	10	10	10	10	(59, 79, 189)	6.294806966269894	7.920042875262464	-2.5215624010677806 -0.01623920894332726 -1.8225563403474707 -0.03480817299551275 -1.12374440564047 -0.05442551602895163 -0.4250323372295151 -0.07545470763511604 0.2736880978701377 -0.09776956707297611 0.9725217612798063 -0.12099357975151202 1.6715564530644356 -0.14471158933596986 2.3708539123298933 -0.16860528587366302 
7	0.7	51.002	3	7	10	10	10	10	(237, 130, 181)	5.586564597568408	9.116260093374006	-4.187403627401913 -1.5000281698377194 -3.487311602918123 -1.4856284863472693 -2.7895994899438046 -1.4817884353759967 -2.0932738182291506 -1.4959004077978226 -1.3976973957478769 -1.5292655991356403 -0.70212997113397 -1.5773024492007937 -0.005752031341573806 -1.6321276979372847 
7	0.7	51.002	3	7	10	10	10	10	(102, 66, 222)	5.583369300240532	8.830176559615781	-3.9506225715758316 -0.1700198756077497 -4.649877154167408 -0.17112667507721332 -5.346905059704166 -0.16020910158099308 -6.0421683274406055 -0.12980122468066632 -6.736293131622968 -0.07869394666219326 -7.429792033404466 -0.011375471221987187 -8.124102129610923 0.06326144279903144 
9	0.7	54.003	3	7	10	10	10	10	(134, 104, 243)	7.002034782625948	7.967056232581773	-0.7365412688251747 1.3831704242395382 -1.436282367581061 1.3787949666048478 -2.1357809691094 1.3735000063837115 -2.8350418996614253 1.3648989265585814 -3.5358848178350017 1.3487677765129875 -4.2364934747096035 1.3305408347018706 -4.936944696669862 1.3133993824075034 -5.637299032713009 1.2984712617213139 -6.337572610959958 1.285220260279575 
9	0.7	54.003	3	7	10	10	10	10	(59, 79, 189)	6.810172301194886	7.920042875262464	-3.0250911221845422 0.025901942095426473 -2.375509443428378 -0.0053245817938606345 -1.718275762023983 -0.03494294414345571 -1.0524046241398717 -0.06178872196076798 -0.37801880375054553 -0.08553822624244238 0.3039273085949054 -0.1066144145311449 0.9920599642358157 -0.12586322107301717 1.6849914393282521 -0.14417793790350908 2.3816343538744715 -0.16223124433952385 
7	0.7	54.003	3	7	10	10	10	10	(237, 130, 181)	5.60115517077986	9.116260093374006	-4.199632291779356 -1.5758771191994598 -3.499430677435307 -1.563017999353826 -2.7992198489305817 -1.5545001029865324 -2.0990115994006593 -1.5516718700074614 -1.3988433695162776 -1.5538553734285545 -0.6987414699856522 -1.5593043512394393 0.0012898376962930194 -1.566085642312226 
7	0.7	54.003	3	7	10	10	10	10	(102, 66, 222)	5.416854748139416	8.830176559615781	-4.168789238035939 -0.20930257554981088 -4.816262991170682 -0.1661247581836406 -5.471059695594537 -0.1262259478837846 -6.134442122660816 -0.09080556826855381 -6.807325895290524 -0.05876808281142618 -7.4892813636159135 -0.02937801174116168 -8.180069881256134 -0.0010316395991475675 
10	0.7	57.000	3	7	10	10	10	10	(134, 104, 243)	7.707005342008069	7.967056232581773	-0.0371983326410015 1.4969525148870244 -0.7368351927099493 1.5178823033791449 -1.436391544796576 1.540268339497516 -2.1360084231631737 1.5622996750608655 -2.83588233677605 1.5747207344940293 -3.5394960321639237 1.55780847161044 -4.238821692072625 1.5029117703009238 -4.936610793203107 1.4346533430447828 -5.633725318664332 1.365245136928732 -6.330654334275723 1.2974545220552833 
10	0.7	57.000	3	7	10	10	10	10	(59, 79, 189)	7.498553332857993	7.920042875262464	-3.4146231658664923 0.3490808644493508 -2.759753030764945 0.22810304620715818 -2.1034240819301253 0.1248202429320814 -1.4410091605730733 0.0403436988315262 -0.772352042467015 -0.027054180974037525 -0.09798065429034215 -0.08100960150591804 0.5815646713957893 -0.125621964975961 1.2660049175910928 -0.16454006370985833 1.9552880138503168 -0.20062169415759437 2.6494580449838834 -0.23587286782832873 
8	0.7	57.000	3	7	10	10	10	10	(237, 130, 181)	6.304821428337306	9.116260093374006	-4.882823524385925 -1.9202718669539336 -4.183769652781212 -1.88740428878561 -3.4784874003059967 -1.8386097376790747 -2.7821426257546897 -1.77128127453379 -2.0863051457051185 -1.6998715823000736 -1.390202383324428 -1.6310601154700406 -0.6936036207921635 -1.5659795139656985 0.0033646378425189346 -1.5029206645543023 
8	0.7	57.000	3	7	10	10	10	10	(102, 66, 222)	6.1460911299200784	8.830176559615781	-3.8858405271271295 -0.6267432289389817 -4.534580951937663 -0.46885656308847845 -5.185745529669263 -0.3250924465657425 -5.84500499638887 -0.20239919704915868 -6.513458066885545 -0.10117224041950457 -7.19047098797843 -0.01675110265194256 -7.874810510537761 0.05780614663283476 -8.565422378527689 0.12897979032164097 
9	0.7	60.001	3	7	10	10	10	10	(237, 130, 181)	7.010735813198831	9.116260093374006	-5.532957295115026 -2.3611460842497247 -4.833831743893033 -2.317768524671127 -4.134727448617167 -2.268447865007703 -3.4369957106282443 -2.2021150172221273 -2.7387991253623696 -2.1028126125916393 -2.050007012288474 -1.9723369706542364 -1.3650315117172636 -1.8230276891482808 -0.6823921946398552 -1.664506995642215 -0.0008384350561148303 -1.5030398208186406 
9	0.7	60.001	3	7	10	10	10	10	(102, 66, 222)	6.943350313488356	8.830176559615781	-3.2950501018848906 -0.8898684815836574 -3.9775055558541053 -0.7837883100939945 -4.658263964970467 -0.6544708125726386 -5.330580670654624 -0.5005198374364901 -6.001772885335446 -0.3370574571811138 -6.674430492353253 -0.17432342760386718 -7.349976749917111 -0.016646195853811805 -8.028640833710185 0.1362304907455671 -8.709966697573291 0.28697696175372284 
5	0.7	60.001	4	7	10	10	10	10	(126, 158, 7)	4.066996490186774	7.918607326953845	-1.920179105531427 1.6922668158182508 -1.271094161420014 1.6548784638253518 -0.6127466397382094 1.6137541080619113 0.05745977277740332 1.568566336521865 0.741267132960159 1.5207539073957863 
6	0.7	60.001	4	7	10	10	10	10	(220, 97, 198)	4.7507008770572625	8.570472087704466	-3.062924583217734 1.9612990637300376 -3.708408405194811 1.8731097404281842 -4.362231908391899 1.7819474833546476 -5.022670465679797 1.672520473774889 -5.692231936667732 1.5555239560575305 -6.371673208306416 1.435717162307917 
5	0.7	60.001	4	7	10	10	10	10	(241, 112, 87)	4.013731638532876	7.805326125049785	-1.5726844713617387 0.24548582062945895 -2.20386990308847 0.32675319791268326 -2.8444064673962477 0.40805228535490984 -3.4983791105567352 0.484831570730417 -4.167868800027272 0.5553782667078115 
6	0.7	60.001	4	7	10	10	10	10	(29, 88, 229)	4.710944680897057	8.40973888720358	-0.46869750447973196 0.060505478819933234 0.16323297311060586 -0.02804723050229234 0.8060404948277883 -0.11842032761162903 1.4612501526618131 -0.2105769120140241 2.1293240590047464 -0.3043434307052714 2.8101054198787447 -0.3997178504576161 
10	0.7	63.003	3	7	10	10	10	10	(237, 130, 181)	7.706428273075131	9.116260093374006	-6.208413071223679 -2.570723236585693 -5.510633096014278 -2.5124967744877273 -4.8128418249534395 -2.4522494850954133 -4.11545159147407 -2.386237460292731 -3.4191702387210143 -2.3092773356437992 -2.725138551160943 -2.2150950138115495 -2.0324592266476986 -2.0962063794504497 -1.3458657131212952 -1.9563640373535858 -0.6618714064252992 -1.8047798614323052 0.020896098707816353 -1.648943612426856 
10	0.7	63.003	3	7	10	10	10	10	(102, 66, 222)	7.663068394681785	8.830176559615781	-2.623923872003451 -0.8637655278036586 -3.3169269894544025 -0.811423859484822 -4.008397800290798 -0.7465696374334679 -4.697158633835336 -0.6595404676259023 -5.381793122720919 -0.5445331313008026 -6.062885241504223 -0.40590405668551144 -6.741019431072722 -0.2491403249127226 -7.417220957916656 -0.08006061345863455 -8.092684490352811 0.09594733540351844 -8.768465801751256 0.2746433768106774 
5	0.7	63.003	4	7	10	10	10	10	(126, 158, 7)	4.200767212030894	7.918607326953845	-1.8511040486714032 1.7993267825814074 -1.1552619217427493 1.7186505152633 -0.45976327459029553 1.6382986136387179 0.23578315486132845 1.5586579110497008 0.9313357503023615 1.4794508134460214 
6	0.7	63.003	4	7	10	10	10	10	(220, 97, 198)	4.901417667985239	8.570472087704466	-3.1297381123735435 2.3891871729557006 -3.8083571895921624 2.21819449378528 -4.48624537109168 2.045068884955668 -5.164070610876693 1.8652956740748858 -5.840035491449734 1.6817075090501066 -6.515425635242914 1.4968587097070447 
5	0.7	63.003	4	7	10	10	10	10	(241, 112, 87)	4.184881071483754	7.805326125049785	-1.6632778556293544 0.4202471702333514 -2.355543190433775 0.489856672746074 -3.048558940768028 0.5559506168012777 -3.7420429199246534 0.6188418816710698 -4.436027098990041 0.6795514403461224 
6	0.7	63.003	4	7	10	10	10	10	(29, 88, 229)	4.8879507634800765	8.40973888720358	-0.3516571842051257 -0.017797746299629862 0.34011460919203423 -0.09663163256904934 1.032395291862287 -0.1759664381700924 1.7252930920619034 -0.2559168621487797 2.418917491421989 -0.33636826576968915 3.1133604538386397 -0.4171029044496423 
11	0.7	66.004	3	7	10	10	10	10	(237, 130, 181)	8.40271625066892	9.116260093374006	-6.898972820451808 -2.680116538741025 -6.201707859498482 -2.6178565301523937 -5.504437785932015 -2.555297868055848 -4.80725611048793 -2.4916069571253536 -4.110346899200993 -2.425206952782878 -3.414025083019071 -2.3536498302950823 -2.71879486918997 -2.2735751039594265 -2.025441000136693 -2.1807226072047214 -1.3325747139031159 -2.06950703323262 -0.6423658089761781 -1.9475721178257863 0.046696451722987704 -1.82169755871645 
11	0.7	66.004	3	7	10	10	10	10	(102, 66, 222)	8.326845922437261	8.830176559615781	-1.9836181252275522 -0.837261096944414 -2.6669024501272287 -0.8104692545868009 -3.352231629364678 -0.7740839278429724 -4.0384714051607995 -0.7197440191032288 -4.72424929641662 -0.6406035620292849 -5.4091493517727285 -0.5332573005639092 -6.0919652494280685 -0.40530684718013277 -6.773230614956344 -0.26318765652242154 -7.453713783141539 -0.11219338683993073 -8.134181191949047 0.043532007149457604 -8.815241372900468 0.20105067005454688 
6	0.7	66.004	4	7	10	10	10	10	(126, 158, 7)	4.838812903999019	7.918607326953845	-2.327127189533741 1.9106553823097387 -1.6451657938061957 1.8758914753154314 -0.9620794926325621 1.8161909099735887 -0.28280436540371423 1.7249215786463152 0.3983603613605874 1.6149207987221113 1.0832356424922327 1.4972706614499822 
7	0.7	66.004	4	7	10	10	10	10	(220, 97, 198)	5.594014979982058	8.570472087704466	-2.698816826504377 3.1512262678348626 -3.324787569373903 2.8298017413166874 -3.951444334551595 2.5218567060437267 -4.586759290177355 2.234225115429188 -5.230417312223905 1.9652620268760743 -5.878373522924977 1.705402435770042 -6.529015511795191 1.4499231493317566 
6	0.7	66.004	4	7	10	10	10	10	(241, 112, 87)	4.787293854799701	7.805326125049785	-1.3219849337007612 0.5579480913087536 -1.992318901273944 0.5636923182010324 -2.6639326443050626 0.5836736158339177 -3.338235750195535 0.6191561725659226 -4.018192281642606 0.664047595838444 -4.704852361789113 0.7122737698895505 
7	0.7	66.004	4	7	10	10	10	10	(29, 88, 229)	5.446025749559416	8.40973888720358	-0.7148586520891281 -0.4593131299636177 -0.060090166045190525 -0.3647070432218761 0.6001406530932053 -0.2955484720333281 1.2680959665044318 -0.2624461483745427 1.943989528400094 -0.2634886547801323 2.6274746994412608 -0.2882813370256596 3.3185903208686707 -0.32346599567452244 
12	0.7	69.001	3	7	10	10	10	10	(237, 130, 181)	9.1006728745788	9.116260093374006	-7.59718170258183 -2.7501087823594497 -6.899971800089226 -2.688106882255476 -6.202798174123698 -2.626124122643715 -5.5056363245125945 -2.5644309040491824 -4.808418697753922 -2.5038515942435486 -4.111037927453589 -2.445911050799042 -3.413408874254293 -2.392232398916851 -2.715582309565864 -2.3425195059377284 -2.0179834136091777 -2.2910371314589 -1.3191283032230219 -2.222276454160372 -0.6255985535422844 -2.1262202512564277 0.06672290541763555 -2.0220695479611726 
6	0.7	69.001	4	7	10	10	10	10	(126, 158, 7)	4.9003264470912065	7.918607326953845	-2.30231136860571 2.0173022397654656 -1.6066307984194224 1.9581703783733404 -0.9068814084906428 1.8854295550306375 -0.21261510126971 1.8012960008147405 0.48140552469012043 1.7136823604351223 1.1756031352255383 1.6257637538463938 
8	0.7	69.001	4	7	10	10	10	10	(220, 97, 198)	6.300900045664447	8.570472087704466	-2.1344371639286472 3.621094507275414 -2.759127252026523 3.305810610890378 -3.3832964281331064 2.9878542411949365 -4.007428148495282 2.670259774106174 -4.632063772795534 2.3539148942718158 -5.2572281962728455 2.038764263836281 -5.882728402234185 1.7243754666357851 -6.508343861466127 1.4102910106543793 
6	0.7	69.001	4	7	10	10	10	10	(241, 112, 87)	4.815770946562866	7.805326125049785	-1.4497778757164779 0.6594640380174163 -2.1185115721927485 0.6407645812680289 -2.795397157014772 0.6334671387695332 -3.479439675460195 0.6402008089723367 -4.1695063969230235 0.6580406440920168 -4.864601857264054 0.6811045275559641 
8	0.7	69.001	4	7	10	10	10	10	(29, 88, 229)	5.977494618571059	8.40973888720358	-0.8261435770199843 -0.291588942238163 -0.2168768814469692 -0.31338309099843287 0.40885397848674104 -0.3260160638200128 1.0511018032055877 -0.32470368287734785 1.7081850587459562 -0.3090903704325267 2.3778690422370783 -0.2819797987009034 3.0582723997565786 -0.24764353100999936 3.748217181224114 -0.21019612597968168 
6	0.7	69.001	4	7	10	10	10	10	(125, 236, 184)	4.598444050268916	8.030308532234201	-4.715296412432546 -0.8636867846634143 -4.06332069998232 -0.8571342144329582 -3.418495954325664 -0.8626142840246586 -2.7810802291367294 -0.88945786341409 -2.150729579312457 -0.9408022665739127 -1.5236265515984728 -1.0123237233425906 
6	0.7	69.001	4	7	10	10	10	10	(63, 81, 30)	4.791691667403644	8.325111271004237	-5.905150545999247 -0.5550091383733483 -6.54626367690753 -0.3810205512022229 -7.194102797867302 -0.2054197194155239 -7.848752918546003 -0.02823141077207935 -8.510341076747192 0.15063791338417312 -9.178983371103275 0.33132553960490163 
7	0.7	72.002	4	7	10	10	10	10	(126, 158, 7)	5.570009812713245	7.918607326953845	-2.8612658283936296 2.0425973660982932 -2.168958271338431 2.0802926330345346 -1.475254919570678 2.1029504543390756 -0.7810791043401977 2.0969164704975505 -0.08827302903488031 2.0560178076455036 0.6052839133415787 1.9951066172677419 1.300073640301515 1.926561793444985 
8	0.7	72.002	4	7	10	10	10	10	(220, 97, 198)	6.3020854380077935	8.570472087704466	-2.278274035980833 3.894788421966205 -2.89000761077381 3.5543470912801425 -3.4991840403752326 3.209336801001852 -4.101545429062569 2.8517474567967387 -4.699567737458562 2.486942574953291 -5.295199697812916 2.1183982608917242 -5.889713504186007 1.7482881577748466 -6.483815932105402 1.3777975352211547 
7	0.7	72.002	4	7	10	10	10	10	(241, 112, 87)	5.560778211772616	7.805326125049785	-0.9512679042253686 0.7976238805437785 -1.639434092423943 0.7427394673012956 -2.328350125857685 0.6950601194696194 -3.019292542219697 0.6546362262612541 -3.712335649301712 0.6200258132726195 -4.407534655043861 0.5888758082961584 -5.104831931519371 0.5590319922919975 
8	0.7	72.002	4	7	10	10	10	10	(29, 88, 229)	6.154296277181194	8.40973888720358	-0.5666602262326884 -0.42536249738035276 0.09753780607874235 -0.377126466002919 0.7657216828858115 -0.33454481772728545 1.4385835577798793 -0.30082071381455855 2.116540839632387 -0.2765781365444239 2.79982812934806 -0.2603236135847302 3.4885876678853807 -0.24924587031390877 4.18291299338267 -0.24026231271314474 
6	0.7	72.002	4	7	10	10	10	10	(125, 236, 184)	4.780071179497929	8.030308532234201	-4.94731281876681 -0.9581260870421863 -4.268333927776941 -0.991418428543494 -3.591869574641494 -1.028784428379001 -2.9176884582015368 -1.0722874296066216 -2.245403823859419 -1.1218388130376193 -1.5744407970843783 -1.1753000045725297 
6	0.7	72.002	4	7	10	10	10	10	(63, 81, 30)	4.851150567912096	8.325111271004237	-6.1646868677298325 -0.4356090824451251 -6.828860721978036 -0.27163195299648374 -7.4955004621211945 -0.10560409043741827 -8.164722065916758 0.06280194477182768 -8.836763141396366 0.23322062017667908 -9.511884639805485 0.4050002192701671 
6	0.7	72.002	4	7	10	10	10	10	(32, 32, 246)	4.86737596027078	7.822258278925684	-5.171185871653187 -2.4102231080924303 -5.8535953294145235 -2.5118401419834218 -6.53763738996412 -2.6122546531363384 -7.2237262680810845 -2.7111872031845015 -7.912090039634759 -2.80908114244136 -8.60282113015688 -2.906693983359993 
7	0.7	72.002	4	7	10	10	10	10	(109, 249, 22)	5.55828027505965	9.60386004919772	-3.8251245433526586 -2.5575588113725893 -3.136382949785579 -2.542482082283794 -2.4469202738957176 -2.5256426418136013 -1.7564905332458616 -2.5024065615014104 -1.0624318640846433 -2.4654339153565816 -0.36799454657273056 -2.419916360173211 0.32822565736090537 -2.3713142911400675 
8	0.7	75.003	4	7	10	10	10	10	(126, 158, 7)	6.212649699270312	7.918607326953845	-3.3935761400504654 2.1025454835862494 -2.720463523086949 2.1815488022659966 -2.043844591979303 2.245843563019742 -1.3612759154570626 2.289183403143451 -0.6733193890844488 2.307233024467414 0.01820653306090467 2.297524867167067 0.7115396895447513 2.2629806878542227 1.4074746872943287 2.2189566090683828 
9	0.7	75.003	4	7	10	10	10	10	(220, 97, 198)	7.013032972635417	8.570472087704466	-1.7157328714071278 4.311785360523771 -2.3494957294113084 4.014157632654369 -2.981783614488691 3.7127494975519153 -3.6081171756323887 3.398619052533842 -4.2257583043192595 3.0533598872220056 -4.819423445562019 2.679583545877927 -5.403928828092525 2.2919462232504215 -5.985198985720024 1.9003915704579486 -6.565813382404211 1.5087009067307633 
8	0.7	75.003	4	7	10	10	10	10	(241, 112, 87)	6.251089265475869	7.805326125049785	-0.1304996310718657 0.9690059828212136 -0.8273241956344087 0.939306062469805 -1.5236729746306483 0.9004128439878685 -2.2151650499153184 0.8570213102099584 -2.906217270435989 0.8266766973889668 -3.5986245135277923 0.8287946934308696 -4.28668043662737 0.8687412860971836 -4.974218348206407 0.9270104082053341 
9	0.7	75.003	4	7	10	10	10	10	(29, 88, 229)	6.901077423129005	8.40973888720358	-1.09062415015329 -0.3758584579319336 -0.40967738261017783 -0.3762661652110291 0.2724325649607024 -0.3682131261416759 0.9558104457725395 -0.35295162409740233 1.641039683356189 -0.33222478324554233 2.3285139541797824 -0.3076239566294699 3.018604268321841 -0.28054230427218885 3.711616139883966 -0.2521049529564808 4.407763845262432 -0.22311020645412735 
7	0.7	75.003	4	7	10	10	10	10	(125, 236, 184)	5.546180307629973	8.030308532234201	-5.834576677263582 -1.518716389719431 -5.139210329968115 -1.4407068614071477 -4.447831567712618 -1.3780491599418931 -3.7538225572258472 -1.3526057593957423 -3.065403484901804 -1.3665221975641142 -2.380787294118338 -1.407066511865419 -1.6996202570142942 -1.4621304611175774 
7	0.7	75.003	4	7	10	10	10	10	(63, 81, 30)	5.564379071693496	8.325111271004237	-5.689180394374424 -0.18116705554350068 -6.374291116643735 -0.10151528820432626 -7.061184314022398 -0.021453105898835863 -7.749774965269716 0.0588813847893159 -8.440041868959616 0.1393161883361296 -9.131989731887035 0.21979129170070005 -9.825625343429952 0.3003676680508652 
7	0.7	75.003	4	7	10	10	10	10	(32, 32, 246)	5.394528061729638	7.822258278925684	-4.984044109888483 -3.338707308364353 -5.6103423771683945 -3.153103865284529 -6.244136224629524 -2.9978414908951954 -6.891339560874587 -2.88333218306012 -7.552979786541003 -2.806146323248753 -8.227956737683344 -2.7540611415706597 -8.915086926772226 -2.7121645288413125 
8	0.7	75.003	4	7	10	10	10	10	(109, 249, 22)	6.027405467100255	9.60386004919772	-4.128873584471414 -2.6479291582370204 -3.491641372410891 -2.7123187454407596 -2.8508544372752866 -2.76166377092112 -2.2018926290113128 -2.7864119433935186 -1.5436026755293757 -2.7795622897414343 -0.8770577951582806 -2.7382054028711895 -0.2008678797144103 -2.6764030344392924 0.48520817680274797 -2.6062818407386135 
8	0.7	78.004	4	7	10	10	10	10	(126, 158, 7)	6.241172032537197	7.918607326953845	-3.285580822461916 2.272745234338184 -2.599560449188893 2.304273947961676 -1.9124914355547593 2.3316686880541337 -1.2235414606254766 2.355118025992521 -0.5325528906380382 2.3747965752669 0.1605281246408748 2.3910779204055355 0.8556840232181979 2.4048182550588164 1.5531971561365376 2.417643953152532 
10	0.7	78.004	4	7	10	10	10	10	(220, 97, 198)	7.7090498666698455	8.570472087704466	-1.1548740205988206 4.730910984165501 -1.7932521376467179 4.443032189281418 -2.4303720283703147 4.151798114536107 -3.063155426814451 3.8510444309132925 -3.686744347695338 3.5321100460143318 -4.297595946085087 3.1824375729663217 -4.891144761469142 2.8093063459407595 -5.474950924370082 2.4211633100654395 -6.053372002747506 2.0254552638265944 -6.629523968831485 1.6272470324402242 
8	0.7	78.004	4	7	10	10	10	10	(241, 112, 87)	6.3071353312017475	7.805326125049785	-0.10162665435592397 1.021003405938779 -0.8013163582024163 1.0046138421791149 -1.5018990577243148 0.9863874723096512 -2.2050387854678077 0.9668479716395437 -2.9058070834482623 0.958520640232875 -3.607447268124803 0.9793285414832081 -4.304977004605304 1.0327183857464641 -5.002052205269812 1.10376419101511 
10	0.7	78.004	4	7	10	10	10	10	(29, 88, 229)	7.688838819855091	8.40973888720358	-1.7966516264552685 -0.33203474288626383 -1.0970116860996344 -0.3470442259831266 -0.39778795306080655 -0.3553581688913299 0.3008564435981742 -0.3563262561820565 0.9990682366266307 -0.3499404923857107 1.6970215507133202 -0.3368333373221776 2.3949160631078574 -0.31818450233640283 3.092963713596348 -0.29553646109783893 3.7913650046582785 -0.2705348883011683 4.490279705287792 -0.2446179786827655 
8	0.7	78.004	4	7	10	10	10	10	(125, 236, 184)	6.310736379862703	8.030308532234201	-6.633212014390181 -1.5569459703977477 -5.933484335466089 -1.5360386919916713 -5.233607473744247 -1.5175344264886486 -4.526744072866547 -1.5049148618065948 -3.8253688886338475 -1.5111732468840864 -3.1254402275971844 -1.5366415235713708 -2.425971706012023 -1.575953336702481 -1.726301442171736 -1.6227219288018728 
8	0.7	78.004	4	7	10	10	10	10	(63, 81, 30)	6.301402309519027	8.325111271004237	-5.017626406782709 -0.2138714515208623 -5.714935717369027 -0.14579207426600935 -6.411822752345504 -0.07595785268192846 -7.10831066083585 -0.0037983867399949077 -7.804477783673965 0.07043266562177852 -8.50042821476772 0.14609158202867342 -9.196262354281494 0.2225015015838108 -9.892054927973895 0.2991623235302941 
7	0.7	78.004	4	7	10	10	10	10	(32, 32, 246)	5.596023623350037	7.822258278925684	-5.201636014482119 -4.057868009783221 -5.825060310841063 -3.7330736814596017 -6.450270575769238 -3.4206302289556136 -7.083690960971957 -3.127142673787793 -7.725619089292015 -2.852770483852357 -8.373791438677872 -2.5921086641520334 -9.025028430752837 -2.3373445158871653 
9	0.7	78.004	4	7	10	10	10	10	(109, 249, 22)	6.935983046765761	9.60386004919772	-4.814653097086233 -2.8077463137829093 -4.129943938655695 -2.856454076664656 -3.4440640664821762 -2.8986555037210646 -2.7564868491919823 -2.9297182979193366 -2.0663303385370058 -2.943768978497529 -1.371826500486446 -2.935372269411313 -0.6779930548491029 -2.9064501510223333 0.017362058844661202 -2.8666222404043866 0.7142970545469683 -2.8229295764132623 
9	0.7	81.001	4	7	10	10	10	10	(126, 158, 7)	6.92039515340198	7.918607326953845	-3.825839623052282 2.3031310242921745 -3.1436574515422455 2.334678847116354 -2.458960740270977 2.3603972437202367 -1.7722107473881594 2.3804766684515015 -1.0835894337673866 2.396649048317149 -0.39295983684619773 2.410296870745114 0.2998361938415772 2.4224234005356413 0.9949483595649197 2.43374020681458 1.6924394398953346 2.4448031384587634 
11	0.7	81.001	4	7	10	10	10	10	(220, 97, 198)	8.415227768646075	8.570472087704466	-0.5516737547255344 5.036815395580645 -1.2072154048433201 4.789474166182995 -1.862571892278238 4.539915794343551 -2.5159972346939097 4.283965637935608 -3.1645332526422094 4.015144929195782 -3.8035792111449807 3.7247310130054867 -4.426226449947897 3.402089283917466 -5.023917092032207 3.0343807793301747 -5.604064238597969 2.639065258730555 -6.173961834024277 2.2297816462889 -6.73965877149647 1.815998968372168 
9	0.7	81.001	4	7	10	10	10	10	(241, 112, 87)	7.010702291092711	7.805326125049785	0.5998065558747877 1.055459949864713 -0.09992130244232965 1.0393619833559133 -0.7995417194059561 1.0234663030788085 -1.4992077465786615 1.0081611713745844 -2.19981781293221 0.9944795004568173 -2.901747244677748 0.9871923598767064 -3.6033334216669948 0.9980776408383014 -4.307733036288231 1.034805993694786 -5.007381062178766 1.0845884590611377 
11	0.7	81.001	4	7	10	10	10	10	(29, 88, 229)	8.40802949328285	8.40973888720358	-2.5133169120972365 -0.34009828165630857 -1.8123094952675134 -0.3394953701405169 -1.1108310308295852 -0.33889878004725454 -0.40945348878070853 -0.3372076481391426 0.2916857324475811 -0.3337952961173037 0.992593617358013 -0.32818023548626657 1.6932820565777749 -0.3201857979905569 2.39376700747656 -0.30998490629332665 3.094068408587059 -0.2980500116389725 3.794208425196325 -0.28503034329906884 4.494207317917853 -0.2715752419745293 
9	0.7	81.001	4	7	10	10	10	10	(125, 236, 184)	7.011126218803581	8.030308532234201	-7.32225510732918 -1.535706642596606 -6.622255584792683 -1.5527397753251921 -5.92198184857258 -1.5708937116486295 -5.218097288487201 -1.5948297814503254 -4.517209562387377 -1.6248773945959933 -3.8158034739909934 -1.6512655133296656 -3.114854968781144 -1.674631565957438 -2.4137927556333074 -1.6937102886187632 -1.713887439230102 -1.7066884921932108 
9	0.7	81.001	4	7	10	10	10	10	(63, 81, 30)	7.015572395552148	8.325111271004237	-4.297650310354615 -0.32173637862765114 -4.996364892173913 -0.2554788803317982 -5.6961376480512635 -0.18328071221967304 -6.394817449037892 -0.10595538942650023 -7.092585476128079 -0.025068554721459756 -7.78963038180564 0.05773472436382895 -8.486096705766323 0.14124005688932886 -9.182064177558248 0.22480858996358155 -9.877557009809378 0.3082669303888494 
8	0.7	81.001	4	7	10	10	10	10	(32, 32, 246)	6.30917631673425	7.822258278925684	-4.6770318437643885 -4.606643040444065 -5.308560483604349 -4.301485717056124 -5.93629758566215 -3.986328772867709 -6.553540732851417 -3.6397025500279745 -7.153958747571989 -3.2805826428339513 -7.7538071398601405 -2.921451905753195 -8.357043445752629 -2.5679987535228745 -8.962983900349771 -2.2184217782925058 
10	0.7	81.001	4	7	10	10	10	10	(109, 249, 22)	7.643005924692243	9.60386004919772	-5.485475273634584 -2.8608720603299727 -4.814073914760678 -2.937594046770178 -4.133194833733188 -2.995732976133025 -3.443871005045842 -3.031400278406228 -2.7489645879672278 -3.0473178361709397 -2.0507911465926885 -3.046958380138251 -1.3502745259542943 -3.0325920352921667 -0.650972031094185 -3.007409215763126 0.048333849360676986 -2.9773221782592865 0.7476188226288238 -2.9457410429725064 
10	0.7	84.002	4	7	10	10	10	10	(126, 158, 7)	7.640159872405105	7.918607326953845	-4.4500044950395745 2.4102852939661528 -3.759857277290306 2.413876609657734 -3.0692339915326676 2.415723249303982 -2.3781157586264827 2.41664640797211 -1.6863480321062547 2.417952336840474 -0.9937122072882048 2.4205485107459723 -0.2999511861259702 2.42467493120011 0.39515438517253154 2.4301113124178975 1.0917786651315677 2.4363956509038482 1.790043427450137 2.4430332012690608 
10	0.7	84.002	4	7	10	10	10	10	(241, 112, 87)	7.680844113799273	7.805326125049785	1.312545978318572 1.0469746785799772 0.6131990190321068 1.041365613541008 -0.08552397858200163 1.0365155860632085 -0.7836344971098681 1.03330727822957 -1.4811535777080571 1.0322166427107775 -2.1783125355489914 1.0329774978984798 -2.8754194893451213 1.0357447147590657 -3.5725207444645846 1.0429720708379537 -4.269582377258148 1.0597449717039227 -4.967495778163758 1.08642204326562 
10	0.7	84.002	4	7	10	10	10	10	(125, 236, 184)	7.688820252970189	8.030308532234201	-7.965930220374016 -1.3801493217587653 -7.26887611983602 -1.4306869421266193 -6.5710798315482775 -1.4803304899268777 -5.8714005537338325 -1.531432406147287 -5.175194802301658 -1.5898689661008314 -4.480208607671926 -1.646072475034187 -3.783621566659681 -1.6893067172736924 -3.0868547593583857 -1.7175746509846201 -2.3885729904240267 -1.733153114701111 -1.6894301055540715 -1.74222087735875 
10	0.7	84.002	4	7	10	10	10	10	(63, 81, 30)	7.358333742732523	8.325111271004237	-4.073594046373234 -0.33809387642709127 -4.703581264119387 -0.2814233715489357 -5.339721788641311 -0.22206300811848365 -5.9805583265845055 -0.15637836132054755 -6.629244621083539 -0.08635228131158226 -7.2866305268828615 -0.011886325521000647 -7.952488821658255 0.06659155605409323 -8.62628119726865 0.1479612560685526 -9.307463188568088 0.23112814512962465 -9.995587847098856 0.315390151262022 
9	0.7	84.002	4	7	10	10	10	10	(32, 32, 246)	7.0146062185529985	7.822258278925684	-4.19285536689039 -5.179384927148368 -4.816237174564622 -4.85988882343249 -5.440269884365724 -4.539940234231844 -6.06318410909822 -4.21540732829878 -6.678749856022886 -3.875485881639009 -7.276960378611865 -3.49973208254859 -7.8566292588396704 -3.1065080043125968 -8.4315015055139 -2.7067799266977772 -9.005941387613344 -2.306404824778856 
11	0.7	84.002	4	7	10	10	10	10	(109, 249, 22)	8.325160502875846	9.60386004919772	-6.128632025292258 -2.7983963661522395 -5.460164143409839 -2.903796561925086 -4.783919834021548 -2.988137389086614 -4.099287019632444 -3.0454702963713918 -3.4083556860023676 -3.0782643949484036 -2.7135793336141902 -3.0920535007770584 -2.0166160079193247 -3.0919557934102353 -1.3179717609426358 -3.0814566776364547 -0.6194237295009892 -3.0641217670529084 0.0795055484850087 -3.0436971705799625 0.7788007642425139 -3.0223179913444542 
6	0.7	84.002	5	7	10	10	10	10	(15, 126, 199)	4.899994934481899	7.790762044005426	-2.9982009962794987 4.089870951705788 -2.3435800140567666 4.337803233981313 -1.6889594889527852 4.585735338257506 -1.0343391387159862 4.833667367205676 -0.37971860758462017 5.081599455567634 0.27490238389126215 5.329531713411866 
6	0.7	84.002	5	7	10	10	10	10	(58, 142, 21)	4.899783452794651	9.379379075507348	-4.486925776077652 4.285633365955706 -4.978944600895448 3.7874767169399175 -5.468505899288237 3.286716411052176 -5.950358106663595 2.7794617786243423 -6.428804974653343 2.268799409205381 -6.906204159117833 1.7570014218200845 
6	0.7	84.002	5	7	10	10	10	10	(112, 42, 76)	4.61643183849111	8.978621441525593	0.2533647229128867 -0.3411154677975696 -0.403413942245464 -0.3446290908418923 -1.0528606593426866 -0.34632054366523074 -1.6954846491997302 -0.3460789146574852 -2.33188334282814 -0.34441810810264134 -2.963048517500307 -0.341960562041309 
6	0.7	84.002	5	7	10	10	10	10	(116, 1, 110)	4.815124490996377	7.423745658347066	1.4973070857240358 -0.5136287910032838 2.163539668108345 -0.43132398966041785 2.8361997409119306 -0.3522593380733482 3.5152314858396894 -0.277234219749171 4.200332677538435 -0.20508436179643447 4.891156722846895 -0.13389121145931615 
11	0.7	87.003	4	7	10	10	10	10	(63, 81, 30)	8.011920409006983	8.325111271004237	-3.678871253392439 -0.38474894286713773 -4.303429526330227 -0.3372002820172473 -4.934011649597191 -0.2828811620021606 -5.573850369634408 -0.21181828230820873 -6.219530032409349 -0.12380185028669957 -6.871750251237135 -0.03488325302649415 -7.531919514575613 0.04871113612150121 -8.200269727154275 0.1267506034128798 -8.876294247687945 0.20123011232223806 -9.559345295179446 0.27428422532900254 -10.249030779466253 0.34755510732601946 
10	0.7	87.003	4	7	10	10	10	10	(32, 32, 246)	7.706902444960898	7.822258278925684	-3.6192146466498327 -5.570311074502905 -4.2555308824056235 -5.278229264673626 -4.8920247840333335 -4.9860702440400315 -5.528050685145167 -4.692289375866937 -6.1615318746231695 -4.392498570596477 -6.788151147400581 -4.07861460207905 -7.402154421563351 -3.7376822264245875 -7.9920180400088965 -3.358431571025768 -8.568923807362939 -2.9606091040468945 -9.140928812790435 -2.5574718330371544 
12	0.7	87.003	4	7	10	10	10	10	(109, 249, 22)	9.000918420774752	9.60386004919772	-6.7562686665390235 -2.69716842791422 -6.087265524368858 -2.830235977761191 -5.415469737775126 -2.9458762595509955 -4.735334559285336 -3.0337023974222066 -4.050784527898231 -3.0907675026273713 -3.36196535758495 -3.1223467710470723 -2.669998688754366 -3.135078739683851 -1.9758752755995963 -3.1346849675454154 -1.28034357108843 -3.125234021040727 -0.5840924902640797 -3.1096697997263854 0.11343334046616914 -3.0921422177800983 0.8121162459194762 -3.074322318135861 
7	0.7	87.003	5	7	10	10	10	10	(15, 126, 199)	5.575919666463358	7.790762044005426	-3.641713637463927 3.9490409803832 -2.983693483401058 4.1714186376355205 -2.3264457939948784 4.3961860914235205 -1.6697162864008395 4.623937955745276 -1.012951344272565 4.854221433645745 -0.35554729478704405 5.086213281085261 0.3029829682842821 5.3191545052928975 
7	0.7	87.003	5	7	10	10	10	10	(58, 142, 21)	5.604341957436743	9.379379075507348	-4.35496367365459 5.1326735753363355 -4.839082609982514 4.624669153623241 -5.32230811067511 4.117315884107625 -5.806551252603085 3.6103117096736277 -6.289320600719828 3.1008704825071876 -6.762771799276022 2.586196878120076 -7.234069344116552 2.069064440905471 
7	0.7	87.003	5	7	10	10	10	10	(112, 42, 76)	5.281679862618724	8.978621441525593	1.2777345526886992 -0.09318251663008105 0.6092326018333609 -0.17096369966214853 -0.04837052634784338 -0.2382867368702469 -0.6956930915904977 -0.29521635296547977 -1.3338809542929657 -0.343714413129036 -1.9644229108199935 -0.3864661787599299 -2.5889335201777732 -0.42644813293852596 
7	0.7	87.003	5	7	10	10	10	10	(116, 1, 110)	5.591633749708727	7.423745658347066	1.2390762399932647 -1.4871132644418543 1.878186228112763 -1.1995040166203637 2.511406363034038 -0.9055979624717146 3.147723325460518 -0.61957451237565 3.7900090228797243 -0.3471372475326676 4.437745840421937 -0.08635030522434134 5.088551045142528 0.16898331201821642 
5	0.7	87.003	5	7	10	10	10	10	(82, 75, 192)	4.120357128749129	6.857254008689076	-2.5184213950624255 2.8198886069071873 -3.183397340416859 2.687329056421351 -3.853048290230785 2.5667850753831085 -4.524797282718124 2.4569957314276616 -5.198166899000003 2.3538636613596924 
6	0.7	87.003	5	7	10	10	10	10	(129, 27, 16)	4.841046581298935	9.271808252952354	-1.2917194882699747 2.3945705893377363 -0.6146595552097611 2.4535484164319326 0.06754540113560263 2.501653337578819 0.7549447369378884 2.536200567106429 1.4471909395600164 2.559992119935383 2.1435370744643607 2.5788719065996344 
5	0.7	87.003	5	7	10	10	10	10	(49, 18, 148)	4.1896044963790855	6.631568251586786	-0.34056444896803767 1.1245217354735286 0.3532827590500274 1.1630595217826116 1.0488054100820496 1.193047291456951 1.7483118025534066 1.2080517938337842 2.447106781046332 1.2169601681843298 
6	0.7	87.003	5	7	10	10	10	10	(242, 135, 228)	4.8752697346357134	8.220073162202757	-1.7178344368708485 1.0232466751883391 -2.412726222531486 1.0280089726064596 -3.1074682614308626 1.0330677251690676 -3.8022915898059098 1.0389714665248029 -4.49740865257461 1.0460637932341859 -5.192963456187552 1.053951081519216 
5	0.7	87.003	5	7	10	10	10	10	(103, 204, 235)	4.1236374480076865	8.063918095389516	-6.160050081065585 -1.4605403305321492 -6.829121971595656 -1.3921078072031983 -7.50213742299872 -1.3281920587504343 -8.18247127332718 -1.2621644566250136 -8.87054311955512 -1.1933839897865028 
6	0.7	87.003	5	7	10	10	10	10	(71, 26, 34)	4.791702639350949	8.780957846727999	-4.9128310801646276 -1.6758783369241674 -4.246293306471812 -1.714369343354652 -3.5754159624835586 -1.7446289793030163 -2.899399938129956 -1.761329098627265 -2.214806524157243 -1.7662020521788193 -1.523144759896617 -1.7656827677933173 
7	0.7	90.000	5	7	10	10	10	10	(15, 126, 199)	5.589187159826556	7.790762044005426	-3.696089143793896 4.145169878600331 -3.0237627956945254 4.325432781710591 -2.349460402702397 4.503626241407329 -1.6757511189095107 4.686568309965452 -1.0033268994423679 4.8763755583776645 -0.3319566561797684 5.071741595770424 0.33908396936859037 5.269734961830632 
7	0.7	90.000	5	7	10	10	10	10	(58, 142, 21)	5.607056202300216	9.379379075507348	-4.486462885445519 5.243241187701326 -4.961759169449544 4.726194402157129 -5.4400925959611826 4.212830285301785 -5.922554745958343 3.703276228315329 -6.4065580771523285 3.1950074375283677 -6.885245821788984 2.6847254630048973 -7.3629364555258565 2.17328200338512 
7	0.7	90.000	5	7	10	10	10	10	(112, 42, 76)	5.339512173746623	8.978621441525593	1.8356191142416391 -0.0050552745829294 1.1622110576033977 -0.10999964346301772 0.499002086530203 -0.20908146630905225 -0.15490678398812702 -0.29895388197960876 -0.8004529412420771 -0.37612261168447453 -1.4414418531262385 -0.4366843208003329 -2.0729148807814086 -0.4856001222838902 
7	0.7	90.000	5	7	10	10	10	10	(116, 1, 110)	5.598839607423718	7.423745658347066	1.3632649399238332 -1.756544855933601 1.9844818974464866 -1.4332015547183008 2.604468082581788 -1.1069200461310766 3.2187674556757044 -0.7730920888358666 3.8312323959988213 -0.435429505147571 4.443199157423093 -0.09642807182442145 5.055235614345405 0.24287311404128964 
5	0.7	90.000	5	7	10	10	10	10	(82, 75, 192)	4.125279687363332	6.857254008689076	-2.633218102975856 3.048283951604926 -3.2892109177577753 2.8769915850702623 -3.9516135093689004 2.721704157952519 -4.619109829827002 2.5801595305467644 -5.290533916035243 2.446534837617561 
7	0.7	90.000	5	7	10	10	10	10	(129, 27, 16)	5.486956525653877	9.271808252952354	-1.7413431330541533 2.210963323645366 -1.0835543937568388 2.333537955151336 -0.4206680510525609 2.4489862068947246 0.24975914624364212 2.5515739857128454 0.9270719079665243 2.6429559736883794 1.6107810888571572 2.7271938221379965 2.3003866721063706 2.808831838248159 
5	0.7	90.000	5	7	10	10	10	10	(49, 18, 148)	4.105528413433428	6.631568251586786	-0.0076643875882808545 1.1362536380136008 0.651783325154499 1.213060026200453 1.3187796911328349 1.2897059814504803 1.9952833683905704 1.3652540900152372 2.68084278841478 1.4391286390559592 
7	0.7	90.000	5	7	10	10	10	10	(242, 135, 228)	5.427706094729764	8.220073162202757	-1.2216445711399246 0.9042602368380281 -1.8800515946783025 0.9261336774922532 -2.54008126945651 0.9621111258566897 -3.205330315180467 1.0044122289159851 -3.877080355381266 1.0476741175313748 -4.55612457526224 1.089406078912674 -5.242808446683001 1.1297282821195356 
5	0.7	90.000	5	7	10	10	10	10	(103, 204, 235)	4.2046106859893095	8.063918095389516	-6.2483580005122255 -1.3955902379499638 -6.941140404178925 -1.286233747404543 -7.637815401764021 -1.19353755395592 -8.334236321221386 -1.1237063423964988 -9.032190510036692 -1.0637769499029444 
6	0.7	90.000	5	7	10	10	10	10	(71, 26, 34)	4.902928047503547	8.780957846727999	-4.886336268780306 -1.723143710788138 -4.187084759393202 -1.7534131618038094 -3.4877739684530003 -1.7813555036919413 -2.786180524719825 -1.8027046170016372 -2.0853303028350165 -1.8214051156822304 -1.3853100783873247 -1.834082964816066 
5	0.7	90.000	5	7	10	10	10	10	(95, 88, 231)	4.180051705902945	7.320627463641206	-5.259041180149329 -4.818922019311046 -4.628091818868282 -5.104937409785457 -3.995577400550378 -5.390363999010837 -3.361001145514936 -5.675377654486497 -2.7242679399537484 -5.960670853431779 
6	0.7	90.000	5	7	10	10	10	10	(180, 239, 244)	4.874052612486409	6.843292100806016	-6.621205456697249 -4.706582112836879 -7.195789465858137 -4.319589877458025 -7.770648328605722 -3.9317196060452595 -8.343284032116578 -3.538286856565432 -8.907321986672224 -3.1315108846210005 -9.469965513399686 -2.7190395052163407 
6	0.7	90.000	5	7	10	10	10	10	(38, 208, 239)	4.54735541284456	8.414471115510327	-6.301874821061211 -0.04736648489070779 -5.675403768943814 -0.14540885510918072 -5.050494237071661 -0.23530585469863582 -4.42783595690927 -0.3151395449142543 -3.8051997974171785 -0.3881229584948553 -3.181807284649074 -0.4576897057539545 
6	0.7	90.000	5	7	10	10	10	10	(207, 253, 147)	4.732988404771104	8.629245315099555	-7.4136272269468995 0.22753156041923264 -8.059090094950761 0.2472468648378399 -8.713670423350209 0.27130417271783264 -9.379563229144159 0.2985079520948894 -10.05609662913115 0.32954313899618537 -10.743795763324298 0.36293040154771417 
6	0.7	90.000	5	7	10	10	10	10	(182, 9, 47)	4.7581311952111385	7.322663289307155	-4.2916164403972825 -3.327962173662532 -4.933318454793664 -3.1508686498852345 -5.578732497077201 -2.980751179885801 -6.229461149482061 -2.8196150506287427 -6.885867628574611 -2.665253201426559 -7.548692538420322 -2.5120994441159596 
7	0.7	90.000	5	7	10	10	10	10	(144, 40, 52)	5.469220725653548	8.922995701422998	-3.0566943671435696 -3.153035741001156 -2.3914358915514793 -3.1674564178355715 -1.7218271296590144 -3.1790440362399366 -1.0469734621085374 -3.1873327794158786 -0.3669940835337989 -3.1934583947983466 0.3192016231936915 -3.1987385593636866 1.0121522722854268 -3.203835775463804 
8	0.7	93.001	5	7	10	10	10	10	(15, 126, 199)	6.257515290506319	7.790762044005426	-4.2551922508333835 4.066050085013828 -3.596451421066146 4.2722478528914705 -2.9350008559599337 4.472587576336169 -2.2696590539369472 4.663727972873369 -1.5998360081358813 4.843954981087902 -0.9265970288819255 5.017125327601601 -0.2507920325535475 5.186590572130468 0.4269596989295844 5.354954770324142 
8	0.7	93.001	5	7	10	10	10	10	(58, 142, 21)	6.3033282802396435	9.379379075507348	-4.324389255403509 6.032490739596784 -4.776747997757409 5.498305179789516 -5.224775207526347 4.960602860218537 -5.661464533799516 4.412216153792269 -6.09131743150557 3.8585715956059308 -6.517738901770286 3.3025151626793825 -6.9427337794545965 2.745657410567577 -7.367271573308018 2.188765473877627 
8	0.7	93.001	5	7	10	10	10	10	(112, 42, 76)	6.1902911549574835	8.978621441525593	2.7955109285612227 0.34191796597628027 2.1265205134048744 0.15733434115757464 1.4595685949387562 -0.019507248871882755 0.7933698923094009 -0.1844038793340845 0.12693426102557015 -0.33375409258886174 -0.5406865978240066 -0.46445116240387657 -1.2093354407677903 -0.5765920229697997 -1.8815297416628414 -0.6707397821395222 
8	0.7	93.001	5	7	10	10	10	10	(116, 1, 110)	6.293456080511136	7.423745658347066	0.7590098765324084 -2.0236560686933087 1.4018541546303018 -1.750299483880495 2.043456406803484 -1.4739470006671396 2.6821445677275633 -1.190835375470897 3.315836045909996 -0.8966708663602864 3.9427081617539277 -0.586336900155117 4.565390518385112 -0.2671850600256986 5.1865626637442634 0.05523658485689765 
6	0.7	93.001	5	7	10	10	10	10	(82, 75, 192)	4.885496613243133	6.857254008689076	-1.8963157627565757 3.3414735989744715 -2.5653188933847604 3.133727370879941 -3.2360615804015302 2.9386286964514383 -3.910724633036309 2.7650030422253997 -4.590099761297638 2.6159688890803814 -5.270962422441825 2.4802225822275425 
7	0.7	93.001	5	7	10	10	10	10	(129, 27, 16)	5.5898420298408045	9.271808252952354	-1.664474854057639 2.0391680120093167 -0.9902957574237399 2.216899081719711 -0.3150133614910704 2.39260662108827 0.36141448643233387 2.564458315284778 1.0391189286098952 2.7332370097795216 1.7178516854882535 2.900330105706316 2.3972776341046718 3.0668815285186173 
6	0.7	93.001	5	7	10	10	10	10	(49, 18, 148)	4.868238874775178	6.631568251586786	-0.23753743956589318 1.0045908905514405 0.4324362235027876 1.17039034516277 1.1035400845943812 1.3374084789008474 1.7761179873430237 1.5055776284500615 2.450846600619834 1.6737808835519186 3.1283937244126503 1.8407549444162794 
7	0.7	93.001	5	7	10	10	10	10	(242, 135, 228)	5.546515546052479	8.220073162202757	-1.5577983338794932 0.6974317430580577 -2.23888447260868 0.779523752366107 -2.9203117643316854 0.8636162132671714 -3.603891477173275 0.9487543536224022 -4.290174596133142 1.0340982087450465 -4.9796212666211535 1.1188483741418693 -5.673489629074667 1.2020331585412827 
6	0.7	93.001	5	7	10	10	10	10	(103, 204, 235)	4.764653559951533	8.063918095389516	-6.199201655806109 -1.4325658319076875 -6.849977139671893 -1.3264616798929247 -7.5057938460801115 -1.2185870910298142 -8.169854208760428 -1.117882502601208 -8.843108567189452 -1.0225367175028461 -9.525872420764681 -0.9298201440169652 
7	0.7	93.001	5	7	10	10	10	10	(71, 26, 34)	5.427776660425337	8.780957846727999	-5.118233455286018 -1.987319557171666 -4.4626143394448174 -1.9635525522269501 -3.8027387539158277 -1.9476252064779025 -3.136951427437282 -1.9444412075754638 -2.4634961712076135 -1.9553892586657167 -1.781286641471852 -1.9741344969007089 -1.0915812048425801 -1.9883987305939406 
5	0.7	93.001	5	7	10	10	10	10	(95, 88, 231)	4.2000001748175695	7.320627463641206	-5.252242241195084 -4.8070944709355805 -4.616021839397664 -5.099025355097258 -3.9798014111185958 -5.390956251410089 -3.3435809828395273 -5.68288714772292 -2.7073605810421086 -5.974818031884598 
6	0.7	93.001	5	7	10	10	10	10	(180, 239, 244)	4.900252671147704	6.843292100806016	-6.686654320531339 -4.806137684902027 -7.27860263756224 -4.432399211247296 -7.869993254409069 -4.057674892370419 -8.459465744729663 -3.6798723800548148 -9.044556321842437 -3.295697259389967 -9.628181954342745 -2.909230690995894 
6	0.7	93.001	5	7	10	10	10	10	(38, 208, 239)	4.806965267059794	8.414471115510327	-6.553054155641705 -0.005477162911581628 -5.878041942185736 -0.12463454918166245 -5.205317326858896 -0.23845972900941245 -4.5328548663667885 -0.3443729234533881 -3.86082617727985 -0.4456478819223149 -3.1893155466784986 -0.5452775400687643 
6	0.7	93.001	5	7	10	10	10	10	(207, 253, 147)	4.873615577840837	8.629245315099555	-7.665125168097634 0.7573568782247543 -8.347858397190778 0.6462137717215297 -9.032443589362517 0.5385837363549055 -9.719075232937517 0.4341654599131004 -10.407459442670952 0.3296500851526376 -11.09771920078975 0.22530773571965715 
6	0.7	93.001	5	7	10	10	10	10	(182, 9, 47)	4.878248124506483	7.322663289307155	-4.378805093227175 -3.6067441140699117 -5.045751071616973 -3.4041795673037365 -5.7118403281559305 -3.199563195236856 -6.373762248058612 -2.988401352373817 -7.034754367170371 -2.774366352951353 -7.6956000636972535 -2.5596880820961783 
7	0.7	93.001	5	7	10	10	10	10	(144, 40, 52)	5.5829828706113815	8.922995701422998	-3.0206797079627377 -3.320974714785751 -2.324153967049629 -3.3356226741199864 -1.6277023587364596 -3.3496666864291225 -0.931246860939088 -3.3618934876925635 -0.2346558573564421 -3.3719827598846064 0.4627841712341929 -3.381475244631203 1.1617093039707276 -3.3901064859294348 
9	0.7	96.002	5	7	10	10	10	10	(15, 126, 199)	6.921428897689932	7.790762044005426	-4.783729583235673 3.9094999120922678 -4.143128121143775 4.152936000531039 -3.4988939822628202 4.387564982654081 -2.8485544895447217 4.6083712771534415 -2.1908602893590463 4.811465263228085 -1.5254299329947414 4.994788644292156 -0.8527544883111274 5.159569106314276 -0.17511323304748563 5.314174475907027 0.5058317452013315 5.465346498640161 
9	0.7	96.002	5	7	10	10	10	10	(58, 142, 21)	6.965149467264961	9.379379075507348	-3.939789885543239 6.683846071591999 -4.423795939071945 6.179342558264602 -4.906284902417211 5.674540401650026 -5.385058700903416 5.16729414136838 -5.856562832367054 4.653597607886515 -6.313431653115153 4.131446317807641 -6.767047453696899 3.6070937434961547 -7.223336514623741 3.0855813112860977 -7.683719339273665 2.5678273376526652 
9	0.7	96.002	5	7	10	10	10	10	(112, 42, 76)	6.923152984266618	8.978621441525593	3.5506397393672917 0.6263315871673568 2.88937543917193 0.40402448994941875 2.228919275542429 0.1864829117871965 1.5677996736815791 -0.021911730131056056 0.9047132731062916 -0.21662006411507628 0.23865794368663334 -0.39303644185676806 -0.4309717505207934 -0.5464568277026162 -1.1043028475674954 -0.6720000374507473 -1.7829331685689265 -0.7648521261028336 
9	0.7	96.002	5	7	10	10	10	10	(116, 1, 110)	6.889184876000247	7.423745658347066	0.2845930559014109 -2.2385683134607643 0.905875469253228 -1.9723507837557448 1.5306752484937518 -1.7071077106536254 2.15897906076657 -1.4428538571906706 2.7902825073758133 -1.1783267353309061 3.423822803382795 -0.9115681320090112 4.058641933583243 -0.6401662948247229 4.693736731235842 -0.36103441892179144 5.330642354262222 -0.07825363018040332 
7	0.7	96.002	5	7	10	10	10	10	(82, 75, 192)	5.593171228713132	6.857254008689076	-1.1892848769359872 3.670332767669962 -1.8582397316636707 3.4675544577707074 -2.5245896049465184 3.256406712660116 -3.1883879872283654 3.03204412449454 -3.8511649317050463 2.8074739351455493 -4.5154961264827485 2.592072830152136 -5.181456747618911 2.3887888943840285 
8	0.7	96.002	5	7	10	10	10	10	(129, 27, 16)	6.2636336646506034	9.271808252952354	-2.266131300956222 1.9639219112155581 -1.5950863558268626 2.1273150591767136 -0.9241037893653692 2.295525524932162 -0.2513504571335577 2.464905966781163 0.42252677978134406 2.635541071011588 1.0969355164948436 2.808639482069867 1.7718298124932386 2.984472890954777 2.447517790910434 3.1621211340532676 
7	0.7	96.002	5	7	10	10	10	10	(49, 18, 148)	5.385352299178935	6.631568251586786	-0.30792422792646734 1.0629885759750892 0.3210444105642386 1.1986640471459697 0.9545820992284247 1.342750373412036 1.5938210291050527 1.4983861910625804 2.2399053288190225 1.6655697518568382 2.8942046627787614 1.841836690819743 3.559219486160613 2.023181623575068 
8	0.7	96.002	5	7	10	10	10	10	(242, 135, 228)	5.985871997993813	8.220073162202757	-1.3349658733525285 0.5454976291251971 -1.970096108381924 0.6182125366103743 -2.610006946860287 0.6978541817267178 -3.2522733281801144 0.7874271999816514 -3.8994130472560005 0.8763431754870232 -4.553267340083456 0.9615685497480733 -5.2141911649746335 1.0453300845748896 -5.882821844923258 1.1337176195506071 
6	0.7	96.002	5	7	10	10	10	10	(103, 204, 235)	4.747576892792952	8.063918095389516	-6.673525388856408 -1.491385679288213 -7.31524602255952 -1.3731380198366956 -7.967149036637013 -1.2512852749869448 -8.625363850236374 -1.1328416475018128 -9.292517992168204 -1.0175635030166246 -9.969122225969068 -0.9042202248432624 
8	0.7	96.002	5	7	10	10	10	10	(71, 26, 34)	6.026032051996879	8.780957846727999	-5.618106590098822 -2.0144303116594924 -4.969806037085111 -1.9509689831742056 -4.318781806393072 -1.9054541970578343 -3.6639493892305275 -1.8921501639375908 -3.001917166577916 -1.9211515852335623 -2.341884937109068 -1.9806686429825129 -1.674332453443923 -2.052193740963245 -1.0074319619230534 -2.119629047148182 
6	0.7	96.002	5	7	10	10	10	10	(95, 88, 231)	4.879575426743747	7.320627463641206	-5.727659423765212 -4.9368362289847045 -5.095872219099218 -5.225017571405056 -4.458570663211234 -5.501998592188915 -3.813466616578744 -5.760909705356105 -3.1632468950267607 -6.011325673485602 -2.510367122083977 -6.259286246209298 
7	0.7	96.002	5	7	10	10	10	10	(180, 239, 244)	5.595628839579902	6.843292100806016	-6.744282073139353 -5.8085623323093785 -7.206959095347567 -5.284092404161565 -7.6758439182785665 -4.765732196853808 -8.153062497403935 -4.2553444987135 -8.637082091755014 -3.7514504812932428 -9.124563247866147 -3.2492358873328127 -9.6134114156934 -2.7482879078161715 
7	0.7	96.002	5	7	10	10	10	10	(38, 208, 239)	5.533442400735019	8.414471115510327	-7.233510512832451 -0.05011366373459233 -6.5499376061928105 -0.1475772063761947 -5.866992963289466 -0.24747141567040953 -5.184588223591811 -0.341559911300833 -4.501827421844988 -0.4273823586338236 -3.8184700729354732 -0.5059515799167034 -3.1346120240347304 -0.5803317403682902 
7	0.7	96.002	5	7	10	10	10	10	(207, 253, 147)	5.559587373556823	8.629245315099555	-7.192027846277327 1.3243603985612482 -7.854708367122993 1.1345140875718616 -8.515620363476977 0.9388717763258256 -9.17890199566472 0.7417133210908695 -9.844958070748774 0.5452419180597187 -10.513457516403479 0.348927993247186 -11.182354259326603 0.1499422837991339 
7	0.7	96.002	5	7	10	10	10	10	(182, 9, 47)	5.56511404242533	7.322663289307155	-4.027383669873901 -4.2588464661453065 -4.645207627223341 -3.9400943104750237 -5.269953167941474 -3.639561505886006 -5.904488242648686 -3.3620082745826627 -6.548065108630088 -3.102384663901216 -7.1981513115104825 -2.8577139434787293 -7.852248664372783 -2.6213939099535835 
8	0.7	96.002	5	7	10	10	10	10	(144, 40, 52)	6.228156838667655	8.922995701422998	-3.4337894260533393 -3.189902170064478 -2.75845639788207 -3.287313826074286 -2.07975415943281 -3.375404707550955 -1.397004530736509 -3.452062064301519 -0.7104705672262136 -3.517472228800136 -0.020903635264782762 -3.573360261638579 0.6728081682016832 -3.620177613478305 1.3690840069788262 -3.663768070897 
10	0.7	99.004	5	7	10	10	10	10	(15, 126, 199)	7.628263801434695	7.790762044005426	-5.344530069961511 3.6892535044006816 -4.716675031663634 3.976220315208646 -4.084648007969831 4.2514924023690295 -3.4449157886941917 4.507787125649481 -2.7958661161128613 4.740389243975771 -2.137327265934135 4.947983787040233 -1.4702379575806215 5.131909661707117 -0.7962265176940276 5.296062485295711 -0.11768257624977539 5.450238294792654 0.5636917682297004 5.6012863517656 
10	0.7	99.004	5	7	10	10	10	10	(58, 142, 21)	7.664534919031555	9.379379075507348	-3.4316892389739766 7.196622924644333 -3.9516749113965646 6.729076627767631 -4.4708319111427945 6.261746205562823 -4.98840241848127 5.7938914609806105 -5.502941838560161 5.3240686161472865 -6.011974919374067 4.849811569874562 -6.514060522731324 4.364589261002495 -7.007874709409991 3.877313356957024 -7.5039576170300535 3.3939546205172326 -8.004912698667644 2.916624810020199 
10	0.7	99.004	5	7	10	10	10	10	(112, 42, 76)	7.659608536382748	8.978621441525593	4.286263990274715 0.8157286262514049 3.6233743213979834 0.5942539734615496 2.961132834369766 0.37301613691564217 2.2990899956305277 0.15319102404679685 1.6366945278276561 -0.06383512969357549 0.9764452962026999 -0.27630338215053657 0.3107939013510147 -0.4675099027482229 -0.36313615820369727 -0.6214059980618463 -1.051989120488756 -0.7247454114228347 -1.7425416101708266 -0.7923309958300045 
7	0.7	99.004	5	7	10	10	10	10	(82, 75, 192)	5.584512253233884	6.857254008689076	-1.1898258949306548 3.7957237671801276 -1.8593870369634709 3.595892222648188 -2.5248923793621216 3.3862270609508007 -3.182284133244604 3.1544700414240285 -3.8304235388564236 2.89423019383719 -4.471591042270543 2.622430488151591 -5.112242183194627 2.350085462601926 
9	0.7	99.004	5	7	10	10	10	10	(129, 27, 16)	6.916502593611751	9.271808252952354	-2.838060362363819 1.9198131474649867 -2.1749687140715386 2.0831217200719907 -1.5130527389567148 2.25668575582233 -0.8509315097010814 2.4374438383101285 -0.18609674311180235 2.6164621638254375 0.4836221473653602 2.7825589285744528 1.158187716977616 2.9379156703403826 1.8365291248643398 3.088196091240765 2.5178035925190883 3.237375374445429 
7	0.7	99.004	5	7	10	10	10	10	(49, 18, 148)	5.441735065566565	6.631568251586786	0.08764361497616174 1.3085481088852666 0.7328190317615677 1.4286087856222407 1.3825961968141474 1.5582315669083917 2.0369882757233486 1.699394069524537 2.6963424800126767 1.8517966900997456 3.36140629442773 2.0135350384976753 4.033130217869655 2.180952844638595 
9	0.7	99.004	5	7	10	10	10	10	(242, 135, 228)	6.617746619498986	8.220073162202757	-0.8290034983226084 0.5710520886932259 -1.4764272127663725 0.5819973240495907 -2.1206326910398374 0.601845973190539 -2.7635193048901594 0.6430144843069568 -3.410569812974667 0.7167347796920966 -4.053504191870097 0.8127325475760554 -4.699655003056552 0.9163519619927096 -5.351268144040918 1.0197346250302988 -6.009284375340575 1.1228570018793582 
7	0.7	99.004	5	7	10	10	10	10	(103, 204, 235)	5.446722599379534	8.063918095389516	-6.42008028319968 -1.3706308124791393 -7.077610094399018 -1.3538591650921488 -7.737866395105299 -1.3132060197782 -8.405701991729812 -1.2520439144418425 -9.080307061595517 -1.1786954942196954 -9.761591763335659 -1.1005829962898508 -10.44959266746387 -1.0216598241999584 
9	0.7	99.004	5	7	10	10	10	10	(71, 26, 34)	6.595139790506771	8.780957846727999	-6.220152738317998 -2.4423027580118966 -5.598049708815437 -2.309553801691081 -4.97645876142391 -2.1705117800251856 -4.339065998933487 -2.0529409252667423 -3.684494084887413 -1.9928932590041923 -3.031262529291815 -1.992217610048819 -2.3787995851076986 -2.0208625479643034 -1.724256326184463 -2.059764578727269 -1.0703386895234313 -2.0894570868901705 
6	0.7	99.004	5	7	10	10	10	10	(95, 88, 231)	4.880454517376146	7.320627463641206	-5.758509520293842 -5.3220474533779845 -5.117577887768041 -5.589340445489288 -4.472558160544691 -5.849021888348262 -3.821815263807439 -6.095722157009507 -3.1657881839588335 -6.329641091778708 -2.5064074942550167 -6.559417815993619 
8	0.7	99.004	5	7	10	10	10	10	(180, 239, 244)	6.2969945448328435	6.843292100806016	-6.5075127599528395 -6.520088012365058 -6.94595909434519 -5.974067506821457 -7.38113957847831 -5.427512757730798 -7.818360798365277 -4.882316748228163 -8.259453551691196 -4.340044116773671 -8.703578354268041 -3.8001275955833447 -9.148004811227624 -3.257261965389065 -9.588571150751903 -2.713915408536162 
8	0.7	99.004	5	7	10	10	10	10	(38, 208, 239)	6.232909449790352	8.414471115510327	-7.906353162715733 0.06491618616840529 -7.221934914169991 -0.01575925587221817 -6.539506581538705 -0.11171944241195564 -5.853659497179715 -0.23204602664119436 -5.17830945428067 -0.35928880159943677 -4.500213435787617 -0.47677288315856364 -3.817712829990435 -0.5795915365235295 -3.13112139979359 -0.6710487895545016 
8	0.7	99.004	5	7	10	10	10	10	(207, 253, 147)	6.24021792340959	8.629245315099555	-6.8862136361202815 2.029717064061408 -7.4981643549928805 1.712277139200771 -8.118981987549242 1.4168033389433796 -8.74968355229376 1.1354853397542304 -9.384216822849726 0.865167444018415 -10.024627456160887 0.6038664964920379 -10.66975864798122 0.3479887677737518 -11.318565869010662 0.09253312690430728 
8	0.7	99.004	5	7	10	10	10	10	(182, 9, 47)	6.293334710346951	7.322663289307155	-3.499858552630038 -4.781495575390989 -4.149317378592807 -4.527450688361006 -4.798931500085822 -4.262217092965488 -5.436695845528251 -3.993287126765213 -6.072287617160914 -3.721377633330973 -6.711834691730065 -3.4171723893664385 -7.327393497775573 -3.0631780247464206 -7.9122699188550225 -2.69235085631132 
9	0.7	99.004	5	7	10	10	10	10	(144, 40, 52)	6.9002585466434	8.922995701422998	-3.97564760297104 -3.2534376252936736 -3.3087195770048607 -3.365701812912488 -2.639604116722761 -3.482068016752033 -1.967888805291064 -3.6018110298441695 -1.2926432520360134 -3.720090890584064 -0.6125338467287259 -3.828031831730681 0.07847183044399854 -3.9131093893926163 0.7708510486687778 -3.9690907905011987 1.4668229259322212 -4.014837386307344 
5	0.7	99.004	6	7	10	10	10	10	(46, 39, 169)	4.024922911569954	7.893273354349235	2.2336035149611875 -1.2443685575302876 1.6694990112483565 -1.5922667177044372 1.1108097621622668 -1.939379119821359 0.5573963346255925 -2.2873392293887482 0.008168782990541074 -2.636302618416921 
5	0.7	99.004	6	7	10	10	10	10	(69, 122, 60)	4.134498173067957	11.056490097822126	3.4963320901915136 -1.2029196985520063 4.079723428445794 -0.8640862839990776 4.670901791759914 -0.5277462204462435 5.270518042089087 -0.19341973635815846 5.877417866712434 0.1414694340197332 
10	0.7	100.004	5	7	10	10	10	10	(15, 126, 199)	7.656184912523784	7.790762044005426	-5.35692376599962 3.7256951695975324 -4.72227802968126 4.007909574151817 -4.084465035236051 4.281124120878379 -3.4405697020216204 4.539123315187633 -2.7890506897001632 4.777186016329455 -2.129418498348315 4.993100732735717 -1.4620913073629205 5.186853523553373 -0.7880936366195449 5.360101404566428 -0.10896675426096239 5.51708526056987 0.5729110515126269 5.668763454746643 
10	0.7	100.004	5	7	10	10	10	10	(58, 142, 21)	7.673514023097001	9.379379075507348	-3.4239919581638625 7.204205760906169 -3.9472906341487386 6.7404862425576475 -4.470158007949108 6.2774767003414205 -4.9926108296922145 5.815168453167216 -5.514173516028783 5.35298398288677 -6.033479912856314 4.889351757475276 -6.549845588305616 4.41932374391189 -7.064117823412851 3.950206229836561 -7.581869950863015 3.485715096196723 -8.103783985541249 3.0262754736631345 
10	0.7	100.004	5	7	10	10	10	10	(112, 42, 76)	7.673524689686175	8.978621441525593	4.300774280564687 0.8037467698056748 3.6340824503034583 0.5943948456913384 2.9687456181564045 0.3829371832832584 2.30554132052861 0.1670764077188857 1.6434210914474088 -0.05619306656792774 0.9853009974069861 -0.2811407327851653 0.32329301271664485 -0.4917310615420353 -0.34703373113345837 -0.6682519697962892 -1.0390241853734818 -0.7891895485750717 -1.72949948706135 -0.8642870664868013 
8	0.7	100.004	5	7	10	10	10	10	(82, 75, 192)	6.2807959945485266	6.857254008689076	-0.5245533211130374 4.033622431760568 -1.1966737217036383 3.8416498471082683 -1.8656217466268357 3.641383201087994 -2.528656079304564 3.4247752012756734 -3.1833263244490926 3.185750808664504 -3.8298401392341805 2.9232230070822585 -4.471507314222047 2.6528871325544228 -5.112044979686273 2.3832333379576665 
9	0.7	100.004	5	7	10	10	10	10	(129, 27, 16)	6.939321261976772	9.271808252952354	-2.8248112367619376 1.9347036987283173 -2.1668569285177197 2.1304631539213874 -1.5093895086127134 2.3330127808490455 -0.8494320450695748 2.5333327590575436 -0.1779449448057642 2.7091140459545686 0.49810266094659744 2.8592267443660293 1.1787590269116905 2.996487021670379 1.86226052334513 3.128700975024091 2.547869471994363 3.2599332328209893 
8	0.7	100.004	5	7	10	10	10	10	(49, 18, 148)	6.075389999203688	6.631568251586786	-0.4237387485876913 1.373390880258297 0.2243378317648176 1.4295128857999957 0.8721134011148927 1.505358689408582 1.523003244581191 1.604722131871658 2.177521376272542 1.7271077407875095 2.836577051426791 1.868728028092918 3.501476089387944 2.0238108367453016 4.173701969270783 2.1861464410643237 
9	0.7	100.004	5	7	10	10	10	10	(242, 135, 228)	6.6408799956733855	8.220073162202757	-0.886694508427276 0.43304122056362265 -1.530149938274583 0.4992189443378003 -2.171876264254452 0.5644375786152594 -2.813834040236798 0.6390994015306899 -3.4597148384024234 0.7349256275716024 -4.104363070671589 0.8443485547128398 -4.753507161018098 0.9576723341951469 -5.409054039213304 1.0698199321860202 -6.071372953404437 1.1826555904757672 
7	0.7	100.004	5	7	10	10	10	10	(103, 204, 235)	5.465519635007178	8.063918095389516	-6.52032128747286 -1.3194613919871312 -7.183764693800571 -1.3048523881704963 -7.852613116252022 -1.2772579677321916 -8.526338525073832 -1.2384148211055808 -9.20502891666808 -1.1917799190614184 -9.88901484687424 -1.141235405235562 -10.578606678291326 -1.089736552805497 
9	0.7	100.004	5	7	10	10	10	10	(71, 26, 34)	6.642851677699092	8.780957846727999	-6.2024430752403426 -2.414521807218316 -5.569484159983677 -2.2432192166887983 -4.933777040077796 -2.0955237204089534 -4.280746144486353 -2.012020038517319 -3.631025913105212 -2.000541558376106 -2.9806235920956197 -2.032666943060961 -2.3295953483055336 -2.078747963420333 -1.670160809286943 -2.1233607320570855 -1.0093890557086613 -2.154796517202761 
7	0.7	100.004	5	7	10	10	10	10	(95, 88, 231)	5.522192594938318	7.320627463641206	-6.294286501255738 -5.11287119202087 -5.67910156152814 -5.406169605047625 -5.055406440918581 -5.685114640178309 -4.422797632726482 -5.946500019458397 -3.7813640065188814 -6.192759607206223 -3.1324225048087064 -6.4289682374982675 -2.477636343866271 -6.662777066457428 
8	0.7	100.004	5	7	10	10	10	10	(180, 239, 244)	6.3095312056715365	6.843292100806016	-6.672779625147523 -6.658454605965598 -7.110262105012831 -6.111649555092627 -7.54122823087479 -5.55207298670796 -7.960163280654913 -4.990897074314897 -8.379345109997775 -4.430199704487214 -8.80066552110155 -3.871255060172269 -9.221633155576036 -3.308721491780691 -9.638256888360761 -2.746171151637222 
8	0.7	100.004	5	7	10	10	10	10	(38, 208, 239)	6.263119825741088	8.414471115510327	-7.9198039162631 0.14140613350790937 -7.235223338601611 0.047053435054350085 -6.551845049851478 -0.061964632874460406 -5.863331535713697 -0.1932801183931806 -5.183596478951865 -0.33272212473228063 -4.50201930066534 -0.4659308395705487 -3.817724334893338 -0.5875122330640853 -3.131092865567793 -0.6997820532041434 
8	0.7	100.004	5	7	10	10	10	10	(207, 253, 147)	6.270997424533947	8.629245315099555	-6.943123685830219 2.1422763275626537 -7.552757891702867 1.8105059897281288 -8.170150628240435 1.4949710838260826 -8.795983771716791 1.1908369775495204 -9.425443124419523 0.8965945594423916 -10.060638907387014 0.6118091896553 -10.700714015892869 0.3343984955096083 -11.344120017735223 0.06068866319143427 
8	0.7	100.004	5	7	10	10	10	10	(182, 9, 47)	6.288119252068336	7.322663289307155	-3.520692416307851 -4.84460105575042 -4.176439762155547 -4.605630074589845 -4.830049488178637 -4.3548074000516275 -5.482428439086081 -4.076405715852139 -6.116735171222086 -3.7896926964998805 -6.744604053686445 -3.4902040084395693 -7.355963449985061 -3.1573334835927147 -7.9549819045705545 -2.808947084321707 
10	0.7	100.004	5	7	10	10	10	10	(144, 40, 52)	7.580222500684336	8.922995701422998	-4.613344496368014 -3.2050626764989354 -3.953937401666395 -3.3087378130254708 -3.28911165926194 -3.4185692722408065 -2.616691907371371 -3.5353497989283316 -1.9406799696971802 -3.6559476228564893 -1.2618060013012506 -3.776137277171175 -0.5794217911010203 -3.8906205687720425 0.1087489054447031 -3.9923674966224914 0.7990777902429816 -4.0736212100195335 1.4927328830990572 -4.14779743702148 
5	0.7	100.004	6	7	10	10	10	10	(46, 39, 169)	4.087205855449369	7.893273354349235	2.355500062933153 -1.204241476524456 1.7871043440576424 -1.5729291819999243 1.2246134730667146 -1.943177521403243 0.6687543297441108 -2.316786395468153 0.11843059207681106 -2.692861308231867 
5	0.7	100.004	6	7	10	10	10	10	(69, 122, 60)	4.170241880644994	11.056490097822126	3.6760115719394926 -1.3339343384342064 4.234659071295241 -0.9315256586870337 4.798147538840204 -0.5315493144795204 5.366754219666581 -0.1339084078958234 5.939250728702533 0.26345179618010894 
