N disks	Disks radius	time	Gen	Method	ks	kt_bot	kt_par	kc	color	current length	div_length	X
6	0.7	3.001	1	7	10	10	10	10	(0, 128, 0)	4.900000233093314	9.302274281573803	-2.200000116546657 1.4287546703519706e-16 -1.5000000874099901 -2.857509197987497e-17 -0.8000000291366638 -1.1430037505532248e-16 -0.09999997086333844 -1.143003750553224e-16 0.6000000874099888 -2.8575091979874795e-17 1.3000001165466568 1.4287546703519736e-16 
7	0.7	6.002	1	7	10	10	10	10	(0, 128, 0)	5.5999998319008615	9.302274281573803	-2.899991028640948 0.003914677476334054 -2.1999916552173007 0.0029903293539390507 -1.4999922807323038 0.0020724203118814397 -0.7999929092202949 0.001167897998907536 -0.09999351686263504 0.0002796536120371401 0.6000059127538792 -0.0005952040972684489 1.3000053577996997 -0.00146362274463562 
7	0.7	9.003	1	7	10	10	10	10	(0, 128, 0)	5.600000291358276	9.302274281573803	-2.899991298188235 0.003884315218311258 -2.1999918429838194 0.0029879315408952415 -1.4999923586433637 0.0020915478799729084 -0.799992874303135 0.0011951643309078559 -0.0999933899627323 0.00029878091785811775 0.6000060943781844 -0.000597602383335289 1.3000055495831986 -0.001493985593414948 
8	0.7	12.000	1	7	10	10	10	10	(0, 128, 0)	6.300000334043313	9.302274281573803	-3.5999807130394115 0.007918676350942788 -2.899982351038575 0.00639148046745279 -2.1999839593960537 0.004864977684348004 -1.49998556506595 0.003340017476485961 -0.7999871664075797 0.0018171544857320601 -0.09998876295238805 0.00029638871106694824 0.6000096445270324 -0.0012228344912633279 1.3000080253807462 -0.0027413644707973573 
9	0.7	15.001	1	7	10	10	10	10	(0, 128, 0)	7.000000077942099	9.302274281573803	-4.299968323363925 0.01221358172182726 -3.5999714090693615 0.010131873609585751 -2.899974451112101 0.00806096088398393 -2.199977432661559 0.006015230218050811 -1.499980315171275 0.004006288171641802 -0.7999830806878523 0.0020385332942366393 -0.09998573624654183 0.00010756699268947053 0.6000116907612207 -0.0017982173283929708 1.3000091354346583 -0.003693206198796097 
10	0.7	18.003	1	7	10	10	10	10	(0, 128, 0)	7.699999459111313	9.302274281573803	-4.999953952206027 0.016798318411844117 -4.299958822095007 0.014192052061182927 -3.5999636254403513 0.011607756792973491 -2.8999682726413636 0.009076495986305104 -2.199972656197813 0.006626663108197085 -1.4999767126897348 0.0042749116988562395 -0.7999804370540458 0.0020212115923993515 -0.09998387800096133 -0.00015113381979851268 0.600012881033095 -0.0022705203900574567 1.3000097208880435 -0.00436797654337247 
11	0.7	21.004	1	7	10	10	10	10	(0, 128, 0)	8.39999905804507	9.302274281573803	-5.699938322274263 0.021542878115775144 -4.999944910220692 0.018512262520228938 -4.299951413838119 0.015506954648885777 -3.5999577002454033 0.01256417320835241 -2.899963614177304 0.00972061331525526 -2.1999690506850555 0.0070023464921322 -1.4999739775348953 0.004418340615507201 -0.7999784351221475 0.0019584290620364227 -0.09998251894292287 -0.0004040931708457512 0.6000136480017388 -0.002705728020261285 1.3000099184499496 -0.0049828771938149954 
12	0.7	24.001	1	7	10	10	10	10	(0, 128, 0)	9.099998907719439	9.302274281573803	-6.39992130487103 0.026494741462310983 -5.699929573243085 0.02309761789354783 -4.999937739371355 0.019726476640320526 -4.299945643543108 0.016420531928101407 -3.5999530974451805 0.013220308422962571 -2.899959962531655 0.010157719771363092 -2.199966178084734 0.007249227536952835 -1.499971765778543 0.004492763302143541 -0.7999768152453837 0.001868556775856578 -0.0999814586975589 -0.000656501992234714 0.6000141583451888 -0.003121704039947366 1.3000098779454403 -0.005563464184350908 
6	0.7	27.002	2	7	10	10	10	10	(74, 63, 10)	4.876864835514355	8.986822942950795	-3.9772050218239277 0.0022930512862568034 -4.6699217801854065 0.011320768071478015 -5.363738041047001 0.02033964548067675 -6.058878121247803 0.02934700003853349 -6.755517753498502 0.03835164780988051 -7.453777670471809 0.04736719695634475 
7	0.7	27.002	2	7	10	10	10	10	(35, 82, 198)	5.569857095293539	7.844234842153472	-2.6095810609806693 -0.007691873687497254 -1.9172509007405925 -0.004948320357416278 -1.2242056532692476 -0.0022563437379350248 -0.5301546897086463 0.0003624886402292715 0.16515049068906176 0.002913056147449905 0.8619058847950686 0.0054182258162413415 1.5602468118576036 0.007907290345386623 
7	0.7	30.003	2	7	10	10	10	10	(74, 63, 10)	5.428680173648729	8.986822942950795	-3.8813433376785444 0.29929540021047357 -4.533868360652644 0.20293991271942813 -5.189888472678211 0.12210847876465945 -5.852522576728526 0.06245152640963393 -6.523437240203889 0.022255819691285532 -7.203500988959004 -0.004805603822486924 -7.893224874436694 -0.02648031695993692 
8	0.7	30.003	2	7	10	10	10	10	(35, 82, 198)	6.08236200164683	7.844234842153472	-2.839343876937135 -0.2970027154075407 -2.1904287345583917 -0.18932598729729863 -1.5396751303158447 -0.09861168797039255 -0.8835146132875398 -0.03193600722798396 -0.22005484894848543 0.01080459688127147 0.45168546326927633 0.03456950405892423 1.132370338693885 0.0466518368670977 1.8225301547079928 0.054181616299192124 
7	0.7	33.004	2	7	10	10	10	10	(74, 63, 10)	5.598207927113041	8.986822942950795	-3.916973436326396 0.664013886591773 -4.598447872500547 0.5052517691831295 -5.280609399848062 0.3498703792398047 -5.963872840905536 0.1995512860037198 -6.648264186061101 0.05425797290960926 -7.333510866069751 -0.08741920771613299 -8.019209534104972 -0.22751423623448122 
9	0.7	33.004	2	7	10	10	10	10	(35, 82, 198)	6.9919051427331524	7.844234842153472	-3.5573348770269058 -0.6687481642553301 -2.872014101366499 -0.529618534496009 -2.186076921233104 -0.3954369085420069 -1.4987389051853048 -0.27008422262996096 -0.809597738077021 -0.15565020676631153 -0.11864808073158199 -0.052102429109894995 0.5738223577208992 0.04251577651077242 1.2673844796323281 0.13140629557284253 1.961615415759583 0.21797774466708383 
8	0.7	36.001	2	7	10	10	10	10	(74, 63, 10)	6.299841890260092	8.986822942950795	-3.240966139663956 0.8492444878760321 -3.923640613755038 0.694442178577493 -4.60619726008292 0.5391013978412281 -5.288360080263973 0.3823205610662155 -5.970337425840728 0.2247045314733858 -6.65222884766839 0.06667727601109079 -7.334095572373504 -0.09150523021985159 -8.015967021314395 -0.24972260499864415 
10	0.7	36.001	2	7	10	10	10	10	(35, 82, 198)	7.698861201265693	7.844234842153472	-4.247156778732611 -0.8063854507800563 -3.5591347028980986 -0.6783406176762589 -2.870845887175042 -0.5518185078595343 -2.182089409102602 -0.4278799456005434 -1.4927727386122485 -0.3070312980327129 -0.8029047964856908 -0.1892393135517015 -0.11256980153185411 -0.07404295994408382 0.578106945547398 0.03927617980096948 1.2689923445086437 0.15150608220029918 1.9599739095313284 0.26332690431054917 
9	0.7	39.002	2	7	10	10	10	10	(74, 63, 10)	6.999997739951754	8.986822942950795	-2.561080166525969 1.0156265490222403 -3.2438260069240012 0.8611759035523651 -3.9264825641718595 0.7063381137284653 -4.608933157251612 0.550596825128979 -5.291082611397054 0.3935358696844484 -5.972893324055633 0.23499813421060262 -6.654399319609606 0.0751421522130452 -7.335694591890527 -0.08561544410663512 -8.016897317354937 -0.246758946440647 
5	0.7	39.002	3	7	10	10	10	10	(25, 153, 220)	4.132406877652275	8.142014001740367	-2.500249770908162 -0.47306830720154197 -3.161221863978459 -0.606698581964069 -3.8275206147919403 -0.740300501277294 -4.500140850489803 -0.874037512373459 -5.179665338409394 -1.0085696575692107 
6	0.7	39.002	3	7	10	10	10	10	(134, 25, 73)	4.807856525476208	8.140725667407583	-1.226519216484761 -0.3374247002010067 -0.5688017371152042 -0.19825674693778278 0.09256846628639183 -0.05979620046803713 0.7589951161643183 0.07788201099475807 1.4314541931616953 0.2153850146348469 2.1105278224233945 0.3535940061070958 
10	0.7	42.003	2	7	10	10	10	10	(74, 63, 10)	7.699999549861422	8.986822942950795	-1.879932693566924 1.177140731556111 -2.5620095386380553 1.019752169344359 -3.2440807905844937 0.8623394176229626 -3.9261385257701904 0.7048682651889778 -4.608175519713833 0.5473074142624975 -5.290187526747271 0.38963848200848733 -5.972174546551385 0.23186146333746882 -6.654140830998349 0.07399473228284563 -7.336093625393343 -0.08393041858423687 -8.01804082694731 -0.2418797659826431 
5	0.7	42.003	3	7	10	10	10	10	(25, 153, 220)	4.1982510881391875	8.142014001740367	-2.5848359232930918 -0.4483513927610947 -3.2676469797794905 -0.5994836132110196 -3.9506000449032412 -0.7505959856211107 -4.633721208818242 -0.9016932117253649 -5.31702302741927 -1.052803824472195 
6	0.7	42.003	3	7	10	10	10	10	(134, 25, 73)	4.897589836597385	8.140725667407583	-1.1907651440774385 -0.3609948561150767 -0.5079290645132383 -0.21024154584455526 0.17500451141454643 -0.05953111339063968 0.8580752836714816 0.09112862415628614 1.5413087032859325 0.2417611481487751 2.22471801841583 0.39240360775668387 
11	0.7	45.000	2	7	10	10	10	10	(74, 63, 10)	8.403297674942818	8.986822942950795	-1.2218216640294606 1.4379500332614996 -1.9077092330335903 1.2979906290304222 -2.5920547617917293 1.1511832825480106 -3.2729101068758335 0.9860597381491006 -3.950718657195512 0.8080596533135305 -4.626908152415243 0.624401146756144 -5.302822503335095 0.44038144133297685 -5.979320359457968 0.2591616632422384 -6.65669738531206 0.08175370738726116 -7.334783770500649 -0.09256788813535544 -8.013168522541289 -0.26543914459036666 
6	0.7	45.000	3	7	10	10	10	10	(25, 153, 220)	4.860109346066895	8.142014001740367	-2.352906703125151 -0.14846349545880558 -3.0037727883364456 -0.3726601004626285 -3.656255471300418 -0.5951284416062208 -4.311139898725047 -0.8169651515546286 -4.968705178648658 -1.0388726814423523 -5.629127703340304 -1.2614147598734913 
7	0.7	45.000	3	7	10	10	10	10	(134, 25, 73)	5.56388086155855	8.140725667407583	-1.4376688380170832 -1.0865701863368231 -0.8263461345273672 -0.7607713241223177 -0.20918239040319817 -0.447604619188283 0.4171404773901854 -0.1525528420451545 1.052743393509769 0.1250498203969668 1.6955644401421697 0.39052618652087756 2.3427284788137968 0.6511826443020259 
6	0.7	48.001	3	7	10	10	10	10	(25, 153, 220)	4.900099665536216	8.142014001740367	-2.364556380693965 -0.1379794040974146 -3.0258265683860737 -0.3676770008381952 -3.6871523168938487 -0.5972085034061451 -4.348549054383731 -0.8265223281577242 -5.01000024440915 -1.0556603538728886 -5.671472510757018 -1.2847146820668058 
8	0.7	48.001	3	7	10	10	10	10	(134, 25, 73)	6.300379933599057	8.140725667407583	-2.0273520756586394 -1.4954113460786385 -1.405292631144499 -1.1742400122267946 -0.7830887689277133 -0.8533488072792074 -0.16063626093451586 -0.5329546710366772 0.4621062569071322 -0.21314886680124426 1.0851088859186895 0.10611988629217327 1.7082854870480815 0.4250159959781722 2.331528637799428 0.7437478202628701 
6	0.7	48.001	3	7	10	10	10	10	(218, 56, 140)	4.875800096082143	8.549012278154454	-3.6805014931038254 1.0894888963466252 -2.9952186697897347 1.1899619678552908 -2.3090961385455047 1.2915987945010396 -1.621868383973475 1.3946962626929638 -0.9332528158642208 1.4990053961983978 -0.2430029216673669 1.604018729235822 
6	0.7	48.001	3	7	10	10	10	10	(215, 7, 7)	4.875233892851378	7.616603221325672	-4.942973638044909 0.5659106498756855 -5.608303428336888 0.3740871955532376 -6.274492858310122 0.18152988259775107 -6.941809885090106 -0.011956608702011755 -7.61052868209872 -0.20631473287924548 -8.280881678053206 -0.4013589881886618 
7	0.7	51.002	3	7	10	10	10	10	(25, 153, 220)	5.6049562992625575	8.142014001740367	-1.722760824878189 0.0871068756383089 -2.369281438327885 -0.18112746979666608 -3.017593628153055 -0.44481681212740304 -3.670748921676776 -0.6962189933713409 -4.3376342525908695 -0.9245072811395273 -5.006835654292187 -1.130626952367298 -5.678137214654912 -1.3295120311718949 
9	0.7	51.002	3	7	10	10	10	10	(134, 25, 73)	7.001553659778061	8.140725667407583	-2.596154975343372 -1.9245814520756084 -1.9813864087277189 -1.589911066160058 -1.3668427968982257 -1.2549219032437922 -0.7524145119461964 -0.9184157524128378 -0.1383387363532346 -0.5816629772708805 0.47590417273992325 -0.24531766852474163 1.0904069508373062 0.09041827540636452 1.7050917913405064 0.4256659660337613 2.319816810123458 0.7606724778598885 
7	0.7	51.002	3	7	10	10	10	10	(218, 56, 140)	5.55047921984138	8.549012278154454	-4.310358471575505 1.646813126388914 -3.6178200474175197 1.5569011371622234 -2.9313446675597876 1.492535215112177 -2.2446648713347948 1.4683818853711657 -1.5566327712621473 1.4846901581585137 -0.866546346948794 1.5303893433291098 -0.17333059383668967 1.5893010059349697 
7	0.7	51.002	3	7	10	10	10	10	(215, 7, 7)	5.486068949154971	7.616603221325672	-4.363059367260281 0.41056941660011154 -5.032650187825615 0.3188024403259117 -5.699684330171577 0.21747599267168707 -6.365487313875924 0.09915642133632106 -7.031762983549276 -0.03818137751128977 -7.700701333955923 -0.1907938037863027 -8.37471262781199 -0.3514304768072266 
8	0.7	54.003	3	7	10	10	10	10	(25, 153, 220)	6.262269317505552	8.142014001740367	-1.1070718696770248 0.30194522326180767 -1.746927053279724 0.03806856343915624 -2.3874946107850503 -0.2244930958144208 -3.0296474659248354 -0.4847272879155143 -3.674164322022268 -0.7415923361433111 -4.322371375201427 -0.9940702934566465 -4.97293293946077 -1.244285698850143 -5.625247094243714 -1.4940323946799068 
9	0.7	54.003	3	7	10	10	10	10	(134, 25, 73)	7.003764776231705	8.140725667407583	-2.5759371653091785 -1.9679865517880002 -1.95327348286127 -1.6482150319312963 -1.331865270679222 -1.3261217284919833 -0.7139941144417569 -0.9975542347492399 -0.10090799366303056 -0.6559861673530931 0.5060174638445193 -0.3054508556770974 1.109524955808592 0.050548947472409435 1.7112316897713278 0.40914690134672627 2.3122184340662857 0.7685011285549924 
7	0.7	54.003	3	7	10	10	10	10	(218, 56, 140)	5.605244452217185	8.549012278154454	-4.328022920819181 1.8453926315474165 -3.6294859683568768 1.7927956701480592 -2.930432070852653 1.7432591221329425 -2.230766826912961 1.6985329811890784 -1.5305393504873517 1.6583572790232546 -0.829961408412039 1.6199253615012654 -0.13142364332141965 1.5775881143085688 
7	0.7	54.003	3	7	10	10	10	10	(215, 7, 7)	5.592496984172728	7.616603221325672	-4.3570842259870926 0.4604627422171063 -5.042178131254624 0.3267649844247975 -5.727564557570813 0.19334340273779932 -6.413318327150421 0.060322797850123025 -7.099476576593445 -0.07232724338698789 -7.786046568418605 -0.2047437292156505 -8.473017551102075 -0.33710247011417777 
9	0.7	57.000	3	7	10	10	10	10	(25, 153, 220)	6.944325250890397	8.142014001740367	-0.4842157970778817 0.5312374737118363 -1.1115819348453662 0.26331601703752316 -1.7404160329889808 -0.009613255132396945 -2.372132059658779 -0.2849520755605102 -3.008565519023063 -0.557808471845138 -3.6535818321997957 -0.8219098571614097 -4.30316954793834 -1.079109548685194 -4.955398421178122 -1.3319756752599878 -5.608700408641577 -1.5830593231373573 
10	0.7	57.000	3	7	10	10	10	10	(134, 25, 73)	7.704171703544356	8.140725667407583	-3.180778301861857 -2.328838821454543 -2.559372069493256 -2.0070302039231094 -1.9375152924812065 -1.6865393333307563 -1.315136603751754 -1.3673968441792022 -0.6938521375860006 -1.046264928676129 -0.07702058905482513 -0.7144159886925187 0.5331771913080791 -0.3620558987645513 1.1320888254201862 0.0014909587343840834 1.7279731204287527 0.3692911963859192 2.323281048690679 0.7376625009527826 
8	0.7	57.000	3	7	10	10	10	10	(218, 56, 140)	6.3024935906210615	8.549012278154454	-5.010445523189295 2.04164722532857 -4.312611572038762 1.988924615660074 -3.6149123557541487 1.9367083414091257 -2.917446175719136 1.8853056383840057 -2.219503827789946 1.8440118887810784 -1.5207711608936154 1.8184621018201585 -0.8211617443250019 1.8076281462756274 -0.1155891741776423 1.8006759005527864 
8	0.7	57.000	3	7	10	10	10	10	(215, 7, 7)	6.2732208607635265	7.616603221325672	-3.733867264040558 0.5838958666038789 -4.414334259939559 0.4500236481611141 -5.095707830920165 0.31650798836695604 -5.77807713363392 0.18353265527825527 -6.461467509643102 0.05105712377016905 -7.145875023630343 -0.08109030818788002 -7.831286356289845 -0.21312483741515736 -8.517688343361947 -0.3452352790663422 
10	0.7	60.001	3	7	10	10	10	10	(25, 153, 220)	7.688285832974968	8.142014001740367	0.20530465225299552 0.7406886699011546 -0.42506262351123986 0.45859489304795387 -1.0616328677380718 0.17524351954308817 -1.701748213185876 -0.10575254099879985 -2.345214616893122 -0.38018139154489483 -2.995433936294038 -0.6434342810002768 -3.648692990684607 -0.8958160078209129 -4.304350339466918 -1.1416776009811302 -4.961186213833676 -1.3841298567553935 -5.618377585830164 -1.6253837248066607 
9	0.7	60.001	3	7	10	10	10	10	(218, 56, 140)	6.990263947283379	8.549012278154454	-5.705352294188799 2.072757189597755 -5.0050275349417035 2.076928145434156 -4.304380106766406 2.078988901839488 -3.603504452451126 2.0747024215449414 -2.902724051400449 2.0581424342762817 -2.2043987324242034 2.0231947089590325 -1.5068060543978863 1.9803632650259753 -0.8109169469482783 1.9414499335696696 -0.11915977075131062 1.9133008797414999 
9	0.7	60.001	3	7	10	10	10	10	(215, 7, 7)	6.956467094742214	7.616603221325672	-3.1133761145028727 0.7361085820128103 -3.7905163549631027 0.5973052564978448 -4.468363842549663 0.4586003417796592 -5.147149665930629 0.3202874630293619 -5.827069861052863 0.18257141266694754 -6.508258183711376 0.04549247120301027 -7.1907839575705 -0.09108129776350425 -7.874663647350363 -0.22740835052209615 -8.559881667998805 -0.3637840546514043 
5	0.7	60.001	4	7	10	10	10	10	(73, 117, 81)	4.194376567496315	8.401387750286908	-1.6214796877036126 -1.5676986734756617 -2.2493096099922303 -1.8723276559597608 -2.8772408092505906 -2.177827011305415 -3.505321904710307 -2.4842325975054234 -4.133750552673799 -2.7912293357956433 
6	0.7	60.001	4	7	10	10	10	10	(202, 210, 198)	4.893744723679951	10.940120844741566	-0.28526026829433626 -1.1893633232322378 0.2725253101659713 -0.7711015180036335 0.8287191406803772 -0.350596197064848 1.3794827466906483 0.08591567966065515 1.9214589723439748 0.5253926390394821 2.464251355928121 0.9654417854933381 
10	0.7	63.003	3	7	10	10	10	10	(218, 56, 140)	7.703495837102858	8.549012278154454	-6.409395827492246 2.053412500858944 -5.710073384409893 2.08865413274201 -5.010557530958848 2.1245285419472704 -4.310813941189579 2.16088493816771 -3.6107208533682487 2.195522530119577 -2.9101357604712694 2.2232144912394656 -2.2091839853250343 2.235208509314861 -1.509455035477657 2.2192713630192125 -0.810173626939488 2.1891571727285806 -0.11183675336771032 2.154679413259942 
6	0.7	63.003	4	7	10	10	10	10	(73, 117, 81)	4.79665503431619	8.401387750286908	-1.248095439174801 -1.3112693346055408 -1.8199632847493488 -1.642242289033733 -2.4098078073560467 -1.9616509316685167 -3.0168836224967 -2.270020148993608 -3.6367223532797013 -2.571099515765179 -4.26422972182637 -2.870195540320171 
7	0.7	63.003	4	7	10	10	10	10	(202, 210, 198)	5.56076743269705	10.940120844741566	-0.3486450605631191 -2.041451771039082 0.08440195632718173 -1.4937434876872921 0.5308534585554007 -0.9713282125125738 1.0048690233003055 -0.4729879402678767 1.5000481421698555 0.009132119572536379 2.0034189478802578 0.4938770459398022 2.504518663641405 0.9792526975066592 
5	0.7	63.003	4	7	10	10	10	10	(55, 12, 201)	4.121711547358424	7.506203778006923	-4.9143336090332 0.34066658815270096 -4.253559944393258 0.4985317973216622 -3.592062075425212 0.6544804998229621 -2.9289183261378864 0.8066911202552245 -2.2626057027868005 0.9536294533694648 
5	0.7	63.003	4	7	10	10	10	10	(52, 57, 9)	4.1552364432425115	7.063914613838744	-6.222160595057142 0.174804423280432 -6.884854036804732 0.010325632125689144 -7.551355944534079 -0.15412326237344512 -8.222168829952572 -0.3186414487577889 -8.897528662184 -0.48376979852465885 
5	0.7	63.003	4	7	10	10	10	10	(44, 153, 223)	4.006913715786126	6.852960617524551	-1.5054274373492786 -0.11480457090768553 -0.9487306219698963 0.15940791623855943 -0.3765553569373655 0.4532655893697718 0.2053643894697441 0.771689761797802 0.7944894715335155 1.1108523565987414 
6	0.7	63.003	4	7	10	10	10	10	(231, 218, 73)	4.740698471408873	8.03363090454446	-2.49106189266402 -0.4912636768264359 -3.0792972899900253 -0.7185935366906346 -3.6906437270042267 -0.9505172724098451 -4.322325015878948 -1.1848298395554102 -4.967986266951536 -1.4203762350149607 -5.621614179090637 -1.6571175114390717 
11	0.7	66.004	3	7	10	10	10	10	(218, 56, 140)	8.398123005736961	8.549012278154454	-7.107943527578686 2.01977475884075 -6.40948004685116 2.0652885199954736 -5.711046162776361 2.1104577394855997 -5.012594424059974 2.154634875828771 -4.314060551905587 2.1969017744876327 -3.6153712248058696 2.2361071980921863 -2.9164546075746927 2.2709005287594 -2.2172537297943586 2.299746155359676 -1.5179307362978927 2.3208810020214687 -0.818384391200993 2.3377223409846413 -0.11868192868175147 2.3529816754981483 
6	0.7	66.004	4	7	10	10	10	10	(73, 117, 81)	4.891918498478423	8.401387750286908	-1.2424721888359844 -1.4636425080314694 -1.8731835154111367 -1.761153975253621 -2.504687272713477 -2.0582721336227463 -3.136608419807068 -2.3555586617161812 -3.7689127812595706 -2.6532321712829945 -4.40166342134152 -2.9512593433214658 
7	0.7	66.004	4	7	10	10	10	10	(202, 210, 198)	5.599200256035028	10.940120844741566	-0.1113927890714014 -2.2664618980368014 0.3172042391614155 -1.7132075330617795 0.747378294114032 -1.1611971446860712 1.17981058914996 -0.6109543112624591 1.6143886415941473 -0.06238420470572209 2.0504237101514167 0.4850641680841678 2.486995357787661 1.032198767729476 
5	0.7	66.004	4	7	10	10	10	10	(55, 12, 201)	4.187578754190911	7.506203778006923	-4.956430185658155 0.3798504626598201 -4.273090794903167 0.5170715541792149 -3.589759732396061 0.6536831734847249 -2.9062120921800436 0.7889134521308013 -2.222089583239723 0.922008197278932 
5	0.7	66.004	4	7	10	10	10	10	(52, 57, 9)	4.194029374010537	7.063914613838744	-6.33271887320946 0.19541544326717428 -7.006056763336288 0.012764561062884896 -7.679946121272549 -0.16987906702221864 -8.354429871541047 -0.35252513291138843 -9.02951717213151 -0.5352546150373664 
5	0.7	66.004	4	7	10	10	10	10	(44, 153, 223)	4.194279552658063	6.852960617524551	-1.2611952212740773 -0.07677792698432999 -0.6808036623862117 0.3108150618578329 -0.10000283798611294 0.6984731185757227 0.48122994479706904 1.0863379832797266 1.0628833627006489 1.4745624051759492 
6	0.7	66.004	4	7	10	10	10	10	(231, 218, 73)	4.897271660684607	8.03363090454446	-2.5754502864450664 -0.5594863870777778 -3.233593186231772 -0.7957965946447959 -3.891598496170916 -1.032524152212615 -4.549508614617128 -1.2697901375471647 -5.2074323936211435 -1.507498636378007 -5.865493088078216 -1.7454538503699928 
7	0.7	69.001	4	7	10	10	10	10	(73, 117, 81)	5.565487765518753	8.401387750286908	-0.6952778204346752 -1.17719407216751 -1.3130247484245101 -1.4870612986196443 -1.9330269455749198 -1.7961951153145215 -2.555697276020557 -2.0998416488358354 -3.1812717125217267 -2.40140413461236 -3.8090574452723027 -2.702485424608644 -4.43869784200291 -3.003988884089671 
8	0.7	69.001	4	7	10	10	10	10	(202, 210, 198)	6.302190105840856	10.940120844741566	-0.39649787566571704 -2.9250593858699614 0.02966328375952603 -2.368979463615475 0.4524104939364031 -1.8090682070534236 0.8629178069527559 -1.2431485943827334 1.2708785447447961 -0.6747693089656881 1.681281331279368 -0.10765007159240429 2.096287507740362 0.4565821634914768 2.515203029775336 1.018378742782174 
6	0.7	69.001	4	7	10	10	10	10	(55, 12, 201)	4.878519567962979	7.506203778006923	-5.379663189692082 -0.25908542848977745 -4.739599020439864 0.01802258842545654 -4.097747471719013 0.28881937683281184 -3.4537481572052897 0.55186245328721 -2.807837982399791 0.8078062552786127 -2.1608707180020965 1.0589070275054908 
6	0.7	69.001	4	7	10	10	10	10	(52, 57, 9)	4.870493697304701	7.063914613838744	-6.072196481788761 0.8747928687145705 -6.675116897772967 0.5378375254813569 -7.279961649932457 0.20128038464395312 -7.887116967369786 -0.1346854003940816 -8.49658199407137 -0.47044821045516816 -9.108132904694198 -0.8066755109420066 
6	0.7	69.001	4	7	10	10	10	10	(44, 153, 223)	4.6407553472718845	6.852960617524551	-1.3934843453219588 -0.0658440215586035 -0.8746401172490952 0.2666869155265365 -0.3429621964102242 0.6072134182468679 0.20226429557465064 0.957207465129389 0.7599363604580208 1.3182764116434174 1.3287529736290031 1.6924760959633975 
7	0.7	69.001	4	7	10	10	10	10	(231, 218, 73)	5.321212617878189	8.03363090454446	-2.3164128013441347 -0.48976301895993973 -2.8868530865116115 -0.7212811676585328 -3.471614829723898 -0.9563737456024501 -4.072799900127925 -1.1936539960856813 -4.691170732187711 -1.4304558898678639 -5.326767219373419 -1.6651264086296043 -5.9743483604684915 -1.901342543160142 
6	0.7	69.001	4	7	10	10	10	10	(83, 206, 40)	4.851250021915835	9.256114959758097	-4.622559958425793 2.201455816614372 -5.306894817088324 2.20312306824721 -5.9933105485896 2.1994502309141586 -6.68348848643717 2.181924968609003 -7.376482003677376 2.157316311523336 -8.072611835369194 2.1302233258453387 
6	0.7	69.001	4	7	10	10	10	10	(250, 239, 14)	4.845217824996004	8.841467914748502	-3.2960836140682686 2.308402596508551 -2.6137969555704474 2.358794203841645 -1.927777470156908 2.406436447499385 -1.2409998701950506 2.4506692521049747 -0.5514490025830228 2.4960150581632035 0.14106523055527306 2.543789463467016 
8	0.7	72.002	4	7	10	10	10	10	(73, 117, 81)	6.257129083453879	8.401387750286908	-0.1530942318080687 -0.8787404795402859 -0.7370920941256277 -1.2245356520191386 -1.3441695912979847 -1.5517540154066172 -1.9684389328075358 -1.8576722830786336 -2.599170282495421 -2.1550140150109125 -3.2309255891001416 -2.4521447087977086 -3.862545630472948 -2.751023473464023 -4.494371997130263 -3.050896774723189 
9	0.7	72.002	4	7	10	10	10	10	(202, 210, 198)	6.998262257313822	10.940120844741566	-0.7482591621971533 -3.5222716895755743 -0.3195080389380314 -2.969517666907838 0.11267440628848803 -2.4209682503968106 0.5455369575111993 -1.8750486411413039 0.9712313468171971 -1.3059753002508026 1.372104600273006 -0.7361658866682937 1.776826826213052 -0.16766445292455673 2.189983409904441 0.3961312314967137 2.6078903240928 0.9570363457073099 
6	0.7	72.002	4	7	10	10	10	10	(55, 12, 201)	4.897660334168	7.506203778006923	-5.380909578289673 -0.28104065981650606 -4.737393462121079 -0.007061101186491882 -4.093515932370038 0.2660886070882496 -3.4491216724328204 0.5382228639917015 -2.8042124298697706 0.809387678632519 -2.158899543051543 1.0799256256124552 
6	0.7	72.002	4	7	10	10	10	10	(52, 57, 9)	4.8954248517199215	7.063914613838744	-6.123533972954556 0.8925283541408875 -6.7287107398696655 0.54360787084609 -7.334186328099415 0.19474810393289807 -7.940017874166439 -0.15402957991899008 -8.546202690927583 -0.5027904071304007 -9.152706533911251 -0.8516352427131804 
6	0.7	72.002	4	7	10	10	10	10	(44, 153, 223)	4.758585885155844	6.852960617524551	-1.1005143392522414 0.11581020938030262 -0.5878020175024143 0.46538028459782105 -0.039415357693221846 0.8367476843778185 0.5284420121372049 1.2191434111454897 1.1039203130785604 1.606561087985369 1.6818043870309747 1.9969670881676924 
8	0.7	72.002	4	7	10	10	10	10	(231, 218, 73)	6.168744418958877	8.03363090454446	-1.8746534164587578 -0.3036782587856596 -2.454112311567369 -0.5482495335042353 -3.0712531056866896 -0.8097664412429639 -3.7040447397912604 -1.0781178176869506 -4.342224820359846 -1.3475867553158707 -4.983173392912123 -1.6159670084973634 -5.62641751833259 -1.8828287849194982 -6.271630715007898 -2.1495516507869445 
6	0.7	72.002	4	7	10	10	10	10	(83, 206, 40)	4.893936903005661	9.256114959758097	-4.667349273659139 2.3326968107134154 -5.364869403136412 2.3066277883232638 -6.062636083224408 2.279849187463416 -6.760885502468218 2.2510518215159605 -7.459459764261171 2.221277495563186 -8.158409869998053 2.1911766356557387 
6	0.7	72.002	4	7	10	10	10	10	(250, 239, 14)	4.892204077691668	8.841467914748502	-3.2763257761576194 2.345393644817973 -2.5814401673885103 2.409834421782809 -1.8861483479515793 2.474008424571312 -1.190691582630888 2.538495267834027 -0.4950478077930034 2.6036082656304638 0.20082549848407827 2.669278939179329 
8	0.7	75.003	4	7	10	10	10	10	(73, 117, 81)	6.277489198830429	8.401387750286908	-0.19134713270017525 -0.8904006073291728 -0.789226245928507 -1.245300577902472 -1.3917800416665758 -1.589547600771766 -2.0046736327265835 -1.9197572206115383 -2.6242159161750833 -2.238816291047415 -3.248354591957086 -2.5504513599464254 -3.875330710664778 -2.8581034070520284 -4.50380162967143 -3.1645150716456585 
10	0.7	75.003	4	7	10	10	10	10	(202, 210, 198)	7.704220596239217	10.940120844741566	-1.1317764261208225 -4.110209589847588 -0.6789927198038542 -3.576229462929954 -0.227761828530325 -3.0408178031269983 0.2187484336948502 -2.501411484878142 0.6558600899252904 -1.9544410533468255 1.0788613798003437 -1.3936571953240326 1.4853053670216443 -0.8233255253361936 1.8821627681767232 -0.24627738478927486 2.2740022478438413 0.33409010631755 2.6640639010776415 0.915503836357757 
7	0.7	75.003	4	7	10	10	10	10	(55, 12, 201)	5.575008512982587	7.506203778006923	-6.053329661773734 -0.6237214097256083 -5.41107066713432 -0.34896048344140873 -4.7691581168688995 -0.07635553423652805 -4.127150940341767 0.19291490667923672 -3.4844913370604966 0.45772289678783645 -2.8406299578532432 0.7172200105351777 -2.1955479415770567 0.972048438923602 
7	0.7	75.003	4	7	10	10	10	10	(52, 57, 9)	5.599923936401455	7.063914613838744	-5.538747342876162 1.2582058072706415 -6.148176007685501 0.9138077163737134 -6.757119500916922 0.5685395921965707 -7.364620591339698 0.22085072058182034 -7.9714088139877735 -0.12809878523069093 -8.577903244319028 -0.4775768842411621 -9.184325600762946 -0.8272003604663992 
7	0.7	75.003	4	7	10	10	10	10	(44, 153, 223)	5.4393595657486795	6.852960617524551	-1.1728870254040962 0.07466237352614825 -0.6318276109565307 0.44882634007646577 -0.08611539703610344 0.8247003870737026 0.4656320318482868 1.2023196660164848 1.0242780976068453 1.5821531161484175 1.5901702537615003 1.9650458316792874 2.163277527866148 2.3519753274845066 
8	0.7	75.003	4	7	10	10	10	10	(231, 218, 73)	6.106410620725708	8.03363090454446	-2.243183193082992 -0.5308591576017195 -2.8496240425316226 -0.7835168526697623 -3.459473716806936 -1.0367494518968776 -4.073706970651584 -1.291219256965149 -4.693323327397106 -1.5473012707119753 -5.319466659538625 -1.804840670130233 -5.953204942559162 -2.0637360844083634 -6.594176371375014 -2.3250158870188304 
7	0.7	75.003	4	7	10	10	10	10	(83, 206, 40)	5.599546835162549	9.256114959758097	-4.24236415202372 3.1963937558830184 -4.904451642000157 2.9693455535804674 -5.567565941827231 2.745421297933335 -6.232131533518018 2.5258716211700727 -6.8980591477494375 2.310435650546035 -7.564930225076028 2.0978412520081555 -8.232219272827594 1.8864591010460643 
7	0.7	75.003	4	7	10	10	10	10	(250, 239, 14)	5.5978247976958215	8.841467914748502	-3.788154531832011 1.8955730382027407 -3.1178313650884024 2.097113997622253 -2.445383238397967 2.2919019377286216 -1.7698520584245385 2.4717677302985845 -1.091568013684385 2.6420705744575352 -0.4117485583506051 2.8071433301048625 0.2687456507717465 2.9703403720114467 
9	0.7	78.004	4	7	10	10	10	10	(73, 117, 81)	6.9831037449924604	8.401387750286908	0.28963288052282526 -0.42661294354286444 -0.26754638400034875 -0.8455258989291694 -0.8322989000617995 -1.2541628562932123 -1.4141026455454007 -1.641991026001558 -2.0137796309931497 -1.996195711964803 -2.6262072968635493 -2.3295892110372702 -3.2459678327759955 -2.6506420674671167 -3.869590848570516 -2.9655995580840337 -4.494912160928373 -3.2786734986458943 
11	0.7	78.004	4	7	10	10	10	10	(202, 210, 198)	8.404260740024409	10.940120844741566	-1.5600452780514846 -4.657985243307036 -1.0936575641584816 -4.1358396300745435 -0.6283439292701717 -3.6126124062432767 -0.16619702261278585 -3.08651642701531 0.28993990883811827 -2.555215017184797 0.7366609909201514 -2.016086329561714 1.1701609211812645 -1.466486434087042 1.5875878343603704 -0.902238868059062 1.990059906441286 -0.32872398514692575 2.384345973478875 0.2502907707504713 2.775464492632791 0.831165102792396 
8	0.7	78.004	4	7	10	10	10	10	(55, 12, 201)	6.252400268003388	7.506203778006923	-6.7209307304376 -0.9288997572746708 -6.07919269327679 -0.6528774803334516 -5.4376274946284875 -0.3781876760250517 -4.7968251728382985 -0.10428003337855446 -4.158622529156273 0.171251621936774 -3.525718039140276 0.4519235533571219 -2.90033838707716 0.7393543633841928 -2.2826283585866185 1.0314152539215902 
8	0.7	78.004	4	7	10	10	10	10	(52, 57, 9)	6.11101385651696	7.063914613838744	-5.313477480916887 1.5245654219299825 -5.876203354435324 1.185053722817905 -6.442552238289891 0.8440880630805527 -7.013304410822236 0.5009736081670526 -7.588744717870925 0.15446001974389725 -8.16839856860576 -0.19688991362845526 -8.753572217772922 -0.5527746325769142 -9.344934912693677 -0.9128309981588936 
8	0.7	78.004	4	7	10	10	10	10	(44, 153, 223)	5.997247545139533	6.852960617524551	-1.3478294596237923 0.24270344231844865 -0.8285815816689508 0.547322319244178 -0.28809780427845477 0.8628734954432167 0.27149402898659203 1.1888160654759272 0.8455387096063387 1.5239542535856598 1.4295749105675961 1.8667257885389978 2.0207155464581303 2.215427587959108 2.617689820923762 2.5684783498660013 
9	0.7	78.004	4	7	10	10	10	10	(231, 218, 73)	6.701033650326927	8.03363090454446	-1.9735524014519024 -0.4845026290337349 -2.5494143489515513 -0.6962669739071975 -3.139743765883194 -0.9233378702039367 -3.742124709654023 -1.1680873925681634 -4.353974758131209 -1.4269791017210551 -4.973684876531899 -1.6938219432047001 -5.6004485620002376 -1.9638435562405765 -6.2336842051105545 -2.2348075316884546 -6.87274969416884 -2.506584706936211 
8	0.7	78.004	4	7	10	10	10	10	(83, 206, 40)	6.301024895510404	9.256114959758097	-3.607706608571953 3.511528108574318 -4.272833518989309 3.293796447533066 -4.937110930173362 3.073982294452866 -5.599187058629484 2.848240578140943 -6.258514710639174 2.6109004953745796 -6.915227500926455 2.3668410699774443 -7.5704828236435855 2.1194198195200906 -8.225109138627277 1.8709118654327994 
8	0.7	78.004	4	7	10	10	10	10	(250, 239, 14)	6.119212658853392	8.841467914748502	-4.127176134018812 1.8316634472236455 -3.4982291201315654 2.026978349913101 -2.864668271715306 2.218405933780503 -2.2197364068642362 2.3983039389688767 -1.56925646540014 2.568993364203823 -0.9119031483921033 2.737739739389096 -0.24788416086086884 2.907770894019904 0.4230059052867493 3.0799168468346982 
10	0.7	81.001	4	7	10	10	10	10	(73, 117, 81)	7.692687024160165	8.401387750286908	0.7770536834691968 0.01876391545742553 0.27991869214816273 -0.4733735397746931 -0.2311583724536921 -0.9504942050169165 -0.7691147037300581 -1.3962235719933995 -1.3428444859397854 -1.79257632881445 -1.9434527804146156 -2.1492990399096277 -2.561813471708369 -2.4761404068059045 -3.190775598169042 -2.7831852520563207 -3.82505751117486 -3.079491515324314 -4.461112253048181 -3.371949533603872 
12	0.7	81.001	4	7	10	10	10	10	(202, 210, 198)	9.102897713311265	10.940120844741566	-2.011261133407284 -5.1915101826707195 -1.5434509178919005 -4.670733803014432 -1.0757481548817198 -4.1498169933736655 -0.6085568978275514 -3.628415344637541 -0.14268463922171842 -3.105838931419579 0.32053091623055324 -2.5809572568756125 0.7790921990945044 -2.0521259627417763 1.230185091320909 -1.517134203791374 1.6699546846971332 -0.9731709401849985 2.0949993761685217 -0.41439758698400975 2.5090063662580375 0.15106398416745595 2.919049981645919 0.7189349895424066 
9	0.7	81.001	4	7	10	10	10	10	(55, 12, 201)	6.88159861246764	7.506203778006923	-7.4284851177686475 -1.3089920036294649 -6.800402289806188 -1.0101800700420425 -6.17498695152699 -0.7140669648579036 -5.552139804531109 -0.4195852989394747 -4.932268483932659 -0.12552769182486093 -4.315683284176164 0.16907853280125124 -3.7023655915245337 0.46457914628550545 -3.091936077605216 0.7607180634626818 -2.4839459938066177 1.0572093839191752 
9	0.7	81.001	4	7	10	10	10	10	(52, 57, 9)	6.575651818312664	7.063914613838744	-5.303754159026278 1.7931356960659428 -5.7900250290191115 1.4155732072314857 -6.287194917661704 1.044481627993906 -6.8010517992663075 0.6835160586495499 -7.333541356062969 0.3323969076837677 -7.883399695330632 -0.01273068575314767 -8.448353353275953 -0.35911662050391935 -9.025307259672289 -0.7088026980554201 -9.61374837532575 -1.063894905173428 
8	0.7	81.001	4	7	10	10	10	10	(44, 153, 223)	6.123220531457548	6.852960617524551	-1.2120392953417798 0.8786624821174632 -0.5899649248535894 1.0971849775086848 0.032493517103606095 1.3263273634027635 0.6539557805742572 1.571354899211406 1.2744081851108824 1.8334459316019454 1.8950828978152496 2.1104679855112507 2.5180875348710403 2.398255922724868 3.145731505534853 2.6922172210511244 
10	0.7	81.001	4	7	10	10	10	10	(231, 218, 73)	7.523180194059687	8.03363090454446	-1.4928807108835267 -0.3513630095464899 -2.121131779033944 -0.5889522358853718 -2.749446969256341 -0.8266883397063006 -3.378067693651627 -1.0666942238636192 -4.006921399862497 -1.311739852020583 -4.635905980721119 -1.5643698378193338 -5.265124743248563 -1.8262290687368656 -5.895076619389832 -2.097606563611416 -6.5267920934835475 -2.3771836909122834 -7.161728180966691 -2.6618657536520938 
9	0.7	81.001	4	7	10	10	10	10	(83, 206, 40)	7.00744800117414	9.256114959758097	-2.9684698056865364 3.8232074996481638 -3.640103603104606 3.6248820606840355 -4.31156299890782 3.4248980164575658 -4.9812494067156035 3.2182768940074156 -5.6454831794949145 2.9951194411950297 -6.300328945890685 2.7385848534074864 -6.944824419728865 2.4634008024855274 -7.585648630200359 2.1802408270055227 -8.225274109490552 1.895114549797545 
9	0.7	81.001	4	7	10	10	10	10	(250, 239, 14)	6.582856972590079	8.841467914748502	-4.290053346464884 1.7443057233305888 -3.7288245538072564 1.9981204511337367 -3.1542842719347477 2.2321282252750594 -2.5578229951115548 2.4347603347599875 -1.942148315166945 2.606480039775363 -1.3086096781426713 2.7561770003337145 -0.6596908987006304 2.893058072842317 0.0028073402176216435 3.0248753582238637 0.6778013192630916 3.1567355346419212 
14	0.7	84.002	4	7	10	10	10	10	(202, 210, 198)	10.522984569530136	10.940120844741566	-2.9865680550632336 -6.197021947466843 -2.500273097562378 -5.693225434774196 -2.0127327316355617 -5.190308838985566 -1.522667203324964 -4.689452118939544 -1.0294825939362466 -4.191137757098899 -0.5340082820390621 -3.694418248281279 -0.03904614376243945 -3.1964127661248165 0.45027507315462917 -2.692163092219877 0.927760472771847 -2.173328292369985 1.386320938992992 -1.6402028330688165 1.827876059236228 -1.0939252405519109 2.2560452308275942 -0.5377039869029392 2.6747487696808214 0.02489327337989613 3.087700635273452 0.590306253827419 
10	0.7	84.002	4	7	10	10	10	10	(55, 12, 201)	7.481714274323547	7.506203778006923	-8.230473198030792 -1.7975584552097932 -7.6201833724056565 -1.4659068061193383 -7.011560705119407 -1.1422840428006074 -6.402163019467323 -0.831961408985325 -5.790524887426027 -0.5385527061981971 -5.176027014110726 -0.2623600551913866 -4.560419227062087 0.004545776103630167 -3.9503631525447074 0.2863564574006794 -3.3633443867884183 0.5935464356542403 -2.7915323624791264 0.9157716398906525 
9	0.7	84.002	4	7	10	10	10	10	(44, 153, 223)	6.775176658022531	6.852960617524551	-1.6157142614214288 1.0343902401737721 -1.0038711526692672 1.2630688133731567 -0.38479466574167925 1.480491900769713 0.2426030170343059 1.6915628041573878 0.8776586199536341 1.8984030262367455 1.5209723307481713 2.101713344275381 2.170523204453478 2.305406239040716 2.8261853199427414 2.510791578510052 3.4879519041755076 2.718216517379303 
10	0.7	84.002	4	7	10	10	10	10	(83, 206, 40)	7.753929501270326	9.256114959758097	-2.323776071840998 4.085567946607839 -3.0140211310969143 3.9648590529454806 -3.705567066325814 3.8452691399762275 -4.397886913599431 3.7206963087398015 -5.086133364070938 3.570526727699409 -5.773055493588089 3.3504212732411185 -6.419620851536385 3.0599894255377342 -7.044530422130321 2.7299967345668037 -7.659006455733385 2.3853371088092765 -8.26928736357075 2.038052894931628 
10	0.7	84.002	4	7	10	10	10	10	(250, 239, 14)	7.436792790632126	8.841467914748502	-4.60714794744136 1.3344386612955972 -4.05513517889661 1.713711844838388 -3.497752385733266 2.057871329502893 -2.9128830257487004 2.3532318793026943 -2.300888044246533 2.5981074533102735 -1.6662509163010957 2.79858086871354 -1.014744181514025 2.9662076385629152 -0.3513021520094394 3.114259142517644 0.3207949797329982 3.2540678782373544 0.9998353389615051 3.3927861073011694 
5	0.7	84.002	5	7	10	10	10	10	(181, 227, 167)	4.124912322736449	7.331430403834547	-3.113198005321122 -1.2665262670709347 -2.5102705773194423 -0.9517814600490003 -1.9065040560781845 -0.638160914380677 -1.301739096191381 -0.32430455514933376 -0.6958809494888972 -0.008862171203996317 
6	0.7	84.002	5	7	10	10	10	10	(87, 27, 147)	4.850893873407992	9.88843494652303	-4.425373669710205 -1.3862010229270363 -5.034748730479698 -1.6974753419175193 -5.646297372216453 -2.010888483132928 -6.258974571580685 -2.328213618135834 -6.872971172055112 -2.649702252699373 -7.489012643142677 -2.9744373654433245 
5	0.7	84.002	5	7	10	10	10	10	(172, 4, 113)	4.173531234614325	9.238729837515399	-0.2717885277768274 -1.5312429009782464 0.16653827975013472 -0.9985693520080718 0.5987605398158409 -0.4544516052456996 1.0234918930734263 0.09396119627739731 1.4475099411006789 0.6448156384232058 
6	0.7	84.002	5	7	10	10	10	10	(210, 161, 138)	4.867249567285333	8.770735037255447	-1.546462947863478 -1.9929782513831018 -2.1644100965052737 -2.3008212108098243 -2.784542028398354 -2.607244586691405 -3.4072336324438126 -2.9107228905538824 -4.032708003229308 -3.213714871845969 -4.660595538158479 -3.517361863289287 
5	0.7	84.002	5	7	10	10	10	10	(17, 190, 195)	3.9376702029089596	8.0780179596319	-6.8994246117336715 0.5351946853035638 -6.494320552690519 1.0202138803992638 -6.078153297411776 1.4912366280558793 -5.6424533449789385 1.945021989008983 -5.1721895831847835 2.39098683832501 
5	0.7	84.002	5	7	10	10	10	10	(143, 90, 19)	4.045106447316538	7.9636549408953705	-7.953692656870996 0.17049037538475598 -8.451831216064942 -0.23329455894396095 -8.96318299833663 -0.6390119700257837 -9.488783596538779 -1.0507508466096918 -10.02847022916027 -1.4700782775370833 
11	0.7	87.003	4	7	10	10	10	10	(83, 206, 40)	8.41750542652635	9.256114959758097	-1.7100816394426104 4.3792479968708875 -2.404718782749511 4.28742078053362 -3.099474452144061 4.191683602340146 -3.79309330584515 4.084754558455254 -4.483258657464909 3.956362682403093 -5.165950625708571 3.793927650864389 -5.8356064221008435 3.5831263177719177 -6.4827309276555125 3.3114108467222714 -7.1130841230624995 3.0011293003211597 -7.73281656685048 2.6708983161532736 -8.347838717818329 2.334057917473246 
11	0.7	87.003	4	7	10	10	10	10	(250, 239, 14)	8.281460461562407	8.841467914748502	-5.142170020854954 0.9017419677403833 -4.585966503966317 1.2988844623914795 -4.019046776942808 1.677734006928211 -3.4324923555480464 2.027809927205065 -2.826843662743413 2.343264945823764 -2.204547997528259 2.6301290244596154 -1.5693506604388323 2.8933997279420556 -0.9239739912782393 3.137189340849794 -0.26996645720651596 3.363516527035139 0.39554531718972963 3.5719900071584134 1.06429279534525 3.7720652217220665 
5	0.7	87.003	5	7	10	10	10	10	(181, 227, 167)	4.032620605737472	7.331430403834547	-2.83975875880582 -1.301101454084563 -2.278701705320819 -0.9926098217140328 -1.7046188595890732 -0.6844565340769625 -1.117711545942109 -0.3721460195926265 -0.5258603267388012 -0.045603710177013264 
7	0.7	87.003	5	7	10	10	10	10	(87, 27, 147)	5.407048765185499	9.88843494652303	-3.9347963540626276 -1.4465236565869959 -4.508907676030175 -1.728478906012159 -5.100359743418087 -2.001882398345802 -5.713043827691031 -2.2615816462231724 -6.338591852412418 -2.51541021897666 -6.973108707948313 -2.770628457019095 -7.614093606488834 -3.029788512241767 
5	0.7	87.003	5	7	10	10	10	10	(172, 4, 113)	4.0622360469395495	9.238729837515399	0.015088389194327182 -1.662022367857271 0.35463296436628533 -1.1073464474735895 0.7128703620860672 -0.5500398409060216 1.0839139272926672 0.008165323539074391 1.46599468877286 0.5695819891894279 
7	0.7	87.003	5	7	10	10	10	10	(210, 161, 138)	5.448738650760337	8.770735037255447	-1.0302959433670422 -1.8685849842156532 -1.5967098364982757 -2.1593650091205254 -2.1870164214759105 -2.4469043017536416 -2.802485195914457 -2.725087492334155 -3.432552907360167 -3.000125863676642 -4.069947795245678 -3.2758616042171647 -4.710579528755433 -3.5531171192743654 
5	0.7	87.003	5	7	10	10	10	10	(17, 190, 195)	4.136133377151996	8.0780179596319	-7.177838847873788 0.3512401848053955 -6.760157225711614 0.8912435936882007 -6.331491138296899 1.4220740757292796 -5.87281892856714 1.9359681570499285 -5.39501482319463 2.423077727566762 
5	0.7	87.003	5	7	10	10	10	10	(143, 90, 19)	4.182354100680001	7.9636549408953705	-8.499115802729737 0.4714449336990939 -8.93565209235372 -0.06567220347483863 -9.379686776002236 -0.5995689187373233 -9.832619444414057 -1.1290079760752059 -10.29206863565592 -1.6558681656931913 
5	0.7	87.003	5	7	10	10	10	10	(103, 245, 153)	4.051586643903995	7.117784891513735	0.35143630018455324 2.191513086694019 -0.2081095639737892 1.820693506492257 -0.7609909639735322 1.4504491584141288 -1.3060557363255012 1.07836957853155 -1.8428781212288246 0.703134612659802 
5	0.7	87.003	5	7	10	10	10	10	(168, 27, 142)	4.1429278471969475	8.178919681035271	1.6130832642386874 1.8990533055023138 2.231978592439942 2.1738307863582484 2.85664723943278 2.4497653826607726 3.4871200007818017 2.726642184774055 4.123137666917192 3.0050596032034713 
7	0.7	87.003	5	7	10	10	10	10	(82, 199, 53)	5.513714341613696	8.123919888621947	-0.7004617610021038 -3.914930877784724 -1.1847213640473373 -4.3897320861323115 -1.672468311311644 -4.86365889549089 -2.1651366672868964 -5.3365952650592785 -2.6630052976301912 -5.809315015861495 -3.1656321780542256 -6.283080110260449 -3.672290790214467 -6.759198277609002 
8	0.7	87.003	5	7	10	10	10	10	(144, 104, 224)	6.200570993224556	11.417168594382659	0.43374760814535335 -3.2657667803909267 0.8330322269574834 -2.718239543745667 1.2311760877451414 -2.1636126655510868 1.62060031590948 -1.6037874426919851 2.0082881771293466 -1.0406503510092033 2.4003484654394875 -0.47629116347158496 2.7987846119293476 0.08894042950040472 3.2017704222508034 0.6561875442871069 
5	0.7	87.003	5	7	10	10	10	10	(171, 214, 57)	4.060616845266407	7.233758385494003	-6.907615518754562 -0.9732821719592555 -7.452058800308693 -1.3264630230191228 -8.007400305691808 -1.6808090329786771 -8.574269758555323 -2.0387832872934637 -9.150462121236949 -2.4044963119521134 
6	0.7	87.003	5	7	10	10	10	10	(163, 51, 37)	4.601572337759809	9.53445676519365	-5.757863922244184 -0.8710777959541194 -5.190856212364042 -0.5772098513756273 -4.627222740775103 -0.2798100602125546 -4.073012542618775 0.03975470503897922 -3.5325260158987293 0.3842416309609914 -2.9981751296586263 0.7454392524759549 
12	0.7	90.000	4	7	10	10	10	10	(83, 206, 40)	9.080029821280432	9.256114959758097	-1.0577689500930525 4.623530809840813 -1.7479563996818945 4.506745447594109 -2.438173623159527 4.3891629441776745 -3.1278481554012987 4.267891065320146 -3.815912835185139 4.1381238186108575 -4.500717505674145 3.993575921013504 -5.179884653746587 3.8270110201921206 -5.8510507691281255 3.6303633364576378 -6.507534215238188 3.3985969098323228 -7.156251466986112 3.147200314440637 -7.8012810989152985 2.88881597465662 -8.445512442376735 2.6305412908589823 
6	0.7	90.000	5	7	10	10	10	10	(181, 227, 167)	4.808553528424208	7.331430403834547	-2.999206871367275 -1.3650866618071662 -2.4126570272796113 -1.0307613034824992 -1.824362227266149 -0.6947030777586217 -1.2355512036257084 -0.3535948798636013 -0.6473532636638509 -0.0017343224276862115 -0.05886379896771806 0.3585384727499084 
7	0.7	90.000	5	7	10	10	10	10	(87, 27, 147)	5.50122995571102	9.88843494652303	-4.220984470484821 -1.7876498183460232 -4.833394675379821 -2.0731118087283 -5.451860091085892 -2.3508628551897353 -6.079186912719461 -2.6142077601189726 -6.712826274538759 -2.8731878295106856 -7.3507264797240355 -3.133539402350343 -7.992347500979591 -3.39729880127063 
6	0.7	90.000	5	7	10	10	10	10	(172, 4, 113)	4.742878847797337	9.238729837515399	0.06460125587316604 -2.3160019770388347 0.3576175734181273 -1.7305130863993035 0.658723965892044 -1.1422999808815941 0.9689188540692484 -0.5508081553626554 1.2854338427405965 0.047489620677022996 1.6050663839977013 0.6506315722837929 
7	0.7	90.000	5	7	10	10	10	10	(210, 161, 138)	5.5559386491458085	8.770735037255447	-1.2172004084903976 -1.94243874715737 -1.8177227313124358 -2.280367978943758 -2.423086943680716 -2.611216607515187 -3.0355096427184796 -2.9313846545700124 -3.6540733014828533 -3.2439599678921964 -4.27722798249824 -3.5523025966547936 -4.903503250090651 -3.859599297436997 
6	0.7	90.000	5	7	10	10	10	10	(17, 190, 195)	4.840317824756763	8.0780179596319	-7.906841041222589 0.18219459605965144 -7.4267107671482195 0.6706446492618514 -6.934871471142537 1.1480910744299895 -6.416942407844964 1.6039760595298571 -5.8772041800268955 2.032557967398387 -5.323372281079505 2.4453599775125823 
6	0.7	90.000	5	7	10	10	10	10	(143, 90, 19)	4.860599137823043	7.9636549408953705	-8.755018929718924 1.3099051027610353 -9.071956642738467 0.696664968996785 -9.378354835982169 0.07854452804252487 -9.68543228376227 -0.5410216472389293 -9.997798009050944 -1.1600540141564533 -10.3151305784973 -1.7789831909280305 
5	0.7	90.000	5	7	10	10	10	10	(103, 245, 153)	4.145092537022913	7.117784891513735	0.6180898126815265 2.3934177532690537 0.033440318158294825 2.0278181839631255 -0.5488868414748875 1.6632441154374418 -1.1288692355005694 1.2987902361376775 -1.706864650589485 0.9339318376668271 
5	0.7	90.000	5	7	10	10	10	10	(168, 27, 142)	4.171004368477793	8.178919681035271	1.9044342373777043 1.971675455730281 2.5269879378357123 2.264838012944762 3.152367326665386 2.559539419919845 3.780420502601014 2.8556049762196976 4.411059542372487 3.1529013314802974 
8	0.7	90.000	5	7	10	10	10	10	(82, 199, 53)	6.143822491005272	8.123919888621947	-0.41653374839632423 -3.4288630404446865 -0.8644934567807278 -3.910641511370043 -1.3176137754430572 -4.39599034863399 -1.7783994315475997 -4.884111160716509 -2.2481158478606185 -5.373889654130821 -2.7263589217483934 -5.864743206690894 -3.2113957539233233 -6.3569191210668565 -3.70102223323289 -6.851261786689776 
9	0.7	90.000	5	7	10	10	10	10	(144, 104, 224)	6.996312753787562	11.417168594382659	0.663222481429649 -4.235451631144893 0.9692839450704935 -3.6041431559532917 1.2798346852018023 -2.9765359195027123 1.5954580360019344 -2.3522148683349116 1.9157135689954814 -1.7308340453660018 2.2396905857059664 -1.111689004074885 2.56605734973506 -0.4938236095269808 2.8935002656655233 0.12370113120026156 3.2211614662909214 0.741539820222181 
5	0.7	90.000	5	7	10	10	10	10	(171, 214, 57)	4.168149824078387	7.233758385494003	-7.2322246905842835 -0.9677034780812588 -7.762863492862512 -1.405819888092364 -8.292945150037049 -1.8482358070328948 -8.821335139452021 -2.296822142847129 -9.348147249443539 -2.75234727021806 
6	0.7	90.000	5	7	10	10	10	10	(163, 51, 37)	4.814399833059159	9.53445676519365	-5.906077805241336 -1.1260627085384762 -5.310463870990554 -0.7929204916769289 -4.723211129957028 -0.4445513854940891 -4.146240591127949 -0.07890350595595297 -3.5762657090828753 0.2974030050313606 -3.00970754949043 0.6789780706233929 
6	0.7	90.000	5	7	10	10	10	10	(192, 108, 230)	4.796027652037347	8.457603285689093	-3.1269723074829137 2.4241271979263597 -3.658004743084558 2.0092569319383666 -4.194024200737805 1.5982902385466828 -4.737058049865941 1.1919484302104548 -5.286717477539944 0.789497712038978 -5.84217722954701 0.3848216557187522 
6	0.7	90.000	5	7	10	10	10	10	(64, 160, 225)	4.8135020344650545	8.093653108634891	-1.8717558416605173 2.686620849528537 -1.26918260573275 2.987637862161706 -0.661869192698603 3.2865732494555955 -0.047629101513019495 3.582063298273153 0.5759526332499065 3.872012382006635 1.206465996217473 4.1613025232611065 
7	0.7	93.001	5	7	10	10	10	10	(181, 227, 167)	5.362719628805436	7.331430403834547	-3.2409569741021045 -1.0944796325195154 -2.6479873107658456 -0.8579647911101773 -2.054146243967081 -0.6060759711351281 -1.459776063341304 -0.3331562416299698 -0.8623834637049621 -0.04053847413010349 -0.2642721646510405 0.27171543497083306 0.3389973716091013 0.5968527734131179 
8	0.7	93.001	5	7	10	10	10	10	(87, 27, 147)	6.038288816525972	9.88843494652303	-3.8907147931800288 -1.993068843146445 -4.478302705265938 -2.236591446808991 -5.069575540885642 -2.4862210663094473 -5.67039943142631 -2.73707804954294 -6.2890366242055595 -2.979938386526232 -6.919791218809467 -3.2114434373126644 -7.562483068974386 -3.4389568773361265 -8.214844570967829 -3.6669859593874703 
7	0.7	93.001	5	7	10	10	10	10	(172, 4, 113)	5.261065604138212	9.238729837515399	-0.009238094013861315 -2.893160537631109 0.28148377473765046 -2.3504746025916354 0.576328130774203 -1.7956697453615318 0.8781646617716725 -1.232742835110105 1.19164478560635 -0.66353535313939 1.517668510239334 -0.09002487628431481 1.8527004192843475 0.4888822604133697 
8	0.7	93.001	5	7	10	10	10	10	(210, 161, 138)	6.265022679868002	8.770735037255447	-0.7778471588144614 -1.5099697115922546 -1.3530160541154552 -1.8954642814059777 -1.9298261429816161 -2.27852416627575 -2.5107007332087052 -2.6561194315597643 -3.0993272357390707 -3.022553521009697 -3.703945907141989 -3.369534926907008 -4.317511833132395 -3.7021685126597497 -4.934598308680675 -4.030457664422681 
6	0.7	93.001	5	7	10	10	10	10	(17, 190, 195)	4.877247678346642	8.0780179596319	-8.078235517004984 0.46508717678521005 -7.5187452473710685 0.8774315390768699 -6.958681898950206 1.2865864962908644 -6.398024878596673 1.6969246934562503 -5.837486808080625 2.109760241571121 -5.276775463532375 2.5249431494882644 
6	0.7	93.001	5	7	10	10	10	10	(143, 90, 19)	4.875552368626952	7.9636549408953705	-9.155681223739686 1.4075234346290324 -9.396382568986862 0.757222525665607 -9.632784099318798 0.10560650658899728 -9.869281726673067 -0.5476140496544807 -10.10731343583784 -1.2019890959705652 -10.346770345443176 -1.8575482866650246 
6	0.7	93.001	5	7	10	10	10	10	(103, 245, 153)	4.865354354901374	7.117784891513735	1.130504055592101 3.032095520049317 0.5563634398947754 2.6322276434217313 -0.009551764076307099 2.2313990457811355 -0.5747310275052113 1.832377334634868 -1.1405769313864151 1.4363790954950908 -1.7069075166482062 1.0427159293344155 
6	0.7	93.001	5	7	10	10	10	10	(168, 27, 142)	4.870741431600809	8.178919681035271	1.4977188435348596 1.7135505884276088 2.118916940659744 2.015098719247663 2.741064346510626 2.3185852172110764 3.3641898105955828 2.6242328042115637 3.9885663057667693 2.931703598455436 4.614525491604797 3.240474175940106 
8	0.7	93.001	5	7	10	10	10	10	(82, 199, 53)	6.033526469790141	8.123919888621947	-0.5065544334099081 -3.7998792202850358 -0.983047824932022 -4.201269519566109 -1.4614331330788464 -4.621341907700627 -1.9391276590632418 -5.064313300152952 -2.4160146829425604 -5.528327039668515 -2.893472794655025 -6.008373624979361 -3.3732958929655625 -6.4990643115785005 -3.85687278660282 -6.996356936742365 
10	0.7	93.001	5	7	10	10	10	10	(144, 104, 224)	7.709869105017194	11.417168594382659	0.4389693123508318 -4.902139686879933 0.7845609996928437 -4.292853992991565 1.1273569147472164 -3.682159998049263 1.4664111859382505 -3.0684854415655765 1.8016693464179414 -2.4522586279322596 2.134341207612019 -1.8344190885339235 2.4653922426941617 -1.2155797484564623 2.7940635483029994 -0.5955011472035779 3.117937945723962 0.026508763238761578 3.435639403082258 0.6500666835265168 
6	0.7	93.001	5	7	10	10	10	10	(171, 214, 57)	4.875412993036374	7.233758385494003	-7.020103896288748 -0.3910877782635924 -7.5128530202019865 -0.8805810262580703 -7.995092281998958 -1.3776581233824379 -8.472341157369083 -1.8818033093638622 -8.947302018071413 -2.3906242786545278 -9.422142770005914 -2.902269933516862 
7	0.7	93.001	5	7	10	10	10	10	(163, 51, 37)	5.526218478393524	9.53445676519365	-6.419891906638993 -1.631670813725993 -5.845102771432683 -1.2539370550608655 -5.273446418948577 -0.8727049624044084 -4.706466020545922 -0.48411430854016885 -4.143018102663297 -0.09091627981069049 -3.578213013241826 0.3026472466973666 -3.014208862613422 0.6974578355751094 
6	0.7	93.001	5	7	10	10	10	10	(192, 108, 230)	4.868053676759006	8.457603285689093	-3.1261877809751764 2.486774641621346 -3.6710486278841237 2.056365736503302 -4.217172060314526 1.6287317232986043 -4.766814532166752 1.205556239155109 -5.3190838791643555 0.7864609143160145 -5.873045504098295 0.36988774378719264 
6	0.7	93.001	5	7	10	10	10	10	(64, 160, 225)	4.8908815898166225	8.093653108634891	-1.7633223067533543 2.6870847534976483 -1.1909415768298504 3.083783306169038 -0.6159942837636346 3.4791300730764774 -0.03724678451396967 3.870750613759299 0.5456285866897475 4.257152268384678 1.130107688423193 4.639803604582909 
6	0.7	93.001	5	7	10	10	10	10	(124, 227, 254)	4.871947483094171	7.131878825078658	-3.5040825234502537 3.8711452596893348 -2.874271290231204 4.16000522859906 -2.24328384493096 4.447027476833488 -1.6109316837506074 4.732942619774971 -0.9775645732408769 5.019506228196677 -0.34336450191971607 5.307890232366497 
7	0.7	93.001	5	7	10	10	10	10	(225, 111, 233)	5.547934793954175	9.17860257505803	-4.796555284992547 4.300859688280607 -5.423954873730605 4.009771448325585 -6.052761318469725 3.7239664727632125 -6.684924374326577 3.4464327838909825 -7.32134407634155 3.1779823148175876 -7.961859199391885 2.917137336188142 -8.60542866828737 2.66045101530798 
7	0.7	96.002	5	7	10	10	10	10	(181, 227, 167)	5.364110626683482	7.331430403834547	-3.1865932721267733 -0.6946074164427302 -2.555525394168696 -0.48687472893501504 -1.9265757993211805 -0.27989197462574494 -1.299121239407858 -0.07550989693473988 -0.6659087629837448 0.12613434267062232 -0.03159324231624264 0.2973035482007283 0.6061258869969026 0.45172104388780693 
9	0.7	96.002	5	7	10	10	10	10	(87, 27, 147)	6.85670113689444	9.88843494652303	-3.3582797284774744 -1.9144656427040128 -3.973385642751219 -2.182678433489854 -4.589840915822693 -2.4531084276976016 -5.20884145913657 -2.724820203880013 -5.833169560386477 -2.992724359491684 -6.4670895509815605 -3.2465466117715898 -7.11680798149788 -3.4708939764117916 -7.775737750343214 -3.680051074815171 -8.440496059554661 -3.8847828709812493 
7	0.7	96.002	5	7	10	10	10	10	(172, 4, 113)	5.499817306892908	9.238729837515399	-0.10117598487346884 -2.613444468844952 0.3493886458095358 -2.1115753455277764 0.783056114730162 -1.5847016859059344 1.1868071548360306 -1.0375964314384294 1.5699861873144891 -0.47176284975707655 1.93767323196489 0.11180245569376002 2.2994022610041096 0.6992759195963819 
9	0.7	96.002	5	7	10	10	10	10	(210, 161, 138)	6.89147109979616	8.770735037255447	-0.44288206750624265 -1.0963707678936412 -0.9464643140547182 -1.5455580719892474 -1.4526756420434346 -1.9974236605395093 -1.9689394030703675 -2.442358378996873 -2.504050728795237 -2.868543398871598 -3.0692129498548315 -3.2637433219219285 -3.6532220044566786 -3.6335406674535844 -4.249066286928777 -3.9900927181721 -4.850632475257638 -4.342587222177124 
7	0.7	96.002	5	7	10	10	10	10	(17, 190, 195)	5.585892365959097	8.0780179596319	-8.551151066368714 0.04166113538259072 -8.019184799677943 0.49065568709182467 -7.482562770415825 0.9360836244325007 -6.946260179002088 1.3820574832311963 -6.4124076653197974 1.831348226715961 -5.881256904589789 2.284521081651816 -5.351237819143685 2.740100392698627 
7	0.7	96.002	5	7	10	10	10	10	(143, 90, 19)	5.522086623755198	7.9636549408953705	-9.439242155417176 1.9677330969177993 -9.605101675977345 1.308003080250883 -9.774464598104188 0.6471307159245934 -9.946461639393993 -0.01718720971676774 -10.123613335951157 -0.6823649677005912 -10.306876083810561 -1.3486729849010237 -10.49466458394385 -2.0167431953835693 
7	0.7	96.002	5	7	10	10	10	10	(103, 245, 153)	5.575248285323907	7.117784891513735	1.7035013165183839 3.5720510534509664 1.133522776277996 3.1687050502241547 0.5681730872874821 2.762628942954399 0.008393663966537688 2.3411140593519755 -0.5395630077888841 1.9166540700166579 -1.0937918407704246 1.5010604925353785 -1.6605670194126818 1.1000057408378896 
7	0.7	96.002	5	7	10	10	10	10	(168, 27, 142)	5.450139528134205	8.178919681035271	1.0527698846541718 1.5614759182106965 1.6416254539836121 1.8541002660005577 2.2418880446879292 2.1390594051407317 2.85155526179981 2.4198449660327372 3.469463235245637 2.699834101144972 4.0946707880157245 2.9813183252117614 4.72660355606243 3.265429882877198 
9	0.7	96.002	5	7	10	10	10	10	(82, 199, 53)	6.8399585655216	8.123919888621947	0.060271902365151765 -3.8153374060828984 -0.49894862132272844 -4.180791409860394 -1.0539495408646886 -4.556695394688163 -1.6011909204448098 -4.948784050374377 -2.13936032540391 -5.359132046793526 -2.669266072081831 -5.786718953414499 -3.1934538301285587 -6.22837200873302 -3.7154698306702683 -6.679900892430887 -4.238841449052537 -7.1372938529936185 
11	0.7	96.002	5	7	10	10	10	10	(144, 104, 224)	8.389668938590674	11.417168594382659	0.5716651673156447 -5.750949051624828 0.8707107910584346 -5.118552978624616 1.1656405553004876 -4.4848383441988044 1.4499085221047654 -3.843454506590344 1.7342376970842779 -3.2041635153065315 2.0293463950905273 -2.5708945624793027 2.34067079471627 -1.9463782783148074 2.6682501622964203 -1.330856952962003 3.00662841094784 -0.7213714105081539 3.3465332984536422 -0.11133292367180819 3.682628632409258 0.5035376182532237 
6	0.7	96.002	5	7	10	10	10	10	(171, 214, 57)	4.8874728333061	7.233758385494003	-7.074468841238642 -0.45822046278315315 -7.5804896812656954 -0.9332709868507232 -8.079396135304314 -1.4237874460880013 -8.560211601985944 -1.9279621478201299 -9.031521216533703 -2.442753114129573 -9.498573008303074 -2.9629584268987608 
8	0.7	96.002	5	7	10	10	10	10	(163, 51, 37)	6.242318329563966	9.53445676519365	-6.9204623619474495 -2.0861978571223396 -6.37456652888303 -1.6722323744589807 -5.8316960730776115 -1.2530185699530814 -5.295244005006738 -0.8234533066678942 -4.767091847981611 -0.3786945312151225 -4.243852439765676 0.07665546586135256 -3.712230352632741 0.5342663839553227 -3.178759351236801 0.9851989116807722 
7	0.7	96.002	5	7	10	10	10	10	(192, 108, 230)	5.499393814014521	8.457603285689093	-2.990020478464952 3.16395512555001 -3.4672416345626695 2.6782979942719947 -3.947578967125448 2.197343635474365 -4.438223321360786 1.724770612753637 -4.9424055744943 1.264121444092546 -5.456939429461995 0.8106474962489655 -5.9769711753855335 0.3590032252591285 
7	0.7	96.002	5	7	10	10	10	10	(64, 160, 225)	5.56911316703361	8.093653108634891	-2.1369728475089165 2.318064155125242 -1.6102661879747033 2.765114854568293 -1.0729167794077725 3.2008522094955167 -0.5231704428190558 3.624903806265013 0.03641134296073608 4.039300187825102 0.6015950770622281 4.44787318892465 1.1680752201849223 4.856428658528201 
6	0.7	96.002	5	7	10	10	10	10	(124, 227, 254)	4.78979897287131	7.131878825078658	-3.378271258783115 4.313075790959732 -2.7538450624659525 4.550106727405057 -2.1267913745826807 4.790665366003926 -1.4961579912539782 5.036260623077554 -0.8609658808562067 5.287663874461407 -0.22015718966565037 5.54455092259474 
8	0.7	96.002	5	7	10	10	10	10	(225, 111, 233)	6.097139063850362	9.17860257505803	-4.397984304988758 4.925350736600576 -4.957998029417316 4.553501612049488 -5.5299559328226 4.20822602721996 -6.121860003762292 3.9014749308564527 -6.734292228192251 3.6357356666806813 -7.364459154971707 3.4067177247674763 -8.007551126514976 3.204420457503963 -8.65857446810627 3.0154394954890567 
8	0.7	99.004	5	7	10	10	10	10	(181, 227, 167)	6.16277386097088	7.331430403834547	-3.89272850478654 -0.8616089309224575 -3.2578465921395248 -0.6191026580813727 -2.612861415285109 -0.40414913944007613 -1.964158443193085 -0.20643647888525987 -1.314848213420788 -0.010194682263532429 -0.662564228061727 0.2021571808293123 -0.006385821482112706 0.401313149307738 0.646196662089025 0.5742033313721082 
10	0.7	99.004	5	7	10	10	10	10	(87, 27, 147)	7.558452428896567	9.88843494652303	-2.8297341440716277 -1.768309964943093 -3.4336831924739712 -2.074726696720544 -4.04175285176224 -2.3665282317586365 -4.658209475686704 -2.6467927615786655 -5.2828224031558095 -2.9161661529228904 -5.915530717604693 -3.1747093392655863 -6.556613160322624 -3.4213285183243163 -7.206010519646888 -3.652874150031088 -7.861645486715736 -3.8774188281266806 -8.521533935547266 -4.100325351068524 
8	0.7	99.004	5	7	10	10	10	10	(172, 4, 113)	6.255397310947432	9.238729837515399	-0.5778800943980217 -3.024997914331083 -0.0445118384124786 -2.5776391294845453 0.4704416507083732 -2.1180602536034647 0.9462617112755672 -1.616849772354101 1.3687813637956996 -1.069399969222602 1.7528998218245258 -0.49125725443332047 2.112347813481091 0.10436930035966369 2.460300457248247 0.7078586967770637 
10	0.7	99.004	5	7	10	10	10	10	(210, 161, 138)	7.518836908002752	8.770735037255447	-0.03368998898741265 -0.8452433091117426 -0.5465997075031741 -1.2701677637504705 -1.044512824937797 -1.7131937716517278 -1.5274582273162716 -2.17779301622494 -2.012322421725549 -2.6508640995613177 -2.528707807305457 -3.0949284272007507 -3.074047525234052 -3.5049295323409475 -3.641089081162638 -3.8934964877609137 -4.221202214636001 -4.270667546645341 -4.808102009961048 -4.644902505038517 
8	0.7	99.004	5	7	10	10	10	10	(17, 190, 195)	6.238304300731254	8.0780179596319	-8.975290702236029 -0.4153126026453342 -8.522685559640166 0.09973495019615691 -8.057299108644747 0.6045679164799255 -7.573436715366913 1.0950415451749416 -7.074278186725444 1.5719255710719007 -6.5604830826438 2.037298589903945 -6.037486728915983 2.495999236278208 -5.510185081806233 2.9530857980697958 
8	0.7	99.004	5	7	10	10	10	10	(143, 90, 19)	6.256501747818254	7.9636549408953705	-9.743926081933628 2.6640865162071004 -9.836370373235345 1.9775939119502426 -9.94290703268416 1.2946352441358773 -10.066970852545948 0.6147542254378516 -10.200797018017782 -0.06416385384196562 -10.32738830815642 -0.7483420978906418 -10.451621010590358 -1.433331008175942 -10.576245437170167 -2.119658110585771 
7	0.7	99.004	5	7	10	10	10	10	(103, 245, 153)	5.530843796167678	7.117784891513735	1.7480904867960216 3.749790609033481 1.2093636303726552 3.309414184897426 0.673977529796213 2.8711008315043 0.14021365179579331 2.4309176930803873 -0.39326728836281694 1.999791013767304 -0.9369139686094652 1.5855928175010832 -1.4921916716690509 1.1898232822771881 
7	0.7	99.004	5	7	10	10	10	10	(168, 27, 142)	5.493974336723628	8.178919681035271	1.26918606574111 1.6707520469440231 1.8720537585960526 1.9641259985909454 2.4802752902089176 2.256545180460269 3.0940598918571123 2.5483415746290574 3.713310085157391 2.840172086270797 4.337767111539487 3.1328756787325385 4.967134102174708 3.4272539902838277 
10	0.7	99.004	5	7	10	10	10	10	(82, 199, 53)	7.576303200129852	8.123919888621947	0.6392610975598246 -3.654065738314638 0.08988365398693332 -4.0505175475253345 -0.47310071950267535 -4.429085499549158 -1.0429158264543417 -4.80187137168148 -1.6143191109198476 -5.1765282125982415 -2.1845019332577116 -5.557452101694619 -2.7525370572846635 -5.946220391690013 -3.318900710972602 -6.342295227060664 -3.8849438806406895 -6.743865257555563 -4.452270579676209 -7.148758973435546 
12	0.7	99.004	5	7	10	10	10	10	(144, 104, 224)	9.11546244294198	11.417168594382659	0.39857325446726344 -6.468411599257413 0.76767085708812 -5.87334453046482 1.1324391344336961 -5.275391079221224 1.48282177493293 -4.669067163661933 1.8053412046719997 -4.039874288224449 2.086431687649411 -3.3965914158782637 2.3521554870280723 -2.7469470157677924 2.619337436456999 -2.098713346950252 2.897740141787805 -1.4559837525251942 3.190402142144705 -0.82003215802851 3.49458163042414 -0.18959521608342636 3.803788023612209 0.44058318235429533 
7	0.7	99.004	5	7	10	10	10	10	(171, 214, 57)	5.494319076829349	7.233758385494003	-6.926289929704006 -0.149012148919305 -7.380529571749493 -0.6397851302670031 -7.837000010342638 -1.1357429367269885 -8.295665084383103 -1.6394259682010675 -8.754249172290178 -2.1487338052920553 -9.213596264006119 -2.6635872515323205 -9.674997284761286 -3.183328672327346 
8	0.7	99.004	5	7	10	10	10	10	(163, 51, 37)	6.176371627706834	9.53445676519365	-6.931375174398532 -2.130524056864448 -6.4492548131940985 -1.6357423538222473 -5.969238698792151 -1.1427175846580908 -5.486164462531541 -0.6570251547896652 -4.991803340269586 -0.18767425551972236 -4.473027252907298 0.26000219245972533 -3.9430557063232623 0.6765574285039602 -3.4083563827674324 1.082635388676483 
8	0.7	99.004	5	7	10	10	10	10	(192, 108, 230)	6.101654050765717	8.457603285689093	-2.3973822343561015 3.7196050933570035 -2.9424333107553524 3.3045119755112236 -3.4712248083318515 2.881985880121688 -3.983552920310833 2.4478853732712413 -4.489923334308635 2.0101386037496707 -4.996373770129688 1.5747614904024667 -5.503612484798702 1.142616317093272 -6.009804208440031 0.711991545751899 
8	0.7	99.004	5	7	10	10	10	10	(64, 160, 225)	6.182653178672771	8.093653108634891	-2.506482615635507 1.9886024437384806 -1.9825738499949148 2.416608481551884 -1.4600931059854982 2.847007645470846 -0.9429856260130375 3.282663832147546 -0.42186582649348947 3.7210250626899457 0.10503122017174321 4.160238461701341 0.6373354730729468 4.600447564528817 1.173940294554869 5.042720647078871 
7	0.7	99.004	5	7	10	10	10	10	(124, 227, 254)	5.597711624805713	7.131878825078658	-4.101587623695003 4.218525622590701 -3.487311853667015 4.5483799317468625 -2.8564353658439896 4.851563719523048 -2.2056734442669867 5.107762549825747 -1.5433200104623896 5.335243360703221 -0.8758704765809278 5.547905501890385 -0.2070239897775008 5.755468576231634 
8	0.7	99.004	5	7	10	10	10	10	(225, 111, 233)	6.18620297557621	9.17860257505803	-4.531826996171879 5.5122981037812115 -5.098811474678847 5.10481116765952 -5.658605103120164 4.701362736124663 -6.21807834385096 4.30523153094589 -6.777754148510861 3.9164360512502143 -7.336270747182497 3.5316340248663662 -7.892254040801207 3.1465122695714367 -8.446209318894933 2.7584025977542415 
8	0.7	100.004	5	7	10	10	10	10	(181, 227, 167)	6.160792383138462	7.331430403834547	-3.899701385179742 -0.8485508438766113 -3.2660512424538934 -0.6019558514517253 -2.6247505923795975 -0.38188625028493717 -1.9778968370261663 -0.18165892227169864 -1.327032363312823 0.002335703765767214 -0.6668156797957373 0.17283964353991724 0.009468583398904426 0.29495701252738743 0.6863016823506178 0.36290444265872324 
10	0.7	100.004	5	7	10	10	10	10	(87, 27, 147)	7.58748847434112	9.88843494652303	-2.8530377333290358 -1.7758964357200777 -3.4552418452447657 -2.0926001298754238 -4.06073542798522 -2.398921890757435 -4.672319504507901 -2.6986008622385467 -5.289779174414653 -2.9922315838345797 -5.913989970098359 -3.277994160398583 -6.54702469640409 -3.550809910433146 -7.195356950166226 -3.8030629954989172 -7.852809219242969 -4.027522892466049 -8.516272777040086 -4.242786460590407 
8	0.7	100.004	5	7	10	10	10	10	(172, 4, 113)	6.263225614462742	9.238729837515399	-0.5489399932983282 -3.0420720076766807 -0.039550632406993295 -2.5652478453282295 0.47010353508307245 -2.0835350796619623 0.9517428667037864 -1.5834091535868076 1.3849401118865876 -1.0473891609482677 1.7802893956217223 -0.48038332687793606 2.1471266729858125 0.1084532768003318 2.4998771209820307 0.7080909462766527 
10	0.7	100.004	5	7	10	10	10	10	(210, 161, 138)	7.505142260617896	8.770735037255447	-0.09021549565125662 -0.890814327570495 -0.5946252705488853 -1.313951309505427 -1.086639896986896 -1.7597180943866895 -1.566511415042099 -2.226207439280088 -2.05158844934756 -2.697315606367515 -2.5655000603122393 -3.140802091420083 -3.1058326320697085 -3.5586606303956163 -3.6649709514431192 -3.9589132825998323 -4.23586473996205 -4.349833485155814 -4.813140233764494 -4.73861357657886 
8	0.7	100.004	5	7	10	10	10	10	(17, 190, 195)	6.268994406601298	8.0780179596319	-9.027703184171893 -0.3749157809055507 -8.55704203810641 0.13159661369486692 -8.078239839492726 0.6328702090350399 -7.589377220574593 1.1264875436036077 -7.092051374333539 1.6124062290286616 -6.584638503949975 2.090131357992914 -6.070048756570755 2.5620123649663116 -5.551985208228574 3.0316118063722177 
8	0.7	100.004	5	7	10	10	10	10	(143, 90, 19)	6.285840641555847	7.9636549408953705	-9.812978038036652 2.6975129786809537 -9.932012474220098 2.0092418908490837 -10.053313747993018 1.3220363732957487 -10.17595392562347 0.6355696849030056 -10.29480429860081 -0.05115881997993437 -10.400504155672165 -0.7417957675345638 -10.501117940826969 -1.4329423547214577 -10.600955150652096 -2.1239066755707587 
8	0.7	100.004	5	7	10	10	10	10	(103, 245, 153)	6.23182265936275	7.117784891513735	2.3465097064568874 4.2229437433060015 1.7957698130279764 3.795591331755974 1.246660870460936 3.370812973076774 0.6990429892847779 2.948313592432378 0.1544935454798515 2.52450505110558 -0.38492080774809406 2.0880280276734235 -0.9173980039480374 1.6594822151147657 -1.4566508751030323 1.2429253739377317 
8	0.7	100.004	5	7	10	10	10	10	(168, 27, 142)	6.109350377672479	8.178919681035271	0.7793682447726112 1.470805446947601 1.3732550351661983 1.738461677948795 1.9708698881811182 2.011978303014298 2.573734150692417 2.292446484478858 3.1823784275184193 2.5797595394509583 3.7968446153836752 2.8729032884956576 4.416952521132713 3.1704910818920418 5.04249203075838 3.4713138570745623 
12	0.7	100.004	5	7	10	10	10	10	(144, 104, 224)	9.136257836313238	11.417168594382659	0.43495916599331363 -6.485364382578626 0.8270046835775109 -5.904278021368038 1.2167950635491485 -5.3204910421057 1.5964861995055957 -4.729150793597214 1.9507433072396188 -4.12232994836954 2.2587916807693165 -3.481233744552699 2.511100162163566 -2.8221272008786475 2.7466233523424286 -2.1582009977024734 2.9897841473486593 -1.4993094795535868 3.2519091765505257 -0.8491804802815498 3.532610518551868 -0.20715891903525807 3.8235242104072222 0.4322028222161356 
7	0.7	100.004	5	7	10	10	10	10	(171, 214, 57)	5.530123611885889	7.233758385494003	-6.964884700537039 -0.16867256333791128 -7.442875308102179 -0.6494505585801743 -7.921143781897536 -1.1357555226630793 -8.394153982219038 -1.6342911914363702 -8.85182469112629 -2.1520639216493507 -9.300822787170254 -2.681661017868605 -9.747296028573903 -3.2175416514047135 
9	0.7	100.004	5	7	10	10	10	10	(163, 51, 37)	6.8474348613517915	9.53445676519365	-7.464878933604546 -2.549286001625094 -6.961440834918394 -2.08828485862957 -6.467594480255793 -1.6192318902490315 -5.983210807791483 -1.1413384120905954 -5.503248704179244 -0.6593636705343153 -5.018430970807553 -0.18266453384347883 -4.5138913971283205 0.28189123093955165 -3.9993880850911694 0.7247109514639101 -3.4804933981820434 1.1618612501364307 
8	0.7	100.004	5	7	10	10	10	10	(192, 108, 230)	6.1419634088338935	8.457603285689093	-2.4031351268940417 3.783381232991457 -2.9517584862768396 3.3707559579875475 -3.48731066698796 2.9515718029947444 -4.009130480296128 2.520645413031381 -4.523171249858785 2.081803973170138 -5.031467594504048 1.6378452605397267 -5.535738724634012 1.1904841034643447 -6.03778052561892 0.7411338285552784 
8	0.7	100.004	5	7	10	10	10	10	(64, 160, 225)	6.2153217777915835	8.093653108634891	-2.5050999394556728 2.0436218838057365 -1.977895398402261 2.478089290947163 -1.4512201842070662 2.9148154974540534 -0.9274863090455431 3.353457203029263 -0.397225198146396 3.7894425365705176 0.13958715492776458 4.2220968725346 0.6807414327769283 4.6543659482884125 1.2249638004268466 5.0886509158418995 
7	0.7	100.004	5	7	10	10	10	10	(124, 227, 254)	5.589910866976256	7.131878825078658	-4.122486995519758 4.304915943934779 -3.5044045099638685 4.62604712842416 -2.8737831656416715 4.924689438140489 -2.2251551645321133 5.181639266040215 -1.5657323562400751 5.41292156680252 -0.9011717186629188 5.630930019865731 -0.23479765509105574 5.844432939929389 
9	0.7	100.004	5	7	10	10	10	10	(225, 111, 233)	6.959304057456764	9.17860257505803	-3.9838572274434156 6.013565226017643 -4.552146235542505 5.607603496061275 -5.1173901281471466 5.196422637530939 -5.672725129377158 4.779463144698611 -6.22494274093912 4.359985341264805 -6.776307674376008 3.9402845425051582 -7.327743816914277 3.5206883522388144 -7.8794760642038 3.1005303782656823 -8.43171504306183 2.6791233236786143 
5	0.7	100.004	6	7	10	10	10	10	(17, 102, 209)	4.061961468438252	7.1985561325263205	-0.6689648128623749 -5.0915417945239625 -0.21720542938669127 -4.604670148992635 0.23501878182585703 -4.123053852496511 0.6838423904335751 -3.6344937614804143 1.1299453735763703 -3.12964365285762 
6	0.7	100.004	6	7	10	10	10	10	(105, 154, 45)	4.776512209492285	8.477580568759867	-1.9079549514683158 -5.152500566520765 -2.4102062077490127 -5.590048674380149 -2.921156911683545 -6.019611330022677 -3.4453284703789437 -6.441118854872516 -3.9826315195190167 -6.858578087475923 -4.53054152966259 -7.27769654098751 
