N disks	Disks radius	time	Gen	Method	ks	kt_bot	kt_par	kc	color	current length	div_length	X
6	0.7	3.001	1	7	10	10	10	10	(0, 128, 0)	4.900000233093314	8.622769098141593	-2.200000116546657 1.4287546703519706e-16 -1.5000000874099901 -2.857509197987497e-17 -0.8000000291366638 -1.1430037505532248e-16 -0.09999997086333844 -1.143003750553224e-16 0.6000000874099888 -2.8575091979874795e-17 1.3000001165466568 1.4287546703519736e-16 
7	0.7	6.002	1	7	10	10	10	10	(0, 128, 0)	5.5999998319008615	8.622769098141593	-2.899991028640948 0.003914677476334054 -2.1999916552173007 0.0029903293539390507 -1.4999922807323038 0.0020724203118814397 -0.7999929092202949 0.001167897998907536 -0.09999351686263504 0.0002796536120371401 0.6000059127538792 -0.0005952040972684489 1.3000053577996997 -0.00146362274463562 
7	0.7	9.003	1	7	10	10	10	10	(0, 128, 0)	5.600000291358276	8.622769098141593	-2.899991298188235 0.003884315218311258 -2.1999918429838194 0.0029879315408952415 -1.4999923586433637 0.0020915478799729084 -0.799992874303135 0.0011951643309078559 -0.0999933899627323 0.00029878091785811775 0.6000060943781844 -0.000597602383335289 1.3000055495831986 -0.001493985593414948 
8	0.7	12.000	1	7	10	10	10	10	(0, 128, 0)	6.300000334043313	8.622769098141593	-3.5999807130394115 0.007918676350942788 -2.899982351038575 0.00639148046745279 -2.1999839593960537 0.004864977684348004 -1.49998556506595 0.003340017476485961 -0.7999871664075797 0.0018171544857320601 -0.09998876295238805 0.00029638871106694824 0.6000096445270324 -0.0012228344912633279 1.3000080253807462 -0.0027413644707973573 
9	0.7	15.001	1	7	10	10	10	10	(0, 128, 0)	7.000000077942099	8.622769098141593	-4.299968323363925 0.01221358172182726 -3.5999714090693615 0.010131873609585751 -2.899974451112101 0.00806096088398393 -2.199977432661559 0.006015230218050811 -1.499980315171275 0.004006288171641802 -0.7999830806878523 0.0020385332942366393 -0.09998573624654183 0.00010756699268947053 0.6000116907612207 -0.0017982173283929708 1.3000091354346583 -0.003693206198796097 
10	0.7	18.003	1	7	10	10	10	10	(0, 128, 0)	7.699999459111313	8.622769098141593	-4.999953952206027 0.016798318411844117 -4.299958822095007 0.014192052061182927 -3.5999636254403513 0.011607756792973491 -2.8999682726413636 0.009076495986305104 -2.199972656197813 0.006626663108197085 -1.4999767126897348 0.0042749116988562395 -0.7999804370540458 0.0020212115923993515 -0.09998387800096133 -0.00015113381979851268 0.600012881033095 -0.0022705203900574567 1.3000097208880435 -0.00436797654337247 
11	0.7	21.004	1	7	10	10	10	10	(0, 128, 0)	8.39999905804507	8.622769098141593	-5.699938322274263 0.021542878115775144 -4.999944910220692 0.018512262520228938 -4.299951413838119 0.015506954648885777 -3.5999577002454033 0.01256417320835241 -2.899963614177304 0.00972061331525526 -2.1999690506850555 0.0070023464921322 -1.4999739775348953 0.004418340615507201 -0.7999784351221475 0.0019584290620364227 -0.09998251894292287 -0.0004040931708457512 0.6000136480017388 -0.002705728020261285 1.3000099184499496 -0.0049828771938149954 
6	0.7	24.001	2	7	10	10	10	10	(52, 132, 130)	4.87357336527934	8.420893173432724	-3.2324082513105594 -0.05454279843172338 -3.923652809089168 -0.02512665904175906 -4.616050668778075 0.004140247710001369 -5.309913219997236 0.03322195413035014 -6.005482989308897 0.062184063072942095 -6.702925138059069 0.09113716208055396 
6	0.7	24.001	2	7	10	10	10	10	(147, 220, 164)	4.873560258493171	9.69863630316759	-1.8682079837304855 -0.052662508082412934 -1.1766715584094372 -0.031309507807043994 -0.48398491884067624 -0.010054745949866387 0.21016252115504475 0.011077839847240194 0.9060146765625756 0.03213293144282812 1.6037390480371319 0.053185729216743416 
7	0.7	27.002	2	7	10	10	10	10	(52, 132, 130)	5.492252094958895	8.420893173432724	-2.8253428892883896 -0.6458015844522689 -3.4705355457733873 -0.4121574962516878 -4.117861747283444 -0.2099172841335469 -4.774303430126558 -0.0524561778184593 -5.442202982202387 0.06116095102368741 -6.120975745132304 0.1433645603254442 -6.809140593178859 0.2120579239183797 
7	0.7	27.002	2	7	10	10	10	10	(147, 220, 164)	5.475835519842205	9.69863630316759	-2.302567531197069 0.46337449492211935 -1.6429244204119875 0.2897436852210468 -0.9839298579345769 0.14652146318357537 -0.3195257177286108 0.04693570360240059 0.3530184758609406 -0.009857869115684353 1.0344553338101838 -0.03585103901134585 1.7249925652911542 -0.04825722665924766 
7	0.7	30.003	2	7	10	10	10	10	(52, 132, 130)	5.59994344798365	8.420893173432724	-2.794811163051973 -0.7544452855404957 -3.468487446633645 -0.564327270037326 -4.142199856046837 -0.3743411630984302 -4.815970318178183 -0.18456013845520197 -5.489801257788566 0.005011865176746855 -6.163678104689428 0.19443070589753023 -6.837577698449311 0.3837816612200998 
7	0.7	30.003	2	7	10	10	10	10	(147, 220, 164)	5.5998577557203735	9.69863630316759	-2.346215718393732 0.5709055623668499 -1.6586780945718407 0.4395585031872121 -0.9711170494294418 0.3083450650792024 -0.28351534208217216 0.1773390783786053 0.4041308327509393 0.046544310660185384 1.0918133410073227 -0.08409596023041127 1.7795176690171195 -0.21466818399920806 
8	0.7	33.004	2	7	10	10	10	10	(52, 132, 130)	6.2999451961654	8.420893173432724	-2.1280130034482836 -0.966516069545964 -2.8010409739651827 -0.7740719189422325 -3.4740278723484246 -0.5814809455818597 -4.146886703905981 -0.38851186338798727 -4.819669067659039 -0.19526942019146318 -5.492402061479716 -0.0018447846833440993 -6.165109275124487 0.19168271617641175 -6.837809558879226 0.38524942517748384 
8	0.7	33.004	2	7	10	10	10	10	(147, 220, 164)	6.299695355370577	9.69863630316759	-3.0241095937700244 0.7424324978295207 -2.338369720834025 0.6021392355105243 -1.6525622913509597 0.46218563805360713 -0.9666376527450369 0.32279777600157117 -0.2805766706148044 0.18405304816918142 0.4056089751084056 0.045878779603330165 1.0918845397195909 -0.09190968489334625 1.7782068530271895 -0.2295357908237439 
9	0.7	36.001	2	7	10	10	10	10	(52, 132, 130)	7.00000689482291	8.420893173432724	-1.457265766518012 -1.1652455423442336 -2.1309960141003232 -0.9752482569272218 -2.8046524116102702 -0.7849616493850866 -3.4781005560086764 -0.593916758914405 -4.15117972167618 -0.40155963718684967 -4.823669459408497 -0.20734040840580248 -5.495785937241607 -0.011810161652311588 -6.167688635496664 0.18447686649642012 -6.839513777225607 0.3810522437818272 
9	0.7	36.001	2	7	10	10	10	10	(147, 220, 164)	6.999127957240271	9.69863630316759	-3.700739878272459 0.9189917191653849 -3.017050060938705 0.7694247054781391 -2.3331627670099175 0.6207879674190819 -1.6489343632346478 0.47372089113424737 -0.9642981552879768 0.3285154235136675 -0.27926380931266814 0.1851115695156679 0.40609700341056804 0.043155247972175986 1.0916761913023918 -0.09788540863644968 1.7773626876955195 -0.23855828599612558 
10	0.7	39.002	2	7	10	10	10	10	(52, 132, 130)	7.700207547066437	8.420893173432724	-0.7853563144159698 -1.3602569410102197 -1.459314295923614 -1.1710503121708251 -2.1332573106392725 -0.981743881135398 -2.8071280069777176 -0.7921387981455063 -3.4808394468969857 -0.6019348107059402 -4.154278638122936 -0.41074503945828866 -4.827312736891842 -0.2181209819523517 -5.499727133282456 -0.023590729230972732 -6.171827684673882 0.1720362001436735 -6.8438119032827 0.36807628863424274 
10	0.7	39.002	2	7	10	10	10	10	(147, 220, 164)	7.698830211086971	9.69863630316759	-4.376181515357731 1.1010179499572843 -3.6942096066861434 0.9439146817052629 -3.0119829036074472 0.787972327916434 -2.329309600822857 0.6340051408773884 -1.6460937127767767 0.4824235431675508 -0.962331929555995 0.33323786823989116 -0.2780951687670111 0.18612504180930206 0.40649904528240854 0.040541801279915184 1.0913174905675562 -0.1041367731078752 1.7762418936953837 -0.2484710195888396 
11	0.7	42.003	2	7	10	10	10	10	(52, 132, 130)	8.400366515744057	8.420893173432724	-0.11234349147965933 -1.5515265894679298 -0.7862985979517129 -1.3623142441618044 -1.4602736386693496 -1.1731294260542446 -2.1342741881687877 -0.9839940333356822 -2.808293469713754 -0.79488708523235 -3.4823060403109323 -0.60572264654374 -4.1562654841198725 -0.4163421065027855 -4.830104869710343 -0.2265166218455651 -5.503736627500615 -0.03594810086593131 -6.17698142214607 0.15573056748929467 -6.850104756323473 0.34783639427155816 
11	0.7	42.003	2	7	10	10	10	10	(147, 220, 164)	8.39886916054086	9.69863630316759	-5.051717378318104 1.2835256497838199 -4.370961782563119 1.1211293105008753 -3.6899562368649153 0.959840437977413 -3.008499329935444 0.800490435963412 -2.3264776721372833 0.643555615443791 -1.6438678846479324 0.48914051501846684 -0.9607220056571693 0.3370257647026016 -0.2771428721511566 0.18676219161718763 0.40674343119220996 0.03778632281650786 1.0908130340011593 -0.11046464467257591 1.7749656866227324 -0.2584509041884405 
12	0.7	45.000	2	7	10	10	10	10	(147, 220, 164)	9.099809541221575	9.69863630316759	-5.734414455811041 1.4403682075795505 -5.052664042500625 1.281599997607487 -4.370876066982276 1.1230243579727062 -3.6889898757741753 0.9649182991067707 -3.006929750269276 0.8075256628415758 -2.3246472603677324 0.6511357926849942 -1.6421068873846774 0.4958846538368813 -0.9593092127026729 0.3417650996193333 -0.27628500798983846 0.18863943983841516 0.4069121275155593 0.036267199624756406 1.090217030653463 -0.1156456146717704 1.7735681376768377 -0.2673776182533367 
6	0.7	45.000	3	7	10	10	10	10	(180, 178, 115)	4.854515534916201	8.813366573328882	-2.475076244851465 -0.7889324227960381 -1.8260802882845701 -1.011228501929429 -1.175071965967243 -1.2337253092529357 -0.5215082918726878 -1.4564854178331137 0.13496993203977725 -1.6797662447463886 0.7945621832658287 -1.9038908192082067 
6	0.7	45.000	3	7	10	10	10	10	(211, 106, 241)	4.85450707068458	7.980645934193826	-3.765099285107365 -0.43221820329045113 -4.434516822676905 -0.2822324919684146 -5.105774756883222 -0.1314827961983825 -5.779375234370627 0.020255467137761798 -6.45575218325072 0.1729902468824733 -7.13523420727129 0.32659903950180097 
6	0.7	48.001	3	7	10	10	10	10	(180, 178, 115)	4.896969395439298	8.813366573328882	-2.458667415188672 -0.8357164874398824 -1.7935644992276945 -1.0509642456986674 -1.1284208578172947 -1.2665170529451182 -0.46322336734523223 -1.4824472370982433 0.20207870769795988 -1.6986874814837594 0.8675478429818547 -1.9151068386277037 
6	0.7	48.001	3	7	10	10	10	10	(211, 106, 241)	4.89702057444547	7.980645934193826	-3.8002496832002564 -0.45026338190972365 -4.480739936822122 -0.290113206441025 -5.161351834607809 -0.12990876891405667 -5.842117218355421 0.030363504197604172 -6.5230639896103675 0.1907028631730117 -7.204213267554114 0.3511009460963721 
6	0.7	48.001	3	7	10	10	10	10	(206, 35, 75)	4.863934582890479	8.609928384209034	-3.361068764115672 0.8810154879974177 -4.02937583659847 1.0475514237914423 -4.699283736280105 1.2147267041145986 -5.37112105452574 1.3826798886790668 -6.0451719234716865 1.5514137161632449 -6.721649840370098 1.7208578388190994 
7	0.7	48.001	3	7	10	10	10	10	(70, 65, 240)	5.5529719152644486	9.783547469900178	-2.064783425965265 0.5051908069812333 -1.3876143833672179 0.38329692845160107 -0.7094305570455747 0.26078959905424304 -0.029814080020391417 0.13741631979315874 0.6516246411812663 0.01313944606502127 1.335219115567845 -0.11192717849814725 2.02121823828149 -0.23760383075854324 
7	0.7	51.002	3	7	10	10	10	10	(180, 178, 115)	5.591445442966675	8.813366573328882	-3.0753093986057642 -1.62833117357412 -2.3779974785243483 -1.6028703710085712 -1.6802634999942394 -1.5845096175017672 -0.9820291174995007 -1.575859722179606 -0.28333396124913524 -1.5761379410156318 0.4157746795196189 -1.5824705143032547 1.1152910383002623 -1.5913605321020867 
7	0.7	51.002	3	7	10	10	10	10	(211, 106, 241)	5.52690365113439	7.980645934193826	-3.376247415325675 -0.31383810142216917 -4.047723472260062 -0.2041792023580577 -4.722831584217537 -0.10210825833183423 -5.402407757065364 -0.011129043183308233 -6.086486585849432 0.06927860033261567 -6.77459293374905 0.1430917062781896 -7.467900450439959 0.21732486456722105 
7	0.7	51.002	3	7	10	10	10	10	(206, 35, 75)	5.571192675101948	8.609928384209034	-2.7758536878261335 1.8782262110433223 -3.4607900391103037 1.751201963638169 -4.146783354356119 1.6447868130935501 -4.835789217618376 1.5690205389382554 -5.528139525514157 1.5246208412416136 -6.223432813207779 1.5047833976770777 -6.921270579195804 1.4979388605840471 
8	0.7	51.002	3	7	10	10	10	10	(70, 65, 240)	6.1554012764134445	9.783547469900178	-2.5112688102511904 0.6276539836294044 -1.8509277072175765 0.5095724860605427 -1.1907293725814716 0.388567947648734 -0.5293485263628828 0.2621967131762109 0.13453428976863185 0.12947671401782448 0.8021736930701152 -0.00907989064546931 1.4746760670568617 -0.1519663269825149 2.1528981298406076 -0.297426287768941 
8	0.7	54.003	3	7	10	10	10	10	(180, 178, 115)	6.299372247173746	8.813366573328882	-3.757632633070132 -1.9248474554251784 -3.059012298563921 -1.8779715157628032 -2.359010367181653 -1.826006375946079 -1.6624077900092844 -1.7652876441649998 -0.965980186058892 -1.7014305089583381 -0.2694620257226394 -1.6375508977690847 0.42725673442175477 -1.5747036774135055 1.1241679839261032 -1.5126197551508194 
8	0.7	54.003	3	7	10	10	10	10	(211, 106, 241)	6.272881146016102	7.980645934193826	-2.7428556381250906 -0.5359931140515383 -3.4286771036443744 -0.4277447988546669 -4.114210252952178 -0.31702066418851316 -4.8009278944165965 -0.20928050542866722 -5.489263852611223 -0.10740371034242151 -6.179210646818163 -0.011517778000655484 -6.870403684871529 0.08077929455622389 -7.563444627795029 0.17408529981747375 
7	0.7	54.003	3	7	10	10	10	10	(206, 35, 75)	5.594947340513741	8.609928384209034	-2.8288566341963124 2.2836944406459363 -3.5136737916128746 2.1366822199850386 -4.195259455106442 1.9830172146019218 -4.878102354647282 1.834585855923629 -5.563354594367303 1.697289617272522 -6.250908379145271 1.5711908298948218 -6.9398042780752816 1.4518692506200757 
9	0.7	54.003	3	7	10	10	10	10	(70, 65, 240)	6.946642789732401	9.783547469900178	-3.1405255232932623 0.8980757625353977 -2.465653979926338 0.7646971331728776 -1.7924100802189573 0.6182398673029456 -1.1195407006479077 0.46232126771515736 -0.4461365157350659 0.30065268515598365 0.2285058770843636 0.13649306797428418 0.9047693486539694 -0.02795771396190997 1.5826807673943335 -0.19188571176509261 2.261958457599595 -0.3556593135825115 
9	0.7	57.000	3	7	10	10	10	10	(180, 178, 115)	7.003947723080939	8.813366573328882	-4.43816876581363 -2.103798696310139 -3.7391462933513733 -2.062951761603823 -3.0401087999228493 -2.0191737316009477 -2.3415294712386263 -1.9670846652198541 -1.6423538781138138 -1.8990906169097737 -0.947581956119265 -1.8133593479745387 -0.2541559663469171 -1.7167633658555705 0.4384794428346946 -1.6147293112562675 1.1307953985871282 -1.510892074195192 
9	0.7	57.000	3	7	10	10	10	10	(211, 106, 241)	6.967930876791064	7.980645934193826	-2.0868076994670477 -0.6196274644961286 -2.7758203472937364 -0.5354609010464721 -3.464492740593557 -0.44734987171222806 -4.152968577177381 -0.35365804883603885 -4.8405500389146505 -0.25324004747242734 -5.52879871453992 -0.1501171313605761 -6.217908960172882 -0.04610221427977214 -6.9078835619479335 0.05842486838589805 -7.598986074626822 0.16398927279336536 
8	0.7	57.000	3	7	10	10	10	10	(206, 35, 75)	6.304914707410314	8.609928384209034	-2.1719237992066884 2.566546288055811 -2.8607852091354014 2.441263427993615 -3.548980481117606 2.3104175682159247 -4.237272729012927 2.162681804615104 -4.916255644687865 1.9908622693342881 -5.5927574089175165 1.8100225889828758 -6.26883334863548 1.6288565321556372 -6.9451472607700975 1.4495022196165508 
10	0.7	57.000	3	7	10	10	10	10	(70, 65, 240)	7.655336765525096	9.783547469900178	-3.8018959537936157 0.9650405255754478 -3.1179412394124872 0.8937238302961611 -2.4343641974710164 0.8021528020033083 -1.7530679534410103 0.6799952909034285 -1.0759345561584517 0.5259983894329158 -0.4010476544922777 0.3535543917530702 0.2730972446735376 0.17353409953975682 0.9476927756675612 -0.00760588114648476 1.6231874589380546 -0.18751979954567785 2.2994396906279286 -0.3664897788110854 
10	0.7	60.001	3	7	10	10	10	10	(180, 178, 115)	7.707217320671447	8.813366573328882	-5.125954634476852 -2.231996466220604 -4.426802638692725 -2.1947299266728484 -3.7275158798060577 -2.1570420790831233 -3.028189343640886 -2.117066785330922 -2.3291285669823227 -2.070663471113995 -1.631071995873868 -2.0110437619151056 -0.9322776272213488 -1.9285296837700592 -0.23935610124062254 -1.8248386381450021 0.4516640085309776 -1.709782784845532 1.1417621178689787 -1.5907612682158248 
10	0.7	60.001	3	7	10	10	10	10	(211, 106, 241)	7.653416650148916	7.980645934193826	-1.4425152040043683 -0.6762788149656983 -2.1310560221851893 -0.615418379662917 -2.819368802219281 -0.5504175569332125 -3.5083385465494064 -0.4797954795498636 -4.197743695049491 -0.40043906919142036 -4.887907125033881 -0.3059059332315282 -5.573944012696966 -0.1952180410380709 -6.260333971249709 -0.07802516574710072 -6.947817406157589 0.0404129902058083 -7.636574551070382 0.15862996866203877 
9	0.7	60.001	3	7	10	10	10	10	(206, 35, 75)	7.006209713429659	8.609928384209034	-1.5229094949585158 2.8197322528572535 -2.2107799068447305 2.6905629901289836 -2.898695454431635 2.561643120546225 -3.586414866100677 2.4306794987825855 -4.272665589767527 2.2906961595905986 -4.9584559243815125 2.1280509164176684 -5.63248918557198 1.9375135820791032 -6.302554344150401 1.7333924611391234 -6.971111886855676 1.5251500000882217 
11	0.7	60.001	3	7	10	10	10	10	(70, 65, 240)	8.345441829546768	9.783547469900178	-4.451379401431718 0.9513466604115876 -3.765129057897435 0.9170158165794774 -3.0777273127980913 0.8689563139820522 -2.3892448846584937 0.7995177439660092 -1.7014190323810539 0.7036297595652758 -1.0171358879125534 0.5772118113549198 -0.3402434262876871 0.4184699912586299 0.3331779863501341 0.24027196507987753 1.0048812760008912 0.0521711273010298 1.6762872453830528 -0.1399879725911411 2.3482035623958835 -0.33331071513319066 
11	0.7	63.003	3	7	10	10	10	10	(180, 178, 115)	8.409145262536063	8.813366573328882	-5.820165201873007 -2.301591859842672 -5.1208366335612565 -2.269104840493163 -4.421383434397238 -2.2371645343888975 -3.721757379883336 -2.2060937794520457 -3.0219385918974964 -2.1752625747781664 -2.3219803243125083 -2.1424832649167596 -1.6220959789405658 -2.10356247223307 -0.9228528843082479 -2.0519691241819 -0.22235168509227524 -1.9781243771035952 0.47102944256112644 -1.878647861399952 1.1628916672836178 -1.7698207853153143 
10	0.7	63.003	3	7	10	10	10	10	(206, 35, 75)	7.709355039324867	8.609928384209034	-0.8515527182865762 2.9857933533402017 -1.5421575012036253 2.870582948315515 -2.2330241946061613 2.755905113573493 -2.924157669765741 2.6415259765409638 -3.6152478831893404 2.5253296837756976 -4.305491959947423 2.4027784417366487 -4.99342452139966 2.267040972631055 -5.6797071869427675 2.1088678933775156 -6.356899119983856 1.9291890494035162 -7.031606692268854 1.7411198438389042 
12	0.7	63.003	3	7	10	10	10	10	(70, 65, 240)	9.048783793427708	9.783547469900178	-5.105778928928141 0.912456031386388 -4.414452797997567 0.9061417146870069 -3.723326476609883 0.8908207133442722 -3.031898924791156 0.8610168094090564 -2.3401637369038006 0.8132232303625294 -1.648773569575695 0.7439848198634023 -0.9593511872088529 0.6480368822612367 -0.27536414607958176 0.5169984242086263 0.40027670868474086 0.3456963786636871 1.0708421138832904 0.15153599422613814 1.7389815138187175 -0.05321441825397513 2.4067178467558175 -0.2612780424770991 
5	0.7	63.003	4	7	10	10	10	10	(67, 228, 59)	4.093759271117031	7.187368289378181	-3.261641945512431 -0.5272900239010633 -2.5973651796328263 -0.5845130603986155 -1.929337658354967 -0.6391316181515793 -1.2562241203696636 -0.6892664068108578 -0.5758900695231455 -0.7337642873470327 
6	0.7	63.003	4	7	10	10	10	10	(255, 93, 24)	4.79784753670728	8.000863593271017	-4.517873789452478 -0.5773684545077339 -5.170298138399185 -0.43558079293915924 -5.82839555412102 -0.2917566460076676 -6.492375925676618 -0.15032706994063727 -7.163387290901885 -0.011318593815854013 -7.841815143791819 0.12722374900429012 
11	0.7	66.004	3	7	10	10	10	10	(206, 35, 75)	8.404161438716761	8.609928384209034	-0.16849273811688814 3.1118403397199113 -0.8590591338962438 2.9969435793753063 -1.549770787681981 2.882574383996681 -2.240746972281078 2.769495400014975 -2.9320856234649963 2.658379734374898 -3.6238111600398573 2.5494914138731177 -4.3158251216480155 2.4423616654244706 -5.007853509382622 2.3354594983553643 -5.699369842343693 2.225841530838316 -6.391825371558923 2.108332020900917 -7.08146986682776 1.9862699766690834 
13	0.7	66.004	3	7	10	10	10	10	(70, 65, 240)	9.7574280200692	9.783547469900178	-5.792275433115824 0.8703410329646896 -5.096796909915493 0.8816511193106384 -4.401811124122203 0.8882522841976037 -3.707027144296644 0.88494212788067 -3.0124440691231578 0.8663905429342144 -2.3185746934952944 0.8275055324701864 -1.6260569388827892 0.7646068414105076 -0.935978901840125 0.6748927674577168 -0.2496067766662798 0.5566536557914065 0.4321376836329405 0.409215885274225 1.1101055825538655 0.2415707689761716 1.7858169456952528 0.06239629106753029 2.4608739714647134 -0.12116162900696377 
5	0.7	66.004	4	7	10	10	10	10	(67, 228, 59)	4.196719836014088	7.187368289378181	-3.2655994622760747 -0.5068781470754363 -2.569294233679009 -0.5753615361542993 -1.8734401067636284 -0.6446092621820516 -1.1780157879946234 -0.7150822052117015 -0.4829090943168397 -0.7866155074862518 
6	0.7	66.004	4	7	10	10	10	10	(255, 93, 24)	4.900977274432618	8.000863593271017	-4.626920192319825 -0.8536939244445912 -5.300102958248085 -0.6629387476164795 -5.972089410320619 -0.4691576357544508 -6.643054272287251 -0.26637728789648857 -7.31244993554235 -0.05944086470315949 -7.981101051074615 0.14881220802012876 
6	0.7	66.004	4	7	10	10	10	10	(5, 23, 89)	4.823851703286511	8.449368349609268	-3.304882754626347 -2.212786508399131 -3.981233524922515 -2.2337784848016824 -4.6608228146706665 -2.2538241771652494 -5.344595067987015 -2.2727226125509294 -6.033283475474791 -2.290795783309398 -6.727387158118373 -2.3085809086209657 
6	0.7	66.004	4	7	10	10	10	10	(58, 254, 138)	4.82545317550235	8.063154502490582	-2.0093912958259263 -2.2887647280719086 -1.3359616322439822 -2.2214553352879536 -0.6594222564091241 -2.1542289552597085 0.02207387986664025 -2.084579896833876 0.7076276366643438 -2.0131976606744537 1.3983547244274237 -1.940992232362835 
6	0.7	69.001	4	7	10	10	10	10	(67, 228, 59)	4.845880035729921	7.187368289378181	-3.6334896960136223 -0.12275710488458111 -2.964966883776492 -0.2713626315362185 -2.2939747582267174 -0.4171101225822861 -1.6198147951264732 -0.5586039957912302 -0.9422429193841243 -0.696143375703877 -0.26139997675921894 -0.831471945672567 
7	0.7	69.001	4	7	10	10	10	10	(255, 93, 24)	5.561585003705085	8.000863593271017	-4.188961548833255 -1.2796257924504884 -4.844461601992457 -1.062221350216948 -5.501717495046567 -0.848868918557674 -6.161448281092852 -0.6403320037080733 -6.823305643466313 -0.43422176736479545 -7.4878051704869835 -0.22486929988667195 -8.153412209945865 -0.01421673538667903 
6	0.7	69.001	4	7	10	10	10	10	(5, 23, 89)	4.904472088628043	8.449368349609268	-3.351543456971673 -2.680968202642963 -4.047960238060735 -2.6107666507467697 -4.746660356053004 -2.5326704788434067 -5.442376730862981 -2.4489548096061053 -6.137658928596065 -2.3636637450540134 -6.832683684419232 -2.2783131483195693 
6	0.7	69.001	4	7	10	10	10	10	(58, 254, 138)	4.900421178044262	8.063154502490582	-1.9579030047293362 -2.390199147023653 -1.2622279221333816 -2.311030384692518 -0.5664558434661521 -2.23123300590778 0.1292513816677744 -2.1494302805641716 0.8235642388671055 -2.0634478701233974 1.5178783881720757 -1.9759457785180934 
7	0.7	69.001	4	7	10	10	10	10	(112, 147, 67)	5.530242126441102	8.949453092108774	-2.579680076482705 1.2807311589212955 -3.261245740978355 1.2150505936009657 -3.9453734073568767 1.1488935423515307 -4.62746158356506 1.0810071464642586 -5.312475943534543 1.0202254647037345 -6.001300728242367 0.9684961543606306 -6.6940786936521 0.9229765057216182 
7	0.7	69.001	4	7	10	10	10	10	(10, 201, 187)	5.533855400663336	11.71495255415511	-1.3058340236194028 0.8953870879930805 -0.6469063338431698 0.7142341613568302 0.013198838193835194 0.5322038487984886 0.6750812411920554 0.3482672396167278 1.339413424320548 0.16314575896784936 2.006785942696079 -0.022865005872178303 2.677553912532659 -0.20975858065256905 
6	0.7	69.001	4	7	10	10	10	10	(23, 255, 4)	4.848576709346736	9.3276056854486	-2.605476782080149 2.668467112739035 -1.9335425762917775 2.7962510925853232 -1.259296208236376 2.9248146788745775 -0.5822109239383766 3.054091673036823 0.09814470400512998 3.183969681734055 0.7820546826267472 3.3144632857614527 
6	0.7	69.001	4	7	10	10	10	10	(60, 150, 74)	4.850741449796198	8.856076851931272	-3.9276205646157556 2.521406039100945 -4.610088310949221 2.467084566556702 -5.295003705936046 2.413842712279837 -5.982805692180191 2.3623545972272697 -6.673867738750602 2.3118135033340215 -7.368497233229767 2.2608112229502746 
6	0.7	72.002	4	7	10	10	10	10	(67, 228, 59)	4.899717428578564	7.187368289378181	-3.621813725450973 -0.19472297673684855 -2.9468461969570963 -0.3735956735971059 -2.2679247058674465 -0.5371425944326711 -1.5778783095381925 -0.6673518059871613 -0.8845161254475236 -0.7663835431536548 -0.18926440058066182 -0.8518532322203615 
8	0.7	72.002	4	7	10	10	10	10	(255, 93, 24)	6.204236762012586	8.000863593271017	-3.6729959192961106 -1.583567988834995 -4.314703304559532 -1.3626974184805605 -4.955789550502541 -1.1391126650086922 -5.600092955932735 -0.9156175026940472 -6.248445019363917 -0.6933942872966841 -6.900740350458584 -0.4714939452098872 -7.557219916276933 -0.2463984052378548 -8.215057850539184 -0.018248977124685477 
7	0.7	72.002	4	7	10	10	10	10	(5, 23, 89)	5.601107323929805	8.449368349609268	-2.836151803360443 -3.4036115176644666 -3.4983679094908644 -3.1757717314282434 -4.1616443737861 -2.9512268423634977 -4.826374935454362 -2.7311871855521 -5.49242162049194 -2.5153032084645446 -6.15933241141246 -2.3022525199839556 -6.826571399569707 -2.0904116087382376 
7	0.7	72.002	4	7	10	10	10	10	(58, 254, 138)	5.517508190014347	8.063154502490582	-2.4654526670220016 -2.0791470183072556 -1.7883803391944855 -2.1106790573243517 -1.1090884825569571 -2.1416425896959774 -0.42664068447605924 -2.1683111460711015 0.2616837884196426 -2.1850881327703204 0.9537439243227164 -2.197768590727687 1.6496768612020805 -2.2094498786802976 
8	0.7	72.002	4	7	10	10	10	10	(112, 147, 67)	6.212674302404508	8.949453092108774	-2.0936113302946593 1.8304821306156545 -2.7535735987119847 1.6237078525760584 -3.4094548048647457 1.43270896280677 -4.074359105258249 1.2723858417675682 -4.747250529108427 1.1450761837484846 -5.427127139331086 1.0470615269926504 -6.112499294753367 0.9703188479803945 -6.801949895579109 0.9043187437885523 
8	0.7	72.002	4	7	10	10	10	10	(10, 201, 187)	6.1270439132195325	11.71495255415511	-1.8040259253592599 0.6725954522430442 -1.1381731121356558 0.6310024328259727 -0.4756595560886067 0.5688235601409533 0.18530576400067789 0.4754190716734225 0.8443897946591792 0.3466247449292654 1.5035280280160497 0.18832708811485202 2.1650223167178297 0.010280332669699181 2.8316609595270084 -0.1770855902502786 
6	0.7	72.002	4	7	10	10	10	10	(23, 255, 4)	4.901157621755128	9.3276056854486	-2.615071860229195 3.098758589992642 -1.912434517186695 3.123051272382692 -1.2134083680626149 3.142303199306993 -0.5143788950001423 3.165526923656116 0.18461706663484398 3.194428495429742 0.8836824086596993 3.226505728870152 
6	0.7	72.002	4	7	10	10	10	10	(60, 150, 74)	4.89300541328582	8.856076851931272	-3.9777114876497386 2.6689298904675183 -4.669242523482197 2.576844644698702 -5.361832588896829 2.489164986994722 -6.055570142337536 2.406819087934889 -6.750258266862449 2.3284798507750004 -7.445607327250695 2.251899779097967 
7	0.7	75.003	4	7	10	10	10	10	(67, 228, 59)	5.589965020864849	7.187368289378181	-4.280813008969786 -0.08993362679048297 -3.6106692078741895 -0.28372315060598985 -2.938909087494447 -0.46948973779738806 -2.255118062556066 -0.6266303796389385 -1.5675577764142066 -0.7456367277401768 -0.8766345615355056 -0.8430050523732379 -0.18401067077661185 -0.9314092513252894 
9	0.7	75.003	4	7	10	10	10	10	(255, 93, 24)	6.659322329831101	8.000863593271017	-3.4336639769030213 -1.7228823844807815 -4.018179083588582 -1.5734983733961243 -4.6165878142828 -1.398937677729698 -5.227579449236228 -1.1943591869006243 -5.848192618659175 -0.9704106519061325 -6.4767920790613305 -0.7370440609345695 -7.1124468288641145 -0.5001825238850901 -7.754862187610826 -0.25829746787427815 -8.403495748616866 -0.013640729625350862 
8	0.7	75.003	4	7	10	10	10	10	(5, 23, 89)	6.301103925472836	8.449368349609268	-2.247786982853046 -3.8367438124406354 -2.9075043677579693 -3.6042042972351482 -3.5676547832862897 -3.357589290907787 -4.218278222700162 -3.1016398942122665 -4.868162449860147 -2.843590742816238 -5.518851968283826 -2.5872263503615054 -6.170657416748639 -2.3333324126537187 -6.82324236198338 -2.081158147238536 
8	0.7	75.003	4	7	10	10	10	10	(58, 254, 138)	5.983641718179433	8.063154502490582	-2.7434789891750713 -2.319587997572471 -2.1359638644323566 -2.2852479934880683 -1.511462994059737 -2.2674049642271625 -0.8684990705118052 -2.269261736792044 -0.20904185688693028 -2.2834205004259225 0.4635704940452269 -2.2972758956664765 1.146618648998503 -2.3091981278432874 1.8384569503806665 -2.319704448572002 
9	0.7	75.003	4	7	10	10	10	10	(112, 147, 67)	6.9904012073627	8.949453092108774	-1.4015053186699424 2.1524346666249206 -2.0728859991974136 1.971511999352955 -2.7497490916309864 1.7758224386112238 -3.4251599501460017 1.5624745083674059 -4.093388753424322 1.3704834867708038 -4.76954682239495 1.2079862256947205 -5.452448334483193 1.0713573390749354 -6.139724962656671 0.952985066915773 -6.828716333227399 0.843239632470568 
9	0.7	75.003	4	7	10	10	10	10	(10, 201, 187)	6.91220917822988	11.71495255415511	-2.4124462356265206 0.6758173348903392 -1.7418157824212317 0.6270120854730533 -1.0662273747148425 0.5604118772535255 -0.385029603841158 0.47582191599450246 0.2990081356170458 0.3782491894660558 0.9843222411580106 0.2731668629305738 1.6709447858225492 0.16479405233760128 2.359003414394086 0.05513276078343282 3.0486177492159636 -0.05505421393301045 
7	0.7	75.003	4	7	10	10	10	10	(23, 255, 4)	5.598500820116961	9.3276056854486	-3.063221913593472 4.143269002710022 -2.402657386769208 3.9128057312568583 -1.7401909878265147 3.6883235588165983 -1.0756096403745588 3.470490614834462 -0.4096397521055884 3.2546984159699544 0.2574275448626756 3.042514241717036 0.9251474245829504 2.832426812580262 
7	0.7	75.003	4	7	10	10	10	10	(60, 150, 74)	5.5792017111473715	8.856076851931272	-3.543737902859103 2.8795798202433835 -4.225046953672528 2.75068806546987 -4.909222366007217 2.627713706801424 -5.595945773647009 2.5128583149051895 -6.2846915417924505 2.4044766298397295 -6.974928552601913 2.299787316228824 -7.6662890738386515 2.196358727450779 
8	0.7	78.004	4	7	10	10	10	10	(67, 228, 59)	6.237897461691526	7.187368289378181	-4.891322245062804 0.02657169551868557 -4.224256677044252 -0.13287761669699005 -3.5578174636842754 -0.3016827546443907 -2.8898292248237314 -0.48075903240430257 -2.2176276955292655 -0.6497914870559843 -1.5423298900088764 -0.7972945971807262 -0.8619828939314012 -0.9305419488669121 -0.17821003235140145 -1.0569469543579375 
9	0.7	78.004	4	7	10	10	10	10	(255, 93, 24)	6.81545150094944	8.000863593271017	-3.5877316355669966 -1.6275402466702433 -4.235997986490696 -1.50107059854291 -4.882242225637368 -1.35010123431108 -5.52469697077421 -1.1647553009459666 -6.160816974766716 -0.9480464004505574 -6.799319729785614 -0.714288986557552 -7.439437086440356 -0.46976837003619937 -8.08259828267143 -0.2190950670032946 -8.729792378692151 0.03470787800160618 
9	0.7	78.004	4	7	10	10	10	10	(5, 23, 89)	7.02071116586877	8.449368349609268	-1.7540923045463779 -4.501677518158683 -2.408177754468 -4.250260265608265 -3.0598581478690363 -3.9912364931879893 -3.7073609181107825 -3.706952060807808 -4.335865447497328 -3.3878595204417965 -4.957011129056263 -3.0585872517835475 -5.579339246510479 -2.7344015249890004 -6.206442266147422 -2.4210881749078283 -6.837557053492679 -2.1161422780546353 
9	0.7	78.004	4	7	10	10	10	10	(58, 254, 138)	6.784651318865059	8.063154502490582	-3.152888194361895 -2.648750360547859 -2.5041585171094707 -2.5893414808479114 -1.849944142787772 -2.53411333599344 -1.1888074514402769 -2.483779245342454 -0.5203073875980475 -2.436788572810241 0.1553053867474858 -2.390309521854079 0.8362764534964513 -2.3407402856506376 1.5232770393280397 -2.289556686605468 2.2159137098513524 -2.2376478837205207 
9	0.7	78.004	4	7	10	10	10	10	(112, 147, 67)	6.996412905988102	8.949453092108774	-1.4315628603546482 2.2267746677698748 -2.1096025011862465 2.0516045175947286 -2.789980938158678 1.8741321592517726 -3.465414052888505 1.6983721678625827 -4.143047316976509 1.5327798455186743 -4.822701466909345 1.3742876551384855 -5.505284079996836 1.211174599726407 -6.182459965304866 1.039828919131571 -6.859575840247367 0.8652462692715717 
9	0.7	78.004	4	7	10	10	10	10	(10, 201, 187)	6.916120426720926	11.71495255415511	-2.2986630575501934 0.6913581373969361 -1.6215583414052117 0.6052155152757119 -0.9433195229157507 0.5182133778286934 -0.26304339118780273 0.43038066897165095 0.4192676937026165 0.34119389409032297 1.103614683879527 0.2501501520836666 1.7900521592560532 0.15715759122454812 2.4786919714298663 0.0626045342183269 3.1696691989819445 -0.03284487088405335 
8	0.7	78.004	4	7	10	10	10	10	(23, 255, 4)	6.30287762816508	9.3276056854486	-3.5535009714308274 4.823449064159152 -2.909344331093672 4.548303714748777 -2.2657826757922654 4.265592862139381 -1.6308418155484388 3.9716472218711445 -0.9983172301246369 3.672094837013673 -0.3664896518056084 3.3708811631613926 0.26539092529740227 3.0696941861785008 0.8974258202295341 2.7688049757736883 
8	0.7	78.004	4	7	10	10	10	10	(60, 150, 74)	6.2406581538020305	8.856076851931272	-3.0234566131972356 3.1796059953779543 -3.6950297130903778 3.0402009975490603 -4.367086088031605 2.8951127578634166 -5.039746635972367 2.7443895465901806 -5.713506905964174 2.589594570792515 -6.388924312655959 2.4328113676905008 -7.066401614235168 2.275565861772925 -7.746111237880638 2.1180880313731345 
9	0.7	81.001	4	7	10	10	10	10	(67, 228, 59)	6.931491642082088	7.187368289378181	-5.534592152016178 0.1381884937608219 -4.877670918104309 0.009521825418247271 -4.2161515845089435 -0.13484096208989804 -3.5503416007511652 -0.2959490552681778 -2.8714118958699397 -0.46576988761362026 -2.1897988738464984 -0.6327506647925831 -1.5099137910588825 -0.7934644467179812 -0.8279788194125667 -0.950177343142804 -0.14528748855029147 -1.105009862603326 
10	0.7	81.001	4	7	10	10	10	10	(255, 93, 24)	7.6132712041050645	8.000863593271017	-2.97299967599728 -1.7481359139469128 -3.646877691188138 -1.630842418017252 -4.3179534641071875 -1.5006388027403672 -4.986147019709021 -1.3471326805282178 -5.6497188313858615 -1.1645771984168989 -6.309663531409708 -0.9492413892755468 -6.960313916286615 -0.7148949493079454 -7.609561235955996 -0.47185382503451706 -8.259938038747006 -0.2260600598817752 -8.912475173843916 0.020521677895483533 
10	0.7	81.001	4	7	10	10	10	10	(5, 23, 89)	7.727921214059716	8.449368349609268	-1.3048321519525077 -5.195951367361273 -1.955404531268619 -4.936337089712971 -2.606879115630399 -4.6764338563169785 -3.2574127626038796 -4.40998462205214 -3.899289861629584 -4.120401662149038 -4.526437664707707 -3.7735564623978424 -5.1144357672435055 -3.3896465190493212 -5.692242174859823 -2.99274076028372 -6.2700421073698465 -2.5979436413972516 -6.850366160796453 -2.207938882509962 
10	0.7	81.001	4	7	10	10	10	10	(58, 254, 138)	7.5108879830450554	8.063154502490582	-3.6205457020771346 -2.9705050682220806 -2.9649201535471623 -2.9680800814472823 -2.303900767809483 -2.9180434724738653 -1.64306271268167 -2.82324721232164 -0.9777703931704702 -2.702462448272329 -0.30789432955451773 -2.574112326565143 0.3671470834132511 -2.450045843319178 1.0473754094138608 -2.33428020680772 1.732165736204245 -2.2251744179080504 2.4207266932886755 -2.1187863999722234 
10	0.7	81.001	4	7	10	10	10	10	(112, 147, 67)	7.714841262036032	8.949453092108774	-0.7889425606537049 2.3198035789069977 -1.4817095421218054 2.2229661903705193 -2.1737116204304026 2.1239858798498368 -2.8662640769509444 2.0186968338718017 -3.5599916275569954 1.8847729404867828 -4.242209340652445 1.7306137678138136 -4.922103650471458 1.564685094700421 -5.599305700210189 1.3857211667935736 -6.277744912769211 1.1781948865004463 -6.9413018656841 0.9550889109693137 
10	0.7	81.001	4	7	10	10	10	10	(10, 201, 187)	7.567287042501377	11.71495255415511	-2.8069094224491646 0.7976867804940602 -2.136358316642139 0.7233397067772283 -1.4642341039609728 0.6404926893255536 -0.7906454861649279 0.5507469938873777 -0.11522668577305459 0.4554959821219315 0.5623533704571834 0.3560963616556512 1.2424006409593262 0.2538179894611128 1.9251796109428752 0.14972232361019322 2.6108912602842134 0.0445633719241329 3.2996618981726056 -0.061233018494171614 
9	0.7	81.001	4	7	10	10	10	10	(23, 255, 4)	7.0127118694590305	9.3276056854486	-4.071969306810556 5.367434145229126 -3.4140737851570893 5.125999283850969 -2.758266792966233 4.877286132376982 -2.1104328732304416 4.608586200159285 -1.4766869854453366 4.301415535882295 -0.8591691356447478 3.9680909954103942 -0.2504758993673735 3.6193109204139913 0.35353536591762363 3.2633627505352827 0.955698803305114 2.905349443279462 
9	0.7	81.001	4	7	10	10	10	10	(60, 150, 74)	6.882472915387796	8.856076851931272	-2.521690325882983 3.412449038336936 -3.193081453132515 3.3201361867452848 -3.861571201964148 3.209362209037681 -4.527101319424068 3.0730729660976155 -5.189889209411461 2.9115408712675337 -5.850417702452666 2.7278781960367695 -6.509724300117628 2.5261930717943377 -7.169319906665352 2.312170108962477 -7.830755801619899 2.091965134827944 
11	0.7	84.002	4	7	10	10	10	10	(5, 23, 89)	8.430095239637879	8.449368349609268	-0.7455157781903645 -5.587529645663466 -1.406873370161196 -5.3566729475660475 -2.0684060071345995 -5.124417959134603 -2.7290574261212046 -4.88706340845969 -3.3863383832828684 -4.6374043488339565 -4.035209104969083 -4.364118469223255 -4.666517636365676 -4.051682723187671 -5.271718447467382 -3.679611464874616 -5.842336518855245 -3.2704022782148625 -6.399581258650135 -2.8440912883505742 -6.9529472507015715 -2.414236476866834 
12	0.7	84.002	4	7	10	10	10	10	(10, 201, 187)	8.941522983622034	11.71495255415511	-4.059231251921157 0.8537132392453539 -3.38733152386395 0.8477990386823889 -2.7143494979537626 0.8240483802471472 -2.0383593040628423 0.7810528657473721 -1.3604918239549126 0.7162858148010364 -0.6816092916493409 0.6306932367203578 -0.0025138777375125713 0.527811825455364 0.6768848884120632 0.4122872563827504 1.3570507681508441 0.2891419833779804 2.038655239491398 0.16243557909982437 2.7222261519667907 0.03451576328327848 3.4080144148105034 -0.0938102357280873 
10	0.7	84.002	4	7	10	10	10	10	(23, 255, 4)	7.713318723177547	9.3276056854486	-4.653627476650262 5.772907629872078 -3.9887351862498828 5.552606764765284 -3.324379178322447 5.3293807752991595 -2.662734420413792 5.097362044235741 -2.007555587496199 4.84767670816276 -1.3614506675371443 4.567528264180192 -0.7344911810140011 4.251679796481824 -0.11382000292540816 3.9240172424249318 0.5083890229741876 3.6009466624028708 1.1347197457047828 3.2871352192313092 
10	0.7	84.002	4	7	10	10	10	10	(60, 150, 74)	7.601123070169283	8.856076851931272	-1.9526978644081299 3.4814386965742634 -2.634758170992908 3.4829252553948904 -3.3176925724983444 3.4594798528319415 -3.9989867764500415 3.397023432508762 -4.674093023437628 3.2744856483507583 -5.339466050706593 3.100226142846044 -5.999021145219436 2.894076282360887 -6.655889123158743 2.6722621956935693 -7.312795680950833 2.443849354981219 -7.9712209500178846 2.2127384517048214 
5	0.7	84.002	5	7	10	10	10	10	(33, 237, 124)	4.1856548250676955	8.223010176190964	-4.768083297187065 -1.6251024999605808 -4.076351667724269 -1.6852568404274817 -3.382797510154644 -1.75768346077409 -2.6917457642851166 -1.8429984121173832 -2.0001325694661776 -1.9348723382389241 
6	0.7	84.002	5	7	10	10	10	10	(223, 65, 202)	4.880722283872643	8.986026082531954	-6.10346818661735 -1.3312651487648954 -6.728823932716076 -1.030334982191434 -7.351670444035898 -0.7141532220122818 -7.970090208255496 -0.4001334882535947 -8.594637812644269 -0.09234942888650123 -9.223475003723651 0.21144570666781357 
5	0.7	84.002	5	7	10	10	10	10	(184, 99, 69)	4.005674348294262	7.9690494666812635	-1.674838723734339 -3.4336871284338333 -2.308099107977397 -3.3030051586067932 -2.94275776058616 -3.1787239478261555 -3.581284051176197 -3.0503141644353526 -4.22704268087806 -2.908964461163009 
6	0.7	84.002	5	7	10	10	10	10	(124, 181, 205)	4.725740249265778	7.6278539179961	-0.6448837847446424 -2.9139542557946427 -0.020218245679459346 -2.756387444408226 0.6116421411946309 -2.5918269073887754 1.252866435563258 -2.4188792645612516 1.9046602949763154 -2.238820725592294 2.5675698759813983 -2.053874350756059 
6	0.7	84.002	5	7	10	10	10	10	(31, 1, 124)	4.694114766842581	10.778464526353194	-2.732482334593929 2.146656831076676 -2.0941796392731358 2.1592547312881694 -1.444890858462904 2.1710870873272854 -0.785987421463795 2.1717242429565933 -0.11752198233028276 2.1558336940854246 0.5605742435541234 2.1264365012520563 
6	0.7	84.002	5	7	10	10	10	10	(147, 205, 95)	4.73985701310435	9.6486800784526	-3.8572561541663837 2.1673777215325085 -4.472531447263681 1.9658847617323534 -5.092156524025019 1.750127648555435 -5.719503529864371 1.5324402358904694 -6.360066083171703 1.317186345726444 -7.019543898331423 1.0930992792403906 
5	0.7	84.002	5	7	10	10	10	10	(237, 132, 154)	4.074231811110215	7.216395910501703	-3.6274248531964717 -0.43489499311929275 -4.257378375089462 -0.3324548033018169 -4.924229308628865 -0.20778407446508568 -5.595157866915706 -0.07139979455485901 -6.2542900395265475 0.06426379937898279 
5	0.7	84.002	5	7	10	10	10	10	(153, 21, 251)	4.113162847809683	7.193120151173842	-2.7370294836151268 -0.4872840864433399 -2.1070847481876607 -0.5752693023843435 -1.433254480964718 -0.6733844751119817 -0.7452886443745964 -0.7806204281819717 -0.0543920439638908 -0.8924840234010695 
13	0.7	87.003	4	7	10	10	10	10	(10, 201, 187)	9.616645594167766	11.71495255415511	-4.659565249616871 0.9132888155009619 -3.9864951744781147 0.8887048034979805 -3.314433329324983 0.8504778957353393 -2.6401126030506132 0.800610835010316 -1.9638757430996625 0.7424018740725931 -1.2871096997047673 0.6744727526908852 -0.6087733556525176 0.5952378216453365 0.07097084152827765 0.5042677484599792 0.7518975848841881 0.4024571928982306 1.4338619952651253 0.29149232388391244 2.117173896617252 0.17411847768671018 2.8021426028664624 0.05297869580298981 3.4890702431301905 -0.06979430905278718 
11	0.7	87.003	4	7	10	10	10	10	(23, 255, 4)	8.414715840629341	9.3276056854486	-5.284780162667953 6.047621576824828 -4.6151466080728385 5.842644661292892 -3.9452245744066867 5.637498812242039 -3.275389190930132 5.430855003800979 -2.606768316293882 5.219132550684774 -1.9416517867459222 4.995868982157091 -1.284005606474066 4.751604057795942 -0.636426200254755 4.47265753508039 -0.010127642204269365 4.157355452304875 0.6057918282725455 3.8220366787168154 1.2173427232683343 3.4798997703227643 
11	0.7	87.003	4	7	10	10	10	10	(60, 150, 74)	8.339387376985584	8.856076851931272	-1.3391695199938416 3.3989473760962072 -2.019812892903695 3.4913869907120656 -2.703360526117198 3.5628161936813565 -3.3909002770262653 3.5970960557099434 -4.080031515589616 3.5786292534333706 -4.767368076728859 3.4907148187435775 -5.447843858008395 3.3418181888744574 -6.119908254971212 3.1502504625719125 -6.7845231970510715 2.9320385387799823 -7.444635388146367 2.699886104676905 -8.103115783764572 2.4628572952467214 
6	0.7	87.003	5	7	10	10	10	10	(33, 237, 124)	4.721939429288891	8.223010176190964	-5.1154136884691335 -1.5379698104378896 -4.495303406170445 -1.6691659528649945 -3.853404630361504 -1.781065749748947 -3.193496991873044 -1.8767148774918008 -2.5185104691994002 -1.9634306307212008 -1.8344334152680464 -2.047190545921797 
7	0.7	87.003	5	7	10	10	10	10	(223, 65, 202)	5.507766332627808	8.986026082531954	-5.927109325228376 -2.1283899256369416 -6.4499965203656915 -1.6984306329602314 -6.983132858682159 -1.2881332582770266 -7.537297907745043 -0.8910741092734363 -8.104555506113579 -0.5030999040697283 -8.68099511176435 -0.11925049409756693 -9.262346880975137 0.26442070885283725 
5	0.7	87.003	5	7	10	10	10	10	(184, 99, 69)	4.186325411147245	7.9690494666812635	-1.5483627632950057 -3.846648469883915 -2.213458593416247 -3.636052427090069 -2.8792687753603654 -3.4304367150522586 -3.547001227589395 -3.2344156683006293 -4.216500327648166 -3.0444149371918563 
6	0.7	87.003	5	7	10	10	10	10	(124, 181, 205)	4.888099977213104	7.6278539179961	-0.6673249365583296 -2.7795358264337775 0.013313122229800758 -2.6381923058465517 0.6955905511281747 -2.496808952715901 1.3790461197375887 -2.355374551258061 2.063345651515318 -2.213810448150234 2.7482830376965137 -2.0721020045630416 
6	0.7	87.003	5	7	10	10	10	10	(31, 1, 124)	4.899481387345712	10.778464526353194	-2.6608085890100157 2.1683078679061967 -1.9620620183937403 2.1153412816523605 -1.2629024734634429 2.0691814817356917 -0.5645731710444455 2.038126396690677 0.13441189076543683 2.015398015292533 0.833809863056745 1.9957262810974412 
6	0.7	87.003	5	7	10	10	10	10	(147, 205, 95)	4.890162416582229	9.6486800784526	-4.069570202422283 2.2891725523145987 -4.748683357677567 2.1345172974826356 -5.4261626085929615 1.947998909711306 -6.086697286220368 1.731443852410134 -6.743774862449476 1.4984596166580595 -7.400425781436307 1.2597652076458656 
5	0.7	87.003	5	7	10	10	10	10	(237, 132, 154)	4.185336089480016	7.216395910501703	-3.7678798474581683 -0.47087351180216175 -4.4563717495886825 -0.3675407989079741 -5.150344039185559 -0.25165928082693434 -5.829976291947503 -0.12195856767717372 -6.509468239977626 0.01749494958077196 
5	0.7	87.003	5	7	10	10	10	10	(153, 21, 251)	4.192115820860193	7.193120151173842	-2.387925645883851 -0.5729401465985464 -1.6967183496442404 -0.6625109551036139 -1.0051302035188365 -0.7545152800284006 -0.313135179017463 -0.8485067348367372 0.37946874125010915 -0.9435805488680469 
6	0.7	87.003	5	7	10	10	10	10	(104, 93, 190)	4.772813906566946	8.331973358736452	-3.191628110132064 -4.767300499770789 -2.5726560098009683 -5.000121839027432 -1.9487719521095528 -5.234353536284798 -1.3182578832141556 -5.470339387761008 -0.6798679166072746 -5.708583457176141 -0.03285968270034326 -5.949688142810661 
6	0.7	87.003	5	7	10	10	10	10	(99, 249, 131)	4.783664979671105	9.109536870351661	-4.402736503584661 -4.530784755488691 -4.962350468498663 -4.173510626108533 -5.528465031920594 -3.8187502952958274 -6.105950819228858 -3.470881177646387 -6.696618207297065 -3.121487025822667 -7.2882915466537055 -2.764155790616864 
14	0.7	90.000	4	7	10	10	10	10	(10, 201, 187)	10.351175091294207	11.71495255415511	-5.324600181725176 0.9237553197625984 -4.643014339723237 0.8818558488198539 -3.9636789858751165 0.8402703530127918 -3.2859198031038184 0.8011281399380559 -2.598619619928441 0.7606757250992177 -1.9115502194363794 0.7018500493406252 -1.2287307893522277 0.629053190076693 -0.5459007605186026 0.5519841156246572 0.13793161172842563 0.47206191646505763 0.8224587578455103 0.3853094324772382 1.507257755975741 0.2886913154559883 2.19258161061254 0.18269750793552067 2.879040750062465 0.07047215916507042 3.5672835456739316 -0.044409187284182965 
12	0.7	90.000	4	7	10	10	10	10	(23, 255, 4)	9.113174945136345	9.3276056854486	-5.938766933749041 6.26751325279309 -5.265528846095351 6.0743450240149 -4.591792547274625 5.881248460883078 -3.9177011373214863 5.6873572496608755 -3.2440291431200996 5.489489809238034 -2.5746147022371546 5.281883463695515 -1.9083698080409692 5.063993477519362 -1.2450422654944469 4.835204756085651 -0.586575429143836 4.59145136200401 0.06383310781140049 4.325623020643897 0.7020787857953564 4.0382337892186735 1.3367312573039276 3.7426440752866315 
6	0.7	90.000	5	7	10	10	10	10	(33, 237, 124)	4.815707177558842	8.223010176190964	-5.025515182002108 -1.8021683503519497 -4.347847504328475 -1.8883984667628546 -3.6649690439785996 -1.9603411832887927 -2.9783918339290967 -1.9935775723698113 -2.2987400696920823 -1.9978521236743791 -1.619917381677104 -1.9897314567526578 
7	0.7	90.000	5	7	10	10	10	10	(223, 65, 202)	5.5699555416013045	8.986026082531954	-6.226427256206323 -2.342683173778977 -6.738872873317765 -1.8794838892200714 -7.252503612147903 -1.415389733978191 -7.766239844875465 -0.9473683910535169 -8.279418055275128 -0.4772062533207686 -8.79313847257289 -0.005644910016809467 -9.307744465286795 0.46691016198271673 
6	0.7	90.000	5	7	10	10	10	10	(184, 99, 69)	4.876463463163043	7.9690494666812635	-1.0654010530642146 -4.382307847103445 -1.7255996966232507 -4.143617263057481 -2.376857807708716 -3.902824254586887 -3.0285376508365367 -3.664216926724703 -3.681847804654876 -3.4316533550906834 -4.336362836333276 -3.205038942167602 
7	0.7	90.000	5	7	10	10	10	10	(124, 181, 205)	5.486870307104487	7.6278539179961	-0.9885001225835441 -3.0627310611259793 -0.34561472526684267 -2.876095320313957 0.3016335451978239 -2.69025895878748 0.9540145413100963 -2.505534218702905 1.611895506142373 -2.3214439191738774 2.2753869986326176 -2.1371721276705755 2.9444669755646515 -1.951904228221174 
7	0.7	90.000	5	7	10	10	10	10	(31, 1, 124)	5.48443322093531	10.778464526353194	-2.972970729286134 2.0936741764002846 -2.3017063121757984 2.053371292302854 -1.6303046535425632 2.004689781084518 -0.9567823456179468 1.9503668548696338 -0.27400448585922466 1.904527398306869 0.41099822348843446 1.8689148767039157 1.1031136181631525 1.8371573010265256 
7	0.7	90.000	5	7	10	10	10	10	(147, 205, 95)	5.496853592269392	9.6486800784526	-3.9270642676156693 2.9126077629704823 -4.541480540961886 2.6379428501918767 -5.163020302692545 2.3727080485692564 -5.791401650034894 2.1140457818888643 -6.422343506964397 1.8485173709262637 -7.057955303594607 1.581528983358493 -7.698698623101788 1.3133853289745305 
6	0.7	90.000	5	7	10	10	10	10	(237, 132, 154)	4.550875169694896	7.216395910501703	-3.480175030399443 -0.7492700882742043 -4.049510340998004 -0.6161048570833831 -4.636109577802593 -0.5013273334093417 -5.257654858347487 -0.4032176269868182 -5.91096764297361 -0.30871053874019705 -6.583190996075712 -0.2123325918098504 
6	0.7	90.000	5	7	10	10	10	10	(153, 21, 251)	4.55687639267145	7.193120151173842	-2.7052203443787404 -0.42481347323989915 -2.13498006110118 -0.5568412988090751 -1.5481203258489316 -0.6723666810609359 -0.924867800126561 -0.7760497107265396 -0.27154557712157945 -0.8678097677511319 0.40472993323559064 -0.95502692466516 
6	0.7	90.000	5	7	10	10	10	10	(104, 93, 190)	4.898899514521874	8.331973358736452	-3.2120088724195974 -5.081775108337973 -2.545680179077989 -5.295905818370067 -1.8773523259203408 -5.505504623917345 -1.2045615434990025 -5.701569369150333 -0.5293861225203262 -5.880650417573288 0.14803954652242937 -6.054135042332072 
6	0.7	90.000	5	7	10	10	10	10	(99, 249, 131)	4.89877893156238	9.109536870351661	-4.524963075382333 -4.6020246818970785 -5.159570264691567 -4.307244435554655 -5.792700679556196 -4.011038542012344 -6.426039190787657 -3.714026263544623 -7.059751830755834 -3.4140864979269505 -7.690019507409328 -3.110849344006161 
6	0.7	90.000	5	7	10	10	10	10	(21, 242, 70)	4.829664159077087	8.232529762170314	-3.8764331819815308 4.289197711766089 -3.2263729333345834 4.061463132217207 -2.579443173998996 3.835656427385276 -1.930907057041607 3.6168251986512736 -1.2792047448806458 3.4075117593425706 -0.6225382813515988 3.20661472373826 
6	0.7	90.000	5	7	10	10	10	10	(165, 241, 137)	4.850046145652938	8.295302687543531	-5.144645383759183 3.8657792893434446 -5.778659643557738 3.6058048212451896 -6.4146463366755135 3.3461091376963954 -7.053226430587911 3.086502389396796 -7.6951000682119295 2.826824052493356 -8.340743483456695 2.566656972887531 
7	0.7	93.001	5	7	10	10	10	10	(33, 237, 124)	5.451922101390897	8.223010176190964	-5.574368758316426 -1.6683573552420243 -4.903722046464583 -1.7496075740450148 -4.233613646239494 -1.8234958732087676 -3.562038130852171 -1.8910928887648026 -2.888798136220778 -1.9446632617562687 -2.213810440385657 -1.9806620843600709 -1.5381721277260294 -2.0001044972266535 
8	0.7	93.001	5	7	10	10	10	10	(223, 65, 202)	6.311345625551613	8.986026082531954	-5.9090901074101305 -3.0105086754701254 -6.454587174784627 -2.566408625497417 -6.986800257131097 -2.109421393225516 -7.508293486580794 -1.6394283734298756 -8.015297735044506 -1.1536658145597871 -8.498470436837659 -0.6459807814399244 -8.97026937444534 -0.1276586084575979 -9.43812608233226 0.3937041660191935 
6	0.7	93.001	5	7	10	10	10	10	(184, 99, 69)	4.914207411360284	7.9690494666812635	-1.06816181472947 -4.537428652977705 -1.72392897671473 -4.273855600299263 -2.37775927059164 -3.9855926481486272 -3.0150462328748913 -3.6992919340069843 -3.6578573568048016 -3.4278909790320684 -4.303520525627048 -3.1666865183932624 
8	0.7	93.001	5	7	10	10	10	10	(124, 181, 205)	6.115642432943956	7.6278539179961	-1.3804287825980763 -3.197245440927315 -0.746317569093692 -3.054944873841924 -0.11436129655816556 -2.8906641113033205 0.5238644543207902 -2.702692988040782 1.1680247395935568 -2.4969201692351723 1.8177864470046698 -2.281215467483054 2.4728111383175877 -2.0615821834739108 3.1325115507954395 -1.84054902351532 
8	0.7	93.001	5	7	10	10	10	10	(31, 1, 124)	6.211454366351388	10.778464526353194	-3.5409288506300807 2.0395693120887506 -2.864389297182112 2.058219133897648 -2.192040909632495 2.0504406957261323 -1.5113630384377168 2.0096911595750075 -0.8250757427292515 1.9474586836259533 -0.13361930534441244 1.879020515391884 0.5602601785130961 1.8084970705551733 1.2556641303178668 1.737927104892756 
8	0.7	93.001	5	7	10	10	10	10	(147, 205, 95)	6.194471890814354	9.6486800784526	-3.4626139158646856 3.2337414427895577 -4.098329106772884 3.0517173966169486 -4.729095833109321 2.8410442948922303 -5.369580939841984 2.6175075817690234 -6.019104799945485 2.3921073310813874 -6.674057411589303 2.163562583447994 -7.336622933580079 1.9110433556503676 -7.983093824249037 1.643726025557815 
6	0.7	93.001	5	7	10	10	10	10	(237, 132, 154)	4.804286507377141	7.216395910501703	-3.6836545592154426 -0.5082613741802148 -4.363352693784618 -0.45341560891960314 -5.041174440231717 -0.40517265555528076 -5.720747815110891 -0.3698954621135745 -6.39954936381314 -0.34127395101871205 -7.081363463147303 -0.3019060674366917 
6	0.7	93.001	5	7	10	10	10	10	(153, 21, 251)	4.867113408491521	7.193120151173842	-2.3506142445020384 -0.6198500773996528 -1.6661971229239123 -0.6974973225590151 -0.9764998766524384 -0.7862752868866386 -0.2906124734865813 -0.878189258321597 0.397663263342734 -0.9671507351051342 1.0890920922394312 -1.0542928480705807 
7	0.7	93.001	5	7	10	10	10	10	(104, 93, 190)	5.575378505103641	8.331973358736452	-3.62407643542715 -4.873590670863506 -2.9938879062621893 -5.15895939318469 -2.3573365597820444 -5.432820546807583 -1.7112946008290428 -5.689343074293681 -1.0558072377362682 -5.9302109041011 -0.39826874795226996 -6.164982836162852 0.26032391252548565 -6.399148062552221 
7	0.7	93.001	5	7	10	10	10	10	(99, 249, 131)	5.5872038545564315	9.109536870351661	-4.613168157072542 -5.732056931072436 -5.147630021099027 -5.285057363334723 -5.689981031873535 -4.847233071009298 -6.242250215787524 -4.420900218283669 -6.801483057514174 -4.002020771557547 -7.359232073147117 -3.5818309630632186 -7.91516173888038 -3.1585580339351536 
6	0.7	93.001	5	7	10	10	10	10	(21, 242, 70)	4.919462153884652	8.232529762170314	-3.8780782165105987 4.52731752358062 -3.201175094250549 4.315824389099416 -2.5295761172537827 4.064664328144008 -1.884170557820496 3.7968814518841882 -1.2401633927161697 3.52916664074627 -0.5942028598931132 3.2671617794047574 
6	0.7	93.001	5	7	10	10	10	10	(165, 241, 137)	4.902459597866552	8.295302687543531	-5.286830727135606 4.104196287000827 -5.945704209207648 3.866293409681448 -6.604250530483941 3.6266563734244883 -7.261317908156978 3.383095164190486 -7.916040404031072 3.1344109006787897 -8.569114893065954 2.8823146557889054 
6	0.7	93.001	5	7	10	10	10	10	(11, 48, 61)	4.847769498914126	8.193308395555551	-3.5016319128256512 5.782263810919056 -4.176009242810485 5.898841295875748 -4.850612346312753 6.024229247932986 -5.526249436471232 6.158775639870842 -6.204089467704925 6.299449305307826 -6.885180193705807 6.442961280178556 
7	0.7	93.001	5	7	10	10	10	10	(207, 128, 62)	5.530054905215993	8.621145655451175	-2.234159904695021 5.402539799689369 -1.60359589414764 5.143234398003515 -0.9716715389883323 4.882792034491263 -0.33824962199281844 4.6194164093472185 0.29723308333321974 4.351437412841317 0.9350203081739668 4.080905500537098 1.5758606927411447 3.808577242593658 
8	0.7	93.001	5	7	10	10	10	10	(208, 58, 245)	5.92697548254737	9.399502128018849	-2.079041281113992 0.6986568113912557 -2.7078799834039695 0.7394903158576093 -3.3417227019869733 0.7901742834465342 -3.985947363234865 0.8535218567047798 -4.6280001696241 0.9143965827994229 -5.277284853835401 0.9509831294606761 -5.932822248627154 0.9545865335946024 -6.595200428679682 0.9303720062741735 
8	0.7	93.001	5	7	10	10	10	10	(75, 71, 16)	6.059341694790499	10.086904529726176	-0.9811852130318857 0.5732630590455136 -0.34982391541052177 0.49967882328667845 0.29205713414177803 0.4258213937496749 0.9446329233459521 0.3533741923347532 1.607725219789959 0.2828696759582824 2.280593530163051 0.21386961547945343 2.962192347859897 0.14553947441358936 3.6515610725819343 0.07704205981646926 
8	0.7	96.002	5	7	10	10	10	10	(33, 237, 124)	6.192028720365062	8.223010176190964	-6.223869886524674 -1.7481710857517498 -5.56805789973757 -1.865904932668657 -4.892393896199492 -1.9556894633226334 -4.208289902629548 -2.01569819712009 -3.520705699105628 -2.0494051135735187 -2.831980579445649 -2.0486698950728464 -2.142732260163377 -2.0232659368360832 -1.4532653101413915 -1.9846670919476952 
9	0.7	96.002	5	7	10	10	10	10	(223, 65, 202)	6.988385304232141	8.986026082531954	-5.574694509105938 -3.587085234755046 -6.116865564946109 -3.1497726786064386 -6.658141871323379 -2.713187570038735 -7.19271926842381 -2.2410616258145124 -7.69021684664044 -1.7628154368713966 -8.185082043388828 -1.2747585088312117 -8.668782254379945 -0.7693688784710448 -9.14185236277145 -0.25482019149095797 -9.611036646479848 0.2640521512286341 
7	0.7	96.002	5	7	10	10	10	10	(184, 99, 69)	5.575572552456816	7.9690494666812635	-0.35057209700754005 -4.979841196796483 -1.0015339720149532 -4.7283034103460215 -1.6478124736931243 -4.470040119898885 -2.286893626191906 -4.192628432084125 -2.9221514177401486 -3.910327915134306 -3.558634658022156 -3.632516859925257 -4.199374604736496 -3.362249707114776 
8	0.7	96.002	5	7	10	10	10	10	(124, 181, 205)	6.238071052128047	7.6278539179961	-1.2427806609241623 -3.263636236384283 -0.5856734110323998 -3.0663508032345486 0.07162364938854791 -2.8675298820357815 0.7307003386383181 -2.667283452101227 1.3915578925022682 -2.464897824294272 2.053655342401341 -2.258113432607514 2.71404307778205 -2.0432673302441913 3.3761727058781195 -1.8249129619291957 
8	0.7	96.002	5	7	10	10	10	10	(31, 1, 124)	6.2496049224583725	10.778464526353194	-3.45261952901593 2.1309234854798733 -2.765090963461355 2.131101104621651 -2.077048231478037 2.1112997377187575 -1.38813589954252 2.064627726214998 -0.6988502112713015 2.0024532481831017 -0.006444496141253324 1.9359276859130121 0.6871912637797355 1.8669547587991846 1.3822154252398464 1.7971342524333371 
8	0.7	96.002	5	7	10	10	10	10	(147, 205, 95)	6.267918405041732	9.6486800784526	-3.6050089391030826 3.4417591582924745 -4.252624976117483 3.189842241237857 -4.900801228381503 2.9458635506106643 -5.555334451412572 2.718988438659917 -6.2161887876622375 2.5077311810035394 -6.881451606971404 2.305776075310123 -7.551404034867456 2.1014198184590542 -8.217953146875878 1.8934118278896628 
7	0.7	96.002	5	7	10	10	10	10	(237, 132, 154)	5.3039295172147725	7.216395910501703	-3.4982803045323982 -0.7339047207623344 -4.124515007354656 -0.653534449106656 -4.757102838641149 -0.5786982861403748 -5.397545932264019 -0.5084795765187994 -6.046551774176065 -0.4392072977329582 -6.70556024917942 -0.36564890765628383 -7.375472899665759 -0.2790625202823433 
7	0.7	96.002	5	7	10	10	10	10	(153, 21, 251)	5.326583473678465	7.193120151173842	-2.426206809758691 -0.4993757316658467 -1.8016669123426559 -0.5869927702313174 -1.1698204806675734 -0.6783141800677681 -0.5292504906197244 -0.7743265538976021 0.12258428095303107 -0.8684817055096583 0.7863622018604778 -0.958274232215538 1.4622265647414299 -1.044692598195908 
8	0.7	96.002	5	7	10	10	10	10	(104, 93, 190)	6.283120060314616	8.331973358736452	-4.31681890584839 -4.750446283183109 -3.6898711687940513 -5.0505572009213 -3.057876489504019 -5.341659269488332 -2.4189477043375964 -5.618947516293091 -1.772521063859563 -5.880956454608535 -1.1196321592721987 -6.129401884043122 -0.4617138940600141 -6.368183540987848 0.19760880629581454 -6.602574793715379 
8	0.7	96.002	5	7	10	10	10	10	(99, 249, 131)	6.30304077040878	9.109536870351661	-4.301417394065228 -6.4398822848233985 -4.848291763689739 -6.002538213138902 -5.3932142761961135 -5.558162834352772 -5.929736530746872 -5.108600309471905 -6.464055913008766 -4.656494184049349 -6.997455604321468 -4.203351035636093 -7.529853681247509 -3.749012132247734 -8.06106681872426 -3.2932238347022724 
7	0.7	96.002	5	7	10	10	10	10	(21, 242, 70)	5.564294624207989	8.232529762170314	-4.088966311121472 5.288827085152929 -3.4938461096239823 4.931059477291413 -2.8917354604083396 4.584553881277332 -2.284674770248835 4.248452976919662 -1.6711430848160795 3.9251130639078275 -1.051723033516219 3.6131731137100074 -0.42788634189574587 3.308475316216602 
7	0.7	96.002	5	7	10	10	10	10	(165, 241, 137)	5.538082128632498	8.295302687543531	-5.001611990574378 4.3225095479934525 -5.65226213507428 4.111493597207319 -6.304513844176585 3.901914926716062 -6.960190031601391 3.6952841726022956 -7.619785884788114 3.4906595164965237 -8.282905466812652 3.2862656733822933 -8.94898527712548 3.0809775988054513 
6	0.7	96.002	5	7	10	10	10	10	(11, 48, 61)	4.852165155463313	8.193308395555551	-3.583634454905441 6.845936383681539 -4.254488243842403 6.701081420308551 -4.928478807630418 6.56607671126617 -5.607093931302251 6.4435875779622105 -6.290516483132521 6.3308295481531776 -6.978227528205492 6.2222579400510885 
8	0.7	96.002	5	7	10	10	10	10	(207, 128, 62)	6.193343867726089	8.621145655451175	-2.620687043579312 5.965582711447407 -2.0211247159002887 5.654993614215183 -1.4201981255497131 5.343832882105234 -0.8155561732649765 5.032265906575035 -0.2066458590843554 4.719583165036678 0.4053535847349041 4.403840285449167 1.0187572513419352 4.083570454578721 1.6352844286990382 3.760435279909661 
8	0.7	96.002	5	7	10	10	10	10	(208, 58, 245)	6.170938886858499	9.399502128018849	-2.0779774981802874 0.7846382399965524 -2.75899600406593 0.7862723945490999 -3.436188763429939 0.7924678995861729 -4.114731478345012 0.8132186935332315 -4.794555236017898 0.8447193097807459 -5.476041654252215 0.8831390772513955 -6.1594967330494805 0.924121273438497 -6.844398135052908 0.9635079429820598 
8	0.7	96.002	5	7	10	10	10	10	(75, 71, 16)	6.194530803860621	10.086904529726176	-0.7827843320981661 0.6340768867509842 -0.11256822616066363 0.5434800482481725 0.5593693364188569 0.45227392958724966 1.234114345748309 0.3614330033601854 1.9123474597786128 0.2717790952180428 2.594274578392897 0.1833151043889434 3.280445013872142 0.09610268926912229 3.970827925132647 0.00926694914037521 
8	0.7	99.004	5	7	10	10	10	10	(33, 237, 124)	6.19685649934665	8.223010176190964	-6.147914643821816 -1.7541944795747093 -5.4678778513484145 -1.8419941585479398 -4.789510747625573 -1.925094768917469 -4.1113072580666765 -1.9985381831898157 -3.4285181570021965 -2.045823788836375 -2.734737860116831 -2.0442086660532754 -2.0542223243274873 -2.006707646669493 -1.3696764533518115 -1.9650227936866682 
10	0.7	99.004	5	7	10	10	10	10	(223, 65, 202)	7.612544713091893	8.986026082531954	-5.320700580012332 -4.136926944203952 -5.848154603663824 -3.7018873181826932 -6.375535077104842 -3.2659706332902823 -6.898198743169887 -2.823310273970122 -7.408740946701036 -2.361596635611561 -7.907266069716096 -1.8846880767196144 -8.394418380166135 -1.3936131176532915 -8.870520061390184 -0.8858767110077453 -9.335196490141758 -0.3680240053577069 -9.797335123189795 0.15493990326475382 
8	0.7	99.004	5	7	10	10	10	10	(184, 99, 69)	6.290436933293455	7.9690494666812635	0.3270319645030467 -5.42476523084178 -0.3299210339471187 -5.1853762889374595 -0.9852105577372164 -4.943154766160632 -1.6366558874715171 -4.6914978056948184 -2.2813003707319055 -4.418344789381025 -2.9086759028475035 -4.110868884088588 -3.5254496552255823 -3.7836410396006626 -4.136679021786788 -3.4481748911114307 
9	0.7	99.004	5	7	10	10	10	10	(124, 181, 205)	6.889858836054993	7.6278539179961	-1.7242778060018327 -3.3123807234279843 -1.0551177847110254 -3.2014018004284495 -0.3902199320522427 -3.0664187255115554 0.27303140993240865 -2.910818399751098 0.9350596711743211 -2.7381736272356596 1.5964356845787333 -2.5515826907486368 2.2576101712341097 -2.3531513814818257 2.918599923483083 -2.1434842866989974 3.5815144548853777 -1.9290929612242158 
9	0.7	99.004	5	7	10	10	10	10	(31, 1, 124)	6.938322179049447	10.778464526353194	-4.063423217566577 2.036039700424361 -3.377155497716783 2.0953452962364074 -2.6913910004163744 2.1408178374799633 -2.0029818587327557 2.157379955136749 -1.3125039302488126 2.14031735146807 -0.6212258156118229 2.099686376351065 0.07179839331934605 2.0453069189097683 0.7657548763275669 1.9818759508716477 1.4609578741554459 1.9145629538716713 
9	0.7	99.004	5	7	10	10	10	10	(147, 205, 95)	6.940863359162146	9.6486800784526	-3.0880383100272386 3.5436814221983357 -3.757832007996789 3.379690242798907 -4.428570389831692 3.2011764465941823 -5.091491147892239 3.0088196599788546 -5.753876786629427 2.8170066439362578 -6.418278097690398 2.627539229379493 -7.0851532893994715 2.437778004816754 -7.754061495858195 2.2437647610465223 -8.420536335173571 2.041049268122436 
8	0.7	99.004	5	7	10	10	10	10	(237, 132, 154)	6.021405167994143	7.216395910501703	-3.1142060806972705 -0.9190042273698361 -3.726949304192226 -0.7478407325602592 -4.32752959902832 -0.6193376595424289 -4.970259883291188 -0.5292031890237076 -5.637410789974203 -0.4603492716795435 -6.314663126147186 -0.3937032347947472 -6.994366688603595 -0.31998863857594523 -7.676403382460067 -0.2366976758419596 
8	0.7	99.004	5	7	10	10	10	10	(153, 21, 251)	6.037715680808848	7.193120151173842	-2.722286592564643 -0.27811333831744084 -2.1152127014091384 -0.460958010571615 -1.5202044418580285 -0.610579102694975 -0.8781569543061828 -0.7330192876788378 -0.2138143299517072 -0.8308343161472421 0.4643586336617563 -0.9116766442695822 1.149555140583168 -0.9841134928953291 1.8391721415409807 -1.0531094459044048 
8	0.7	99.004	5	7	10	10	10	10	(104, 93, 190)	6.245653957633962	8.331973358736452	-4.286283002753396 -4.997100403812613 -3.6623169885177385 -5.2835077101784735 -3.0348993852945156 -5.56465838030276 -2.4002863947870363 -5.834816290154871 -1.7577406014902117 -6.092412491619185 -1.1086951425454679 -6.33977736683113 -0.4552303782098018 -6.581065703280228 0.20092785090648993 -6.820294303515952 
8	0.7	99.004	5	7	10	10	10	10	(99, 249, 131)	6.302523511760301	9.109536870351661	-4.431486506905149 -6.614101918525697 -4.979100216573357 -6.178455722044491 -5.525372267647307 -5.73978434803174 -6.070182874545277 -5.299750546308917 -6.6126965524887815 -4.85669421976175 -7.152382164627417 -4.410158016370308 -7.689330053178928 -3.9602885491317408 -8.224509722158992 -3.5084214902190713 
8	0.7	99.004	5	7	10	10	10	10	(21, 242, 70)	6.184195448847564	8.232529762170314	-4.486463065444661 5.831829664057361 -3.884455231817275 5.5242172816171715 -3.294270946573506 5.197186263385168 -2.706697227469746 4.857740604871826 -2.118199411565681 4.508132733633278 -1.5302733398150072 4.153889399219171 -0.9385134708941143 3.798845179448771 -0.3422955822269697 3.443991381978001 
8	0.7	99.004	5	7	10	10	10	10	(165, 241, 137)	6.173040068124539	8.295302687543531	-4.572244322140176 4.4925616395901375 -5.226177132142726 4.349103078224527 -5.88072441233749 4.191505680883854 -6.535233506245136 4.017735233737981 -7.190091754045075 3.8301345160405047 -7.846397432011549 3.631920398166526 -8.505557025000401 3.426187242440628 -9.168884861556492 3.2160553160767407 
7	0.7	99.004	5	7	10	10	10	10	(11, 48, 61)	5.6093293206384	8.193308395555551	-3.04522714715755 7.567208663810583 -3.7197126081029994 7.377914705191871 -4.392101911282003 7.180106338182515 -5.061096387042997 6.95721766836142 -5.713967856813144 6.701828021195075 -6.359929138481255 6.429330710302325 -7.002979807424718 6.151194060761384 
8	0.7	99.004	5	7	10	10	10	10	(207, 128, 62)	6.289260579963557	8.621145655451175	-2.405808247274516 6.258285743923497 -1.80380959180125 5.902298898212229 -1.2029998838381772 5.545800257328847 -0.6034723027057328 5.188202706492362 -0.004920787514147026 4.829252395698015 0.5927807783884735 4.468671676545261 1.1896097748422558 4.106409055577369 1.7869627249618585 3.7433156929879448 
9	0.7	99.004	5	7	10	10	10	10	(208, 58, 245)	6.671055507309445	9.399502128018849	-1.9436429692836261 0.8351175642415606 -2.584003759366689 0.8135085689473172 -3.237998838889786 0.780084723722101 -3.8787528366864175 0.7579306533381766 -4.531130762921253 0.777163464178067 -5.187697810058075 0.8324700047094825 -5.850911947184696 0.902918768070546 -6.521146963584742 0.9752306003904188 -7.199320002832231 1.044693140622149 
9	0.7	99.004	5	7	10	10	10	10	(75, 71, 16)	6.699660665863604	10.086904529726176	-0.8258688733275128 0.6363914748883674 -0.1921717883627529 0.5608322779772278 0.44688379238385956 0.48521777393404386 1.092325690063082 0.4099230062308853 1.744994688415768 0.33456641295147593 2.4056785338753657 0.25853498831039556 3.0746070343767413 0.1822321440965369 3.7522042282795143 0.10545277317294446 4.438727547755731 0.027865032107925798 
9	0.7	100.004	5	7	10	10	10	10	(33, 237, 124)	6.828111632279123	8.223010176190964	-6.726549129272979 -1.5615028520431267 -6.090438854622627 -1.7592085318437414 -5.44425161006368 -1.9335149773780385 -4.784625317576757 -2.071903921636747 -4.11302650528278 -2.1604043576787744 -3.433363698330195 -2.1848468335595443 -2.7469292380537706 -2.140330214693986 -2.062066489768975 -2.0675264750105495 -1.3804503703550457 -2.003570292869103 
11	0.7	100.004	5	7	10	10	10	10	(223, 65, 202)	8.059080663124993	8.986026082531954	-4.954208406094755 -4.28088376824227 -5.474044213673581 -3.944604346824894 -6.000679908035157 -3.5935325315840916 -6.532934850588154 -3.2215644788031663 -7.059972270027185 -2.826971159919197 -7.575845688905748 -2.3939727643909134 -8.058956144949775 -1.921516452282827 -8.521156389505306 -1.422814812416685 -8.973423541811224 -0.9073760518806412 -9.419079476317364 -0.3811557001285665 -9.865744025799525 0.15104683939510294 
8	0.7	100.004	5	7	10	10	10	10	(184, 99, 69)	6.2907281555760335	7.9690494666812635	0.34166789015298543 -5.43987128619167 -0.32072237310534385 -5.218304368633059 -0.9820972896354156 -4.99770230621221 -1.6426201583332258 -4.775349602521952 -2.298428404728003 -4.538674220694496 -2.9513983577304295 -4.250263476235299 -3.560544433627819 -3.9102308571158644 -4.143431663369925 -3.5419920351887852 
10	0.7	100.004	5	7	10	10	10	10	(124, 181, 205)	7.501008525132384	7.6278539179961	-2.2828492006760213 -3.3382339085719264 -1.626853840460456 -3.305873697511203 -0.9702233701314831 -3.2301306257064084 -0.317638334921156 -3.1038229482176223 0.3359673510032411 -2.9426704630343323 0.9913458516700885 -2.7612700449065626 1.6493476872830333 -2.5697873932782964 2.310127322055889 -2.3729231518094727 2.97349770276875 -2.170163852777073 3.6396002549576347 -1.9653105709970013 
10	0.7	100.004	5	7	10	10	10	10	(31, 1, 124)	7.65605301667275	10.778464526353194	-4.694190670317936 1.949567785662964 -4.022537022836919 2.0712388649687496 -3.350963218826722 2.197446276569342 -2.672499216370132 2.3179251919228285 -1.9806049004756017 2.4013790257502197 -1.278427875100489 2.395863659703116 -0.5868778299788965 2.3014549944266562 0.1039837543494314 2.175869339602438 0.7915589184814459 2.038107673383334 1.4778454691196243 1.8973924729874816 
10	0.7	100.004	5	7	10	10	10	10	(147, 205, 95)	7.529362662175533	9.6486800784526	-2.554751402916393 3.6022827803925774 -3.1977620322407736 3.534691292656901 -3.846257458659918 3.4295589693609054 -4.50004337548044 3.27673418194094 -5.157380058117659 3.085455636162035 -5.810721674117234 2.872172166155547 -6.469122074939859 2.6624955833772854 -7.134822736656216 2.4642420485903798 -7.806861064029601 2.272024320342589 -8.476391398729572 2.0747138931864546 
8	0.7	100.004	5	7	10	10	10	10	(237, 132, 154)	5.9805009212826725	7.216395910501703	-3.320022608514722 -0.9662782793317092 -3.93120871273741 -0.8207984734474898 -4.551131690685565 -0.6869549331778518 -5.1816178024586845 -0.5656002178548458 -5.825169518636224 -0.45350647422162843 -6.48097140805477 -0.3515469358715546 -7.151449476809799 -0.2638688609250782 -7.828903653487659 -0.1780756263373032 
8	0.7	100.004	5	7	10	10	10	10	(153, 21, 251)	6.063815559224521	7.193120151173842	-2.5460073657951354 -0.3129702447414004 -1.9501489616244403 -0.5545545680750894 -1.3212234299941077 -0.7533843508424647 -0.6692975094955881 -0.8885445986744307 -0.013851694379474611 -0.9663291713504033 0.653934784912152 -1.0071536491650452 1.331973087715398 -1.0267651929376886 2.0199407710933683 -1.0373771901996842 
9	0.7	100.004	5	7	10	10	10	10	(104, 93, 190)	6.685807599213648	8.331973358736452	-4.6907464055907955 -4.967369053293502 -4.120836252426235 -5.197192417950126 -3.547668556140253 -5.439655900966626 -2.9493225822085227 -5.69242680244141 -2.332692283940191 -5.938212910269882 -1.7017455158205663 -6.173426090796342 -1.0606869389894353 -6.403133480244246 -0.4128309289312584 -6.633208288797087 0.2407861506311332 -6.865811123657616 
9	0.7	100.004	5	7	10	10	10	10	(99, 249, 131)	6.995579317126056	9.109536870351661	-3.911002481523036 -7.081440153456114 -4.475654582583717 -6.667357040529257 -5.0379099116396056 -6.251097970911534 -5.59349875699445 -5.820491266645746 -6.129827088006476 -5.3728013984923715 -6.660871813592093 -4.918426932768666 -7.192000162759339 -4.464739857079082 -7.725249968144054 -4.014533331590161 -8.26010717112095 -3.5645906859863987 
8	0.7	100.004	5	7	10	10	10	10	(21, 242, 70)	6.225548612436395	8.232529762170314	-4.4539233654910415 5.910706806488264 -3.848212121145829 5.584605939842866 -3.2474811685032363 5.256493719459533 -2.643487589314801 4.9331723540956585 -2.0329637151739575 4.6000688336173825 -1.4331157496844376 4.240990942229095 -0.8497198194497374 3.879854218216417 -0.26227360350344087 3.523024523661816 
8	0.7	100.004	5	7	10	10	10	10	(165, 241, 137)	6.201657862572075	8.295302687543531	-4.629139061924602 4.573117589564786 -5.28442468249573 4.40757123131296 -5.939845732821364 4.229822382745074 -6.595668936605498 4.041671311129271 -7.253599916516194 3.8484886118315473 -7.914268883602359 3.652753146216397 -8.578068052893064 3.454344033777303 -9.245244352969994 3.253221188138063 
7	0.7	100.004	5	7	10	10	10	10	(11, 48, 61)	5.60463069447162	8.193308395555551	-3.1902651937328943 7.926122788768099 -3.830718554691847 7.638161313945326 -4.470878245343858 7.351738225070232 -5.110683105338986 7.064338517922886 -5.745378332555045 6.7694714042448965 -6.37879935760815 6.4717238890222335 -7.012001701386236 6.173408373099062 
9	0.7	100.004	5	7	10	10	10	10	(207, 128, 62)	6.934268871270646	8.621145655451175	-2.9210267843061457 6.591119578085514 -2.3144896291208936 6.262907308130587 -1.7106329124269597 5.929521828591319 -1.1109515453952645 5.586851012658211 -0.517004586510742 5.234164858035726 0.07165890153968764 4.872136288488208 0.6562287236475058 4.500752249513397 1.236980127106003 4.122286069426986 1.8198956264170898 3.7409520272821926 
10	0.7	100.004	5	7	10	10	10	10	(208, 58, 245)	7.249603715929181	9.399502128018849	-1.5387983973519348 1.2812696139128974 -2.1625967239061117 1.1017511677397518 -2.764173346417987 0.9466158673207811 -3.37892593043433 0.8160304972714911 -4.008398155319572 0.7354644854664844 -4.651217258133333 0.725122651780706 -5.306957695354145 0.7889288871506243 -5.962806802872229 0.8893051268224894 -6.626831767635188 0.9916914462807382 -7.299412885832762 1.0852444598322573 
10	0.7	100.004	5	7	10	10	10	10	(75, 71, 16)	7.149374627512515	10.086904529726176	-1.1552699080012883 0.38345057750237527 -0.5531271250740646 0.42449796676239143 0.04061141220228266 0.4484007000576176 0.6477997009737473 0.4470907267936543 1.2690774934551687 0.416954886283371 1.9039755676996823 0.360310298344863 2.551641015253424 0.2836097849702477 3.211341155088855 0.19451145230070208 3.8825269033707865 0.09923457119032066 4.564734837860993 0.0013002719894206689 
