N disks	Disks radius	time	Gen	Method	ks	kt_bot	kt_par	kc	color	current length	div_length	X
6	0.7	3.001	1	7	10	10	10	10	(0, 128, 0)	4.900000233093314	8.659212490473168	-2.200000116546657 1.4287546703519706e-16 -1.5000000874099901 -2.857509197987497e-17 -0.8000000291366638 -1.1430037505532248e-16 -0.09999997086333844 -1.143003750553224e-16 0.6000000874099888 -2.8575091979874795e-17 1.3000001165466568 1.4287546703519736e-16 
7	0.7	6.002	1	7	10	10	10	10	(0, 128, 0)	5.5999998319008615	8.659212490473168	-2.899991028640948 0.003914677476334054 -2.1999916552173007 0.0029903293539390507 -1.4999922807323038 0.0020724203118814397 -0.7999929092202949 0.001167897998907536 -0.09999351686263504 0.0002796536120371401 0.6000059127538792 -0.0005952040972684489 1.3000053577996997 -0.00146362274463562 
7	0.7	9.003	1	7	10	10	10	10	(0, 128, 0)	5.600000291358276	8.659212490473168	-2.899991298188235 0.003884315218311258 -2.1999918429838194 0.0029879315408952415 -1.4999923586433637 0.0020915478799729084 -0.799992874303135 0.0011951643309078559 -0.0999933899627323 0.00029878091785811775 0.6000060943781844 -0.000597602383335289 1.3000055495831986 -0.001493985593414948 
8	0.7	12.000	1	7	10	10	10	10	(0, 128, 0)	6.300000334043313	8.659212490473168	-3.5999807130394115 0.007918676350942788 -2.899982351038575 0.00639148046745279 -2.1999839593960537 0.004864977684348004 -1.49998556506595 0.003340017476485961 -0.7999871664075797 0.0018171544857320601 -0.09998876295238805 0.00029638871106694824 0.6000096445270324 -0.0012228344912633279 1.3000080253807462 -0.0027413644707973573 
9	0.7	15.001	1	7	10	10	10	10	(0, 128, 0)	7.000000077942099	8.659212490473168	-4.299968323363925 0.01221358172182726 -3.5999714090693615 0.010131873609585751 -2.899974451112101 0.00806096088398393 -2.199977432661559 0.006015230218050811 -1.499980315171275 0.004006288171641802 -0.7999830806878523 0.0020385332942366393 -0.09998573624654183 0.00010756699268947053 0.6000116907612207 -0.0017982173283929708 1.3000091354346583 -0.003693206198796097 
10	0.7	18.003	1	7	10	10	10	10	(0, 128, 0)	7.699999459111313	8.659212490473168	-4.999953952206027 0.016798318411844117 -4.299958822095007 0.014192052061182927 -3.5999636254403513 0.011607756792973491 -2.8999682726413636 0.009076495986305104 -2.199972656197813 0.006626663108197085 -1.4999767126897348 0.0042749116988562395 -0.7999804370540458 0.0020212115923993515 -0.09998387800096133 -0.00015113381979851268 0.600012881033095 -0.0022705203900574567 1.3000097208880435 -0.00436797654337247 
11	0.7	21.004	1	7	10	10	10	10	(0, 128, 0)	8.39999905804507	8.659212490473168	-5.699938322274263 0.021542878115775144 -4.999944910220692 0.018512262520228938 -4.299951413838119 0.015506954648885777 -3.5999577002454033 0.01256417320835241 -2.899963614177304 0.00972061331525526 -2.1999690506850555 0.0070023464921322 -1.4999739775348953 0.004418340615507201 -0.7999784351221475 0.0019584290620364227 -0.09998251894292287 -0.0004040931708457512 0.6000136480017388 -0.002705728020261285 1.3000099184499496 -0.0049828771938149954 
6	0.7	24.001	2	7	10	10	10	10	(89, 127, 34)	4.873606305271112	9.572667070511283	-3.2324593075016477 -0.05991818277025812 -3.923618908887658 -0.028338038748469612 -4.6159311293789305 0.0030825524772628028 -5.3097074012425765 0.03430513261540751 -6.005189699003539 0.06539990970530495 -6.702542399169912 0.09648522604907327 
6	0.7	24.001	2	7	10	10	10	10	(171, 210, 41)	4.87359211446662	7.06525050219259	-1.8682159923390638 -0.058048203517245045 -1.1767397325142208 -0.03452724105422001 -0.4841141978690918 -0.0111149936811804 0.20997117393021508 0.012162071175624336 0.9057598611910397 0.03535329771924264 1.6034187740537986 0.058541740156063456 
7	0.7	27.002	2	7	10	10	10	10	(89, 127, 34)	5.492120398155004	9.572667070511283	-2.827745357967191 -0.6534620246173654 -3.4720686757321304 -0.41741777862536095 -4.118637596917891 -0.2128572395837475 -4.77449599229679 -0.053148899890648166 -5.4419825292031305 0.06266502682152643 -6.120464253409372 0.147044119232823 -6.808395767209463 0.21792069422140903 
7	0.7	27.002	2	7	10	10	10	10	(171, 210, 41)	5.474300282699721	7.06525050219259	-2.3025154556214233 0.45388287436388 -1.6425180746099093 0.28301012309006035 -0.9832963459480241 0.14252587219817744 -0.31881023305947315 0.04563527046049073 0.35370122298723067 -0.008519445235369972 1.0350575713992094 -0.03191584707565154 1.7255463168094203 -0.04172896113042572 
7	0.7	30.003	2	7	10	10	10	10	(89, 127, 34)	5.599945286833332	9.572667070511283	-2.7975703103623064 -0.7627422542645543 -3.4705500198575674 -0.5701716520025522 -4.143566543937412 -0.3777334838958568 -4.81664213939439 -0.1855012104256959 -5.4897792121359075 0.00652121763912679 -6.162962878507028 0.19838987519223872 -6.836169526816519 0.39019036566195014 
7	0.7	30.003	2	7	10	10	10	10	(171, 210, 41)	5.5998518213850925	7.06525050219259	-2.346967512754123 0.5619237106767861 -1.658942442226488 0.43316100219703174 -0.9708944166766539 0.30453257279897367 -0.28280629186338885 0.17611259080639574 0.4053258443755755 0.04790482278782137 1.093494129769499 -0.08014773699086272 1.7816843852811248 -0.2081319548319674 
8	0.7	33.004	2	7	10	10	10	10	(89, 127, 34)	6.299943289825796	9.572667070511283	-2.132128651115628 -0.9791303177387299 -2.804387495414058 -0.784016274331867 -3.476601015871487 -0.5887428721911878 -4.148674683174535 -0.39305885070396407 -4.820663954123314 -0.1970781386304405 -5.492598624109635 -0.0008997088535778068 -6.164504638215453 0.19539032852668786 -6.8364027379252965 0.39172287784053283 
8	0.7	33.004	2	7	10	10	10	10	(171, 210, 41)	6.299657322814658	7.06525050219259	-3.0245932211578133 0.7343098429190077 -2.338495756450697 0.5958110437455817 -1.6523260202912278 0.45768127206389925 -0.9660306366157844 0.32016607501071176 -0.27958895112860815 0.18334948583779537 0.4069866732955469 0.047152524016640884 1.0936591717796467 -0.08862541514726671 1.7803824471559861 -0.22422705820444022 
9	0.7	36.001	2	7	10	10	10	10	(89, 127, 34)	7.000008189130657	9.572667070511283	-1.4623540472413878 -1.1810613510597898 -2.135386148844818 -0.9886041729790405 -2.808336550272924 -0.7958330218334122 -3.4810572565164963 -0.6022389018240085 -4.153371148214095 -0.40722059516893416 -4.8250389688628035 -0.21018072526529977 -5.496294921442175 -0.011718124129207355 -6.167314653258678 0.18756563923123523 -6.83824831269753 0.38716220355514064 
9	0.7	36.001	2	7	10	10	10	10	(171, 210, 41)	6.999022449802419	7.06525050219259	-3.7008374551372096 0.9121897596758829 -3.01694766811087 0.7636184239073839 -2.332845365739457 0.6160577855349334 -1.6483756311286801 0.47020233845122666 -0.9634666448372691 0.32636913486579333 -0.2781288660896155 0.18449293391744234 0.40756064509989187 0.04418905736812763 1.0934858571152875 -0.09512027846270382 1.7795276673078697 -0.23403024085233762 
10	0.7	39.002	2	7	10	10	10	10	(89, 127, 34)	7.70000602800271	9.572667070511283	-0.7915045284800399 -1.3803479803543948 -1.4644332347415552 -1.187559395154523 -2.1373100074953633 -0.9945887667672473 -2.81005879944532 -0.8011723761875835 -3.4826068361643214 -0.6070593712693466 -4.154907334798839 -0.4120907037317282 -4.8269543784737445 -0.2162494129161806 -5.498786271760465 -0.01967035665225403 -6.17047517295211 0.17739686131517443 -6.842103566985261 0.3746687966137134 
5	0.7	39.002	3	7	10	10	10	10	(42, 132, 55)	4.171754885709202	7.6805430013125155	-1.9731245226990755 0.5014312799236474 -2.6410824338463197 0.6720794844134765 -3.31113352926932 0.8427489304317497 -3.983780407544045 1.013552225720518 -4.659311926725372 1.1848188597102267 
5	0.7	39.002	3	7	10	10	10	10	(111, 91, 107)	4.171702398193043	8.568014984262454	-0.6365130902080881 0.2999238991497249 0.035038998262540415 0.14410843640909807 0.7086637344214185 -0.011790298485999873 1.3848658156242228 -0.16787754914380182 2.063954080578734 -0.32442291806687246 
11	0.7	42.003	2	7	10	10	10	10	(89, 127, 34)	8.399999587360224	9.572667070511283	-0.11987690860223624 -1.5776558041820476 -0.7923225692054711 -1.383190307441429 -1.4647599248193 -1.1886961072185571 -2.137176625807849 -0.9941306291753571 -2.8095603472718267 -0.7994513145842608 -3.4819021091321303 -0.6046272019375265 -4.154198539432366 -0.4096467196980514 -4.82645272667833 -0.21452058171682595 -5.498673510066096 -0.019279293714590404 -6.170873278939245 0.17603445271204415 -6.843064541115741 0.3713774885861538 
5	0.7	42.003	3	7	10	10	10	10	(42, 132, 55)	4.199664026084371	7.6805430013125155	-1.9982844599929213 0.4951167817490385 -2.6754792117046837 0.6718397047934277 -3.3526991597549403 0.8485617823387532 -4.029950289727889 1.025284390678068 -4.707235853368976 1.2020121109795407 
5	0.7	42.003	3	7	10	10	10	10	(111, 91, 107)	4.199663189402337	8.568014984262454	-0.6120291717133265 0.30430323757163924 0.06908045258625396 0.14332819606059402 0.7502149833317008 -0.017646792825890125 1.4313804432068005 -0.17862300391812427 2.112580361754729 -0.3396042586716017 
12	0.7	45.000	2	7	10	10	10	10	(89, 127, 34)	9.103307222962291	9.572667070511283	0.5450320962661171 -1.7918532524566915 -0.1360466369846042 -1.6284032081817936 -0.8168050271891701 -1.4620176748392502 -1.496030492281971 -1.2882499285470264 -2.1724289896237328 -1.1020961515171883 -2.8423954146119197 -0.9001349231893362 -3.5092644589901663 -0.6876342032834813 -4.174494873564285 -0.4698797701385522 -4.839307765756241 -0.2508682782724544 -5.504432163957983 -0.03284401251797101 -6.170055878817792 0.18366785470198235 -6.8359833654181825 0.3993110328638435 
6	0.7	45.000	3	7	10	10	10	10	(42, 132, 55)	4.8952970433276874	7.6805430013125155	-1.553242759443515 0.10759545473686759 -2.206234246624592 0.35659309242190484 -2.8586943394140945 0.6067995426021873 -3.5107015523237957 0.8585145974599299 -4.162540898011467 1.111417381919683 -4.81454880399382 1.364938599522522 
6	0.7	45.000	3	7	10	10	10	10	(111, 91, 107)	4.899868864366214	8.568014984262454	-0.810300247779754 1.2551186998012707 -0.2318628222081701 0.8607528311600298 0.3489890666369005 0.47015195289595385 0.9329591627992306 0.08431404126259406 1.5193947426422478 -0.29778214938571435 2.1069808675361466 -0.6781642776762493 
6	0.7	48.001	3	7	10	10	10	10	(42, 132, 55)	4.899510527678789	7.6805430013125155	-1.5442209411827261 0.1398114582379881 -2.1991938958435235 0.3867360607966552 -2.854496788078427 0.6330086404056411 -3.510099131026917 0.8776084649733499 -4.166084691554334 1.1214162726048291 -4.822256820134911 1.3649666331406782 
6	0.7	48.001	3	7	10	10	10	10	(111, 91, 107)	4.900038696877385	8.568014984262454	-0.775310441714778 1.3072835977446617 -0.20275677639442038 0.9045427845866002 0.3699323203916628 0.5019988858684231 0.9427857342578941 0.0996932253049293 1.515762724206427 -0.3024320213172037 2.0887937119553017 -0.7044757820725791 
6	0.7	48.001	3	7	10	10	10	10	(154, 13, 252)	4.867075951705123	8.148716239707946	-1.8665528268441935 -1.335512461118366 -1.190224339753986 -1.4710619654737138 -0.5127086820343083 -1.6083619846311967 0.1662597445454056 -1.7478318186505444 0.8470281837516588 -1.889116387850979 1.5299331290052156 -2.0314999365371738 
7	0.7	48.001	3	7	10	10	10	10	(18, 108, 243)	5.556899757921768	8.701676095124906	-3.081632310421499 -0.7403029165740846 -3.744420449035246 -0.5515270197183841 -4.40808147199514 -0.3623742751465902 -5.073019581736692 -0.172637195558094 -5.739597736909561 0.017807465033801668 -6.40812196701692 0.20899165650826348 -7.078820002883949 0.4008819069832406 
7	0.7	51.002	3	7	10	10	10	10	(42, 132, 55)	5.596852193531014	7.6805430013125155	-0.9263576126509255 -0.12134066091918008 -1.5597046656747857 0.174375232250012 -2.200811835282199 0.4582199774138213 -2.849787875123617 0.7164344173066134 -3.5050875382539757 0.9599369789647637 -4.163465984016612 1.19611796867415 -4.822982856604786 1.4299436817481288 
7	0.7	51.002	3	7	10	10	10	10	(111, 91, 107)	5.592661859977023	8.568014984262454	-1.2877941222189409 1.8014354752465107 -0.7178819843111949 1.3955618841685686 -0.1489401351028352 0.9889284297247127 0.417398585144769 0.579059883759494 0.9843509564333158 0.1707780126903644 1.5535976553462783 -0.23349508218904752 2.1248922665361656 -0.6340478101651869 
7	0.7	51.002	3	7	10	10	10	10	(154, 13, 252)	5.566372498601217	8.148716239707946	-2.43471288409423 -2.050081142018227 -1.7425393895988794 -1.9633572008889946 -1.0513019154251508 -1.8990483152937585 -0.3595984248676884 -1.867643602562162 0.3328751772612062 -1.8693342916767752 1.0262150547830549 -1.8963234092705081 1.7208774417677077 -1.9362362083039881 
8	0.7	51.002	3	7	10	10	10	10	(18, 108, 243)	6.200800930386471	8.701676095124906	-2.55058002511406 -0.7899413150124474 -3.2158498103965174 -0.6362655337415662 -3.878742336153222 -0.4791462804598502 -4.540098663704816 -0.3148693709475333 -5.201020155427886 -0.14153576335489235 -5.862862534143235 0.040491629342938255 -6.527115358627205 0.22903014250151565 -7.195154746594453 0.4211572096890773 
8	0.7	54.003	3	7	10	10	10	10	(42, 132, 55)	6.297168798058374	7.6805430013125155	-0.3138566539473641 -0.39636001854789293 -0.9345351978861561 -0.07550195460453332 -1.565333780886851 0.23230486698679503 -2.2044704595983102 0.5143764381397851 -2.8506839037460683 0.7811874290641138 -3.500595902057411 1.0396377963648116 -4.152142693388923 1.294480860416776 -4.804258978774639 1.5483806375603637 
8	0.7	54.003	3	7	10	10	10	10	(111, 91, 107)	6.299145580262563	8.568014984262454	-1.8493728017680862 2.2366278248057423 -1.2648698283934707 1.8514086931708937 -0.6806147376449903 1.4657605983845112 -0.09748472448163036 1.0783659287899945 0.482690316082212 0.6865638456973782 1.05648131965171 0.28623451769855823 1.6276766506382532 -0.11779740896658954 2.1982784720411197 -0.5226048229218441 
7	0.7	54.003	3	7	10	10	10	10	(154, 13, 252)	5.598792833568247	8.148716239707946	-2.4353094743597143 -2.38676940157948 -1.7410589445540068 -2.2966565625779074 -1.048245273138099 -2.1963606184470557 -0.3554001580728787 -2.0972641061480592 0.33812660094089075 -2.0042857113380004 1.0323208209094956 -1.917498739504138 1.7267872382490725 -1.8340942217874028 
9	0.7	54.003	3	7	10	10	10	10	(18, 108, 243)	6.940866904733756	8.701676095124906	-1.9156291672168833 -1.0280223683251901 -2.5759194290795486 -0.8451951761978872 -3.238370048666762 -0.6627881002953928 -3.903465064617062 -0.4808522224246367 -4.571222139165103 -0.29924068952206934 -5.241374289784473 -0.11781931144095258 -5.913520687251852 0.06350931756143656 -6.58724311781476 0.24485443641525154 -7.262196624915173 0.4263565322247409 
9	0.7	57.000	3	7	10	10	10	10	(42, 132, 55)	6.988049194406512	7.6805430013125155	0.28727781859149254 -0.6850844884730116 -0.32021317084168527 -0.3421234351340043 -0.9423619076227973 -0.014980324435651168 -1.574446976338264 0.2794032482674658 -2.2143552372736472 0.5558708481081217 -2.8577059296277034 0.8250809124690428 -3.5022268044606504 1.0928064634202868 -4.147168189417467 1.3612207167967467 -4.792543595744687 1.6304417766214578 
9	0.7	57.000	3	7	10	10	10	10	(111, 91, 107)	7.002376929193636	8.568014984262454	-2.417270359936854 2.6415725510999155 -1.8278962481219658 2.26367121688836 -1.2382745791569072 1.8859162058383276 -0.6483530470962603 1.5083574347011122 -0.058474494866307396 1.130404509074155 0.5301829096411886 0.7501713270529593 1.1147437723408673 0.36387701856608123 1.6920407165958773 -0.03148508023934158 2.26731677375736 -0.4300919600910999 
8	0.7	57.000	3	7	10	10	10	10	(154, 13, 252)	6.309585494283356	8.148716239707946	-3.1058982690545127 -2.6744825278414677 -2.4102090567497885 -2.5981026025117298 -1.715267840193113 -2.5149905623522737 -1.0180084132693237 -2.4092792739804416 -0.33011320782853704 -2.2688045933627237 0.3543449093864875 -2.1150151196141604 1.0375485428733178 -1.9592605557605705 1.72049911583872 -1.8045827147869522 
10	0.7	57.000	3	7	10	10	10	10	(18, 108, 243)	7.623514313968085	8.701676095124906	-1.3072324176881922 -1.2284033623335249 -1.9577116050002263 -1.053140913036561 -2.613915351321233 -0.8719059621484592 -3.2752744701029655 -0.684958896602079 -3.9406788865004487 -0.4942499577333466 -4.609076634410137 -0.30236858083444335 -5.279677269773794 -0.1113591736615588 -5.951891365925363 0.07791516768439923 -6.625227384793776 0.26570748778389874 -7.299271708511432 0.4528625614447095 
10	0.7	60.001	3	7	10	10	10	10	(111, 91, 107)	7.709154802175576	8.568014984262454	-3.012897204152083 2.9961879626401093 -2.415506650765963 2.631002903092359 -1.816908437487201 2.267416555918973 -1.2156039662966258 1.9077915943497759 -0.6105651125395114 1.5536108337519738 -0.0026411491292234923 1.2030783568443089 0.6052321826733377 0.8514955324335161 1.209063795923961 0.49329568537556284 1.8058334364601654 0.12499551541916513 2.3950091401487157 -0.25220088122574746 
9	0.7	60.001	3	7	10	10	10	10	(154, 13, 252)	7.0143512145090945	8.148716239707946	-3.7596378586888397 -2.943381385610765 -3.0640066992141333 -2.8673378517928545 -2.3682523929187798 -2.7929651980524812 -1.6722121736751154 -2.718616727560418 -0.9766938685341922 -2.635341167841458 -0.2768943351318972 -2.523370777644221 0.4096441183996935 -2.379102403035317 1.0920358365467941 -2.2195262984645154 1.7742213990488385 -2.0483371950998976 
11	0.7	60.001	3	7	10	10	10	10	(18, 108, 243)	8.274884703892551	8.701676095124906	-0.733030374960302 -1.3566450759345845 -1.3826880268912791 -1.1998991033388022 -2.0359813099426054 -1.0348340317328377 -2.6926149891015188 -0.8585824983971974 -3.3521394475037125 -0.6726806930875655 -4.01427696899422 -0.48109085747733654 -4.678927488901922 -0.2877990573048588 -5.345973505013246 -0.09529814393738693 -6.015161335955364 0.09566771537790124 -6.686146349825911 0.2855294964463693 -7.358607309879086 0.4751198620510623 
5	0.7	60.001	4	7	10	10	10	10	(206, 107, 242)	4.047475301694782	8.394264133805578	-1.323355780758376 0.36469072527093277 -0.7478960808654446 0.05411534678905221 -0.16912824084612418 -0.2575937201808918 0.4107435173975857 -0.5828151940267388 0.9962654851681608 -0.9112378533502147 
5	0.7	60.001	4	7	10	10	10	10	(48, 214, 42)	4.090893601625831	9.561157598032867	-2.4995570183767426 0.633957648066101 -3.090704670724656 0.924859662779377 -3.69092961252519 1.2156778762623839 -4.301923631013366 1.5070892944215377 -4.923952301664671 1.8014185594535408 
11	0.7	63.003	3	7	10	10	10	10	(111, 91, 107)	8.403263285128313	8.568014984262454	-3.635622892864073 3.3000637267250177 -3.017186010043963 2.9719446778150216 -2.398391262169686 2.6442971295316977 -1.7789166395493679 2.3177077780420667 -1.1586718107265948 1.9923107459633462 -0.538162107435853 1.667095965319429 0.08092170509982552 1.3390889527638112 0.6961546619715026 1.0041598619694223 1.3051177924461927 0.6584446809171413 1.9068932318822314 0.30058893275818205 2.5033981053589565 -0.06612700036252667 
10	0.7	63.003	3	7	10	10	10	10	(154, 13, 252)	7.719302931275969	8.148716239707946	-4.44531751363026 -3.0342781148962534 -3.74620325417438 -2.9934574811438086 -3.04665391106569 -2.9543161715796145 -2.346549616956703 -2.9177355678529686 -1.645927900401343 -2.8814843872247007 -0.945261667556701 -2.838417013005335 -0.24616347635885574 -2.7753651606619743 0.455487122464893 -2.6715311003611717 1.1431068980519297 -2.532472224510749 1.8274748436747463 -2.380770654288896 
5	0.7	63.003	4	7	10	10	10	10	(206, 107, 242)	4.202799368885241	8.394264133805578	-1.2497748640610755 0.4713410072903896 -0.626621857812962 0.15453027155473464 -0.004937490412869178 -0.1651508712112821 0.6151517257270003 -0.49913422446658556 1.2220539317097234 -0.8486733490357631 
5	0.7	63.003	4	7	10	10	10	10	(48, 214, 42)	4.1981147481816645	9.561157598032867	-2.6427254298631526 0.5749084488812035 -3.2534194595352095 0.915657973322302 -3.864270159141605 1.2563301917157086 -4.47533077178783 1.596947849879945 -5.086601989160365 1.9375944663876659 
6	0.7	63.003	4	7	10	10	10	10	(141, 187, 159)	4.644584225602504	8.567861280940903	-3.231458451408077 -0.7447511791007825 -2.60516664121925 -0.8917221436500109 -1.9785581723987304 -1.0422489155095687 -1.3500247305467694 -1.1967259343140015 -0.7177079484563296 -1.3537142027929339 -0.07879153508408387 -1.5114191463491577 
6	0.7	63.003	4	7	10	10	10	10	(86, 63, 255)	4.742285812855924	7.991214506939925	-4.309233463736809 -0.2834104723430017 -4.945512740713828 -0.14889218512759222 -5.588462629218512 -0.008213312209576419 -6.239215935008881 0.13992248997114362 -6.899060149617388 0.29446106209432815 -7.5691653400630745 0.4533364555402812 
6	0.7	66.004	4	7	10	10	10	10	(206, 107, 242)	4.881800412030075	8.394264133805578	-1.6114534092091561 1.1350807517295831 -1.0455343089044418 0.7300427507321683 -0.4717511638038448 0.3371528728910879 0.11108770255603401 -0.04252268580642781 0.7001664866612265 -0.41414735705565936 1.2909573434734434 -0.7865390089638025 
6	0.7	66.004	4	7	10	10	10	10	(48, 214, 42)	4.86476551753555	9.561157598032867	-2.2773714618911605 0.03955661769240967 -2.8320898296792314 0.45101801611463016 -3.3891660116842197 0.8586860923579022 -3.952635543509966 1.2611419727327284 -4.5205739072471545 1.6606243026316008 -5.091835715118182 2.0599511730758002 
6	0.7	66.004	4	7	10	10	10	10	(141, 187, 159)	4.8879868909952595	8.567861280940903	-3.420072598115865 -1.097132938794575 -2.7300897933365764 -1.2065859936992478 -2.0365675625491195 -1.3078621745383703 -1.345976296474828 -1.4030166724652753 -0.6563931591257552 -1.4976802076184481 0.03232625848695229 -1.5933497573284656 
6	0.7	66.004	4	7	10	10	10	10	(86, 63, 255)	4.888396841550817	7.991214506939925	-4.4013121164097715 -0.07304915867758975 -5.090146644947926 0.029943582522488136 -5.779779980190792 0.13060889442929263 -6.470445604912087 0.22837273565020652 -7.162168382862494 0.32392290990217054 -7.8548595889209825 0.41853083496648646 
5	0.7	66.004	4	7	10	10	10	10	(140, 70, 237)	4.171931914121172	9.326585137992991	-2.6751442104474865 -2.9278792543112107 -3.363833825602886 -2.9616046159728358 -4.054560350785062 -2.994161110397392 -4.747864057159 -3.0255385324193207 -5.444091339989588 -3.056385266887993 
6	0.7	66.004	4	7	10	10	10	10	(239, 194, 80)	4.862944845073661	8.622852008163292	-1.3529203585946583 -3.205851166984571 -0.6752629280766177 -3.0830667935831504 0.003245327780579826 -2.9604281815250415 0.6843821238305973 -2.834500026995399 1.367495796555042 -2.7076906614963057 2.05309449723696 -2.5805528479895217 
6	0.7	66.004	4	7	10	10	10	10	(252, 65, 1)	4.808670037068315	7.558404748248543	-1.2572222330004779 2.4398799127176605 -1.90147137324873 2.6337976806912033 -2.5457127909565376 2.838204984580183 -3.1903485454031486 3.056318231718527 -3.8371774755283075 3.286038116986442 -4.488629795022671 3.5224764793183687 
6	0.7	66.004	4	7	10	10	10	10	(7, 57, 253)	4.805098303399797	8.118021051178053	-0.16307123355789038 1.7718610944339745 0.40427392553993435 1.4125024931307355 0.9760514375249087 1.0539385066412792 1.5545510343778493 0.6968165372780519 2.14046572261057 0.3400978383236984 2.7332877315764588 -0.018417270972068432 
6	0.7	69.001	4	7	10	10	10	10	(206, 107, 242)	4.897883533159213	8.394264133805578	-1.5108001891894434 1.3008336450076445 -0.9532767192036039 0.8787969516776339 -0.3928389385466042 0.4602813416934086 0.17064505817541523 0.0457057756637256 0.7359577899810352 -0.36645468803002135 1.3013938603125974 -0.7791108859630962 
6	0.7	69.001	4	7	10	10	10	10	(48, 214, 42)	4.901237310565527	9.561157598032867	-2.1855440767277146 0.1218479408344557 -2.7375844382735934 0.5544682950598299 -3.2966443694838103 0.9793168203462418 -3.8636356735079613 1.3889216964888493 -4.43693979821525 1.7892800046393158 -5.013062578099931 2.1850707702294683 
7	0.7	69.001	4	7	10	10	10	10	(141, 187, 159)	5.592767163222883	8.567861280940903	-4.1714865180695915 -1.58870002314685 -3.470943089905232 -1.5655017958183342 -2.7722011174756793 -1.5456700781944608 -2.0736439079852738 -1.5348792377917733 -1.3753634696408645 -1.5332995265301936 -0.6773553616012111 -1.5390845673349287 0.020437095559367787 -1.54890349914616 
7	0.7	69.001	4	7	10	10	10	10	(86, 63, 255)	5.569332405359566	7.991214506939925	-3.8680293135816632 -0.24529475559945435 -4.548786116152277 -0.11899825288196834 -5.230574643578948 0.005030889229374495 -5.913888464132899 0.12587677433273156 -6.598973562150818 0.24377570337032706 -7.285887754265991 0.35973496044384395 -7.974578332885929 0.47502822726469746 
5	0.7	69.001	4	7	10	10	10	10	(140, 70, 237)	4.198250026511814	9.326585137992991	-2.6949509072088564 -2.9301710406374126 -3.3935299655357505 -2.961388114668263 -4.092262610315103 -2.993671867585548 -4.791121613155453 -3.0271751259861714 -5.490122307640063 -3.0613200281693076 
6	0.7	69.001	4	7	10	10	10	10	(239, 194, 80)	4.898022297794194	8.622852008163292	-1.3415844240384636 -3.2717678703313173 -0.6563640796018414 -3.1322147765723503 0.029072898044516363 -2.992820397927707 0.7147092035848226 -2.853621788658619 1.4005132502079358 -2.7145617505379414 2.086452663827742 -2.5755494053838293 
6	0.7	69.001	4	7	10	10	10	10	(252, 65, 1)	4.899043343707939	7.558404748248543	-1.2250615006410583 2.6514506442905725 -1.9054709797221863 2.8151923786266915 -2.585075161285513 2.9820940270267178 -3.2634868808518456 3.15371595000572 -3.9407165783605835 3.3299984768804562 -4.617180631669651 3.509326929865472 
6	0.7	69.001	4	7	10	10	10	10	(7, 57, 253)	4.8988999048912945	8.118021051178053	-0.025970384436572812 1.9127038137389352 0.5387685282648957 1.4995050523293016 1.1039991016691535 1.0870783144427631 1.6700895911303915 0.6757824542258791 2.236978396300369 0.26545633830829035 2.8043051551869005 -0.14442491926368592 
7	0.7	72.002	4	7	10	10	10	10	(206, 107, 242)	5.612052219942516	8.394264133805578	-2.0296060013930957 1.8187061769497306 -1.4889821621010504 1.3733820919462276 -0.9436957378625959 0.9273399231805953 -0.3956464048962338 0.486364616211128 0.15669824112684913 0.05333881104192025 0.7120600451458758 -0.37449723864172907 1.267912130446463 -0.8013186840173663 
7	0.7	72.002	4	7	10	10	10	10	(48, 214, 42)	5.598166543884455	9.561157598032867	-1.6135130943557143 -0.2251666364017406 -2.159997422714604 0.2092102901863286 -2.720856043090773 0.6337488110628643 -3.3017011439504347 1.024267106671818 -3.8967849244900488 1.3917986090169339 -4.500074546279341 1.7446511334985406 -5.106964260222881 2.090281996290734 
8	0.7	72.002	4	7	10	10	10	10	(141, 187, 159)	6.301680039072984	8.567861280940903	-4.86958746252758 -1.671644733338356 -4.168789162322139 -1.6659143681620792 -3.467404995637357 -1.6546081194255722 -2.7628074973910373 -1.6271609561699312 -2.0625399612739197 -1.60121180193296 -1.3645087262063313 -1.5873431588756395 -0.6669422702334714 -1.5806834207764247 0.030788552717104515 -1.5780652524183802 
8	0.7	72.002	4	7	10	10	10	10	(86, 63, 255)	6.170480714128923	7.991214506939925	-3.3663893651932137 -0.40628396108940273 -4.0195434322177865 -0.2664225627785726 -4.676995543405893 -0.12885050157183364 -5.339971222366036 0.00481469925752959 -6.008904434642668 0.13423023146961738 -6.683610011503346 0.2601719101499453 -7.363555809810233 0.3841243794844638 -8.048154946955286 0.5077121712046243 
6	0.7	72.002	4	7	10	10	10	10	(140, 70, 237)	4.8739964328214365	9.326585137992991	-2.2947865553320996 -2.930887880601922 -2.9865555380466366 -2.976449484611529 -3.678373595858499 -3.018542739135574 -4.3711453473761654 -3.0578604593184147 -5.065889453333463 -3.0969988813553284 -5.762666872715826 -3.1365491628453293 
7	0.7	72.002	4	7	10	10	10	10	(239, 194, 80)	5.599189441716984	8.622852008163292	-1.6942680554107608 -4.1238209471218905 -1.0755058118405871 -3.796260330939608 -0.4525962727223788 -3.477270902894128 0.1761370875419859 -3.170204686180606 0.810248296019534 -2.8743191775983354 1.4480100659410755 -2.58614273953628 2.0873391010160764 -2.3012492406827554 
7	0.7	72.002	4	7	10	10	10	10	(252, 65, 1)	5.585585191668516	7.558404748248543	-0.5552237480430036 3.464635355735245 -1.2517579872160693 3.416156190909646 -1.9484244073151644 3.379671637599648 -2.6454482428102417 3.361534602403073 -3.342689988093139 3.3627008266470484 -4.039962665019118 3.3794849302938252 -4.737268068838253 3.4048790686727783 
7	0.7	72.002	4	7	10	10	10	10	(7, 57, 253)	5.555471998834413	8.118021051178053	-0.3667854223677434 2.148218940006603 0.190079395805914 1.7441116560114194 0.7499433609620741 1.3412882451857422 1.314236237853749 0.941861199322053 1.883108485923194 0.5456081096581085 2.4557847209117227 0.15110147274959926 3.031189413377284 -0.24343089975065715 
8	0.7	75.003	4	7	10	10	10	10	(206, 107, 242)	6.290404874578488	8.394264133805578	-2.587899263592271 2.2312809710261594 -2.023070944109179 1.8205604846320094 -1.4596117117782539 1.407476563992425 -0.8973015342256028 0.9943609878934887 -0.34150423687440906 0.5728515448079484 0.2033907783661435 0.1350429656769893 0.7419409878115013 -0.31114016841862185 1.2782839038376892 -0.760509066847778 
8	0.7	75.003	4	7	10	10	10	10	(48, 214, 42)	6.199865986077244	9.561157598032867	-1.050560973266439 -0.5029535659520927 -1.6139992619299106 -0.12718832836021443 -2.1744539122006983 0.2567938212849947 -2.7364631678281444 0.6441784712501278 -3.308828086022749 1.020771987874668 -3.890999795085282 1.388412948016671 -4.481133713262735 1.7495807166475192 -5.076782262048297 2.1078545731503833 
8	0.7	75.003	4	7	10	10	10	10	(141, 187, 159)	6.307248376381732	8.567861280940903	-4.861039134447883 -1.796025875422382 -4.160785256964894 -1.7905472861445442 -3.460351168999189 -1.7846397124358118 -2.759596183409943 -1.7754781779957123 -2.05876107900188 -1.772420815821438 -1.3592362152720878 -1.773434068818857 -0.6538570252104442 -1.762719770433095 0.045669860843498715 -1.7407669133561365 
8	0.7	75.003	4	7	10	10	10	10	(86, 63, 255)	6.2552349724373855	7.991214506939925	-3.4303512819450854 -0.45792312655005957 -4.1021755571651415 -0.3035884106118243 -4.775818264128929 -0.15173238825060753 -5.451657918224738 -0.003381573266073698 -6.129760356335381 0.14163115667232937 -6.810006761226132 0.2841749943721334 -7.492203241888905 0.4253811567075378 -8.176162654895984 0.5662821408043697 
6	0.7	75.003	4	7	10	10	10	10	(140, 70, 237)	4.883231598987973	9.326585137992991	-2.3541802342005242 -3.105261200419217 -3.0490936683116567 -3.1247224817810157 -3.744412161843926 -3.1427460007410652 -4.440480052491548 -3.1596621507880442 -5.137744839760428 -3.1765747406930296 -5.8362831395037835 -3.1937890372847746 
8	0.7	75.003	4	7	10	10	10	10	(239, 194, 80)	6.299128877484632	8.622852008163292	-2.2378199072368523 -4.592522696501812 -1.6248561731539235 -4.254225231836429 -1.0138922476089354 -3.913262317860604 -0.40263090173092847 -3.5726535968028217 0.2097463453118149 -3.233906339846101 0.8233300704746211 -2.8971781479087615 1.4375154544993087 -2.561574257706581 2.052110053859433 -2.22658626707986 
8	0.7	75.003	4	7	10	10	10	10	(252, 65, 1)	6.299462058236648	7.558404748248543	0.14116658911527527 3.8698798112768102 -0.5572653928406996 3.8226222675174526 -1.2597791866537063 3.7635646890190504 -1.9559919193031114 3.6938970727113216 -2.6516565641686425 3.623559878255097 -3.347352172262108 3.5573107967509245 -4.04322530590144 3.49703157247989 -4.739195350804441 3.4410457063681505 
8	0.7	75.003	4	7	10	10	10	10	(7, 57, 253)	6.2027033680047	8.118021051178053	-0.7752821048649832 2.5262943987258684 -0.21402841847870469 2.1462988924190305 0.3419417998768017 1.7549925944416715 0.8921877685936067 1.3508740410986129 1.439201307089841 0.9378164035316016 1.9855480208539826 0.5186218685570322 2.5331485090905064 0.09519506312396939 3.083259415174201 -0.33124781662145514 
8	0.7	78.004	4	7	10	10	10	10	(206, 107, 242)	6.299399517243087	8.394264133805578	-2.5174823475935084 2.33453217318872 -1.9613234875892434 1.9102523150379596 -1.399116360671603 1.4935447007788152 -0.8376162434772196 1.076135836725323 -0.2832616554007334 0.6493278224137978 0.26217524020643423 0.20999276479012005 0.8020136227959707 -0.23607294033558604 1.3397042432238098 -0.6845116822971432 
8	0.7	78.004	4	7	10	10	10	10	(48, 214, 42)	6.297304833907425	9.561157598032867	-1.0145258790226814 -0.4908928576952629 -1.56971687550214 -0.06569606052108987 -2.1308449863404646 0.3513484703593741 -2.7106977470605402 0.7455306206764211 -3.3030477758346777 1.1181400714748286 -3.905410399453088 1.4739268419966536 -4.514199278505773 1.8181017950224898 -5.12594304682583 2.1562583945689573 
9	0.7	78.004	4	7	10	10	10	10	(141, 187, 159)	7.003910852394936	8.567861280940903	-5.573568335592724 -1.8669306662391465 -4.873869160811123 -1.881123317482545 -4.174302029138623 -1.8939317579253303 -3.47465540928871 -1.9026369296710481 -2.772794455434517 -1.902410860223181 -2.0729831600771225 -1.8862814097993825 -1.3719123410491336 -1.8659325582783859 -0.6712279344743877 -1.8436573856365788 0.02880801531364019 -1.8204658952853603 
9	0.7	78.004	4	7	10	10	10	10	(86, 63, 255)	6.900370033404574	7.991214506939925	-2.9424455856671776 -0.6238837334263587 -3.60180933896764 -0.4632332086601373 -4.263798607211848 -0.3035202010979104 -4.928682749332601 -0.14544192200583025 -5.59661379213349 0.010836889475514764 -6.267646248181432 0.16553769825847525 -6.941755469517908 0.3191600067631906 -7.618863163878569 0.4723556243705215 -8.29887269814327 0.6257631265258905 
7	0.7	78.004	4	7	10	10	10	10	(140, 70, 237)	5.577336158822256	9.326585137992991	-1.7784869294489507 -3.2209012088437685 -2.4704896533190555 -3.2385298216536236 -3.164852370224346 -3.2500482437600984 -3.8610354130390143 -3.2550002630344537 -4.558280230920309 -3.255879911542514 -5.256421030395355 -3.254899761692122 -5.955482499193312 -3.253358865788296 
9	0.7	78.004	4	7	10	10	10	10	(239, 194, 80)	7.000124132261879	8.622852008163292	-2.617277513596528 -5.313463822563909 -2.023772696196365 -4.94172991281191 -1.431545758556561 -4.56743508983861 -0.8430179527293946 -4.185628993286566 -0.26415917126457833 -3.793516337279505 0.3104330210508977 -3.394775067607097 0.8829988830938288 -2.992830342755899 1.454893443705395 -2.5896713274232637 2.0267439184095117 -2.186201084612658 
9	0.7	78.004	4	7	10	10	10	10	(252, 65, 1)	7.010081629879977	7.558404748248543	0.8238778041886693 4.2363168840610665 0.12536186059516527 4.189110967243999 -0.5739786421762628 4.136457867794467 -1.2781832948409757 4.062196616590448 -1.9796824891938427 3.944680085871181 -2.6655825921353906 3.810594590010849 -3.350850666611721 3.683218865574945 -4.038212614626494 3.570428597016949 -4.727402479745059 3.4675551826003 
9	0.7	78.004	4	7	10	10	10	10	(7, 57, 253)	6.846967319435164	8.118021051178053	-1.1724994764480192 2.911444257252689 -0.619077381090651 2.576934297992378 -0.06955561312507735 2.214039167380124 0.4736792637752458 1.8171230676200878 1.0112325967121352 1.393486104484164 1.5459521001335317 0.9546117199055777 2.0808509947424265 0.5096392609348093 2.6174906271929785 0.06345865454245722 3.1557090185279537 -0.3827283201795221 
9	0.7	81.001	4	7	10	10	10	10	(206, 107, 242)	6.989629718607434	8.394264133805578	-3.075727764303613 2.605974759288113 -2.477278907400152 2.2460625390183693 -1.8807869957260444 1.8820707085956918 -1.2894233244421303 1.5094309353195268 -0.707323846324065 1.1229505989253217 -0.13772571348325374 0.7188200714092706 0.4183631905050794 0.2963126700890405 0.9626463720051546 -0.1416284928537109 1.5030452939517178 -0.5856653416306988 
9	0.7	81.001	4	7	10	10	10	10	(48, 214, 42)	6.976242960499432	9.561157598032867	-0.4633737673114227 -0.7162412583114112 -1.0266568219245082 -0.30626203055503365 -1.594792454255234 0.09636268958458043 -2.1832315128538546 0.4779029088590178 -2.7791439193631575 0.8350808362022054 -3.3817169944883396 1.1815044132977621 -3.988602884417609 1.5224453993590357 -4.598174081755392 1.8611405622693475 -5.2093853079323145 2.1995783594240064 
10	0.7	81.001	4	7	10	10	10	10	(141, 187, 159)	7.691531593139288	8.567861280940903	-6.300202331315797 -1.842769983319112 -5.603018120349671 -1.8953888111984314 -4.906555984040236 -1.9466524221899397 -4.210628567693977 -1.994086548005199 -3.5150265947752537 -2.034140412615933 -2.819128018950947 -2.062297802692784 -2.1152045510679462 -2.0705453006311654 -1.4167454640906358 -2.0663602574041646 -0.7166089439186731 -2.0669725059445767 -0.015935147753344744 -2.0671844931987544 
10	0.7	81.001	4	7	10	10	10	10	(86, 63, 255)	7.560224453336863	7.991214506939925	-2.4530841993971118 -0.8200284788466126 -3.1036997196735276 -0.6456188394720098 -3.7568814618205395 -0.4720030838023176 -4.413164079442051 -0.30029489878214305 -5.0729388354527245 -0.13122391131027147 -5.736427989068422 0.034980083770355 -6.403688300793873 0.19860888569757731 -7.074641216402694 0.3603919277924334 -7.74912360147127 0.5213122345845091 -8.426952306933725 0.6823435864972893 
8	0.7	81.001	4	7	10	10	10	10	(140, 70, 237)	6.2204518637543735	9.326585137992991	-1.2701756713314118 -3.3718418572790214 -1.9501278119425831 -3.401401528382745 -2.6330418472443498 -3.4150921561963288 -3.3189694500186433 -3.4093262334983123 -4.0072895418451955 -3.3878103092208853 -4.697786274181107 -3.3561086332428327 -5.390799006493827 -3.318871699007863 -6.086650711762398 -3.2795536873008384 
10	0.7	81.001	4	7	10	10	10	10	(239, 194, 80)	7.715496322955426	8.622852008163292	-3.104406070964686 -5.816247610681951 -2.4823750145521073 -5.493389180028999 -1.8618848591394501 -5.165982095318858 -1.247881471389057 -4.8256810271814015 -0.6487305421917858 -4.460363547345454 -0.07447927948251563 -4.053263545178495 0.4768222549248313 -3.6189048318326043 1.014712390981885 -3.168273189579212 1.5454941769028012 -2.7100049759010947 2.073570709542963 -2.2495410798373987 
9	0.7	81.001	4	7	10	10	10	10	(252, 65, 1)	7.001058054032914	7.558404748248543	0.7788788300076674 4.474756118886286 0.08059039471782303 4.420742721530798 -0.617627712917899 4.362022297981796 -1.31474195105958 4.2902574297445515 -2.007665148665438 4.194591970521313 -2.6983528517010273 4.082026658386297 -3.387255926480443 3.958024614537808 -4.074710969486664 3.82638449278628 -4.761684232131116 3.6920383163475634 
9	0.7	81.001	4	7	10	10	10	10	(7, 57, 253)	6.934258830702918	8.118021051178053	-1.0641194224931534 2.995936827375563 -0.4853586061024563 2.6263168756452266 0.08771670645875713 2.2465158765280258 0.6510657466161756 1.850442019885629 1.203013819245511 1.4359787865337346 1.7440408438781678 1.004289086334398 2.276263684810748 0.5585805262820124 2.8029551353873527 0.10278854754325069 3.328339240893413 -0.3571647114281965 
10	0.7	84.002	4	7	10	10	10	10	(206, 107, 242)	7.712481145416646	8.394264133805578	-3.6434315550681795 2.887587325124863 -3.0227304609265304 2.5680721802843345 -2.4029154375053294 2.2445405033597416 -1.7876397371842934 1.9103054026267612 -1.1797407017988732 1.55978603580115 -0.581193784922247 1.1896534491160011 0.004638797611541901 0.7989743681789082 0.5761772189845726 0.38952911990937744 1.1347398054036386 -0.036038442610610046 1.6835341062859097 -0.4707540716841943 
10	0.7	84.002	4	7	10	10	10	10	(48, 214, 42)	7.661434592428167	9.561157598032867	0.13717275841890386 -0.9305409333318522 -0.4252608187439846 -0.5277399572756446 -0.9924516539603464 -0.13092341996961032 -1.5814875415657894 0.24251938674867785 -2.184243627309774 0.5853555247190018 -2.797746607285654 0.9123637398963697 -3.417047065403441 1.2309833138070687 -4.039377999650576 1.5458400036929072 -4.663318131925775 1.8593890716305084 -5.288229716222351 2.1728810463687633 
9	0.7	84.002	4	7	10	10	10	10	(140, 70, 237)	6.814058933015231	9.326585137992991	-0.8311986386263525 -3.5213104541980145 -1.4912382634971868 -3.5764620400303637 -2.153728174567651 -3.605747448494778 -2.8210856495326015 -3.601629814222171 -3.4931850701443588 -3.566405022717501 -4.1695798434478615 -3.50678303506083 -4.85042949234935 -3.435604559704192 -5.536024385167456 -3.3600847655625112 -6.226647337318663 -3.283367309726539 
11	0.7	84.002	4	7	10	10	10	10	(239, 194, 80)	8.448558462537639	8.622852008163292	-3.637600613122396 -6.254320618191093 -2.9959040858134487 -5.971406984333474 -2.353700660324218 -5.6862885416816455 -1.7135180552673783 -5.393396593821967 -1.0812276654421815 -5.08161557762162 -0.468099034247143 -4.733992353422682 0.11509043793066678 -4.3236485280258385 0.6481275913767558 -3.8612864616924423 1.1526673330318824 -3.3679307106940586 1.6417401301902028 -2.8612124885815873 2.12468919859261 -2.351468916015274 
5	0.7	84.002	5	7	10	10	10	10	(89, 37, 121)	4.1984180895650525	7.186545162938398	-1.0014704434128208 4.6773987068691 -0.30471199047733366 4.614503230158799 0.39196133412542483 4.5520240244356645 1.0887992760623986 4.490158985616118 1.7858718984560067 4.428678874435732 
5	0.7	84.002	5	7	10	10	10	10	(70, 49, 101)	4.201613154026668	8.704782133346246	-2.4226461335136005 4.716909306221193 -3.0978947850679672 4.487478630645695 -3.7549720147141845 4.271548619362574 -4.421627923996724 4.067259769931412 -5.092681789862198 3.8696328889704 
5	0.7	84.002	5	7	10	10	10	10	(157, 169, 8)	4.087392886525979	7.752663441410643	-4.2823888702040325 0.013399402310857829 -3.666036523069163 -0.2690455669057099 -3.051342435085906 -0.5437056972236955 -2.4369456301605132 -0.8076558781567235 -1.819593427542392 -1.0613483750442902 
6	0.7	84.002	5	7	10	10	10	10	(137, 138, 39)	4.8500187247339195	6.795448484456786	-5.589629943070315 -0.1626900822181466 -6.2412331173353515 0.0454620859777588 -6.896600143883117 0.25059524588106635 -7.556292634126295 0.4519826007248881 -8.220189603586 0.6508129156036438 -8.887855920707915 0.8490594161392645 
6	0.7	84.002	5	7	10	10	10	10	(109, 23, 119)	4.766098505304665	7.1586210209590675	-4.377879502257283 -2.1196733150372387 -4.997691929959711 -2.024492786744592 -5.651978953117526 -1.9253970219466447 -6.3285330823210515 -1.8241286776479586 -7.015592231963416 -1.7218449213998657 -7.706546629362613 -1.6191148977033527 
6	0.7	84.002	5	7	10	10	10	10	(18, 239, 92)	4.776438149328177	7.721268971049692	-3.4181293343793935 -2.2198382568852195 -2.7908154003908763 -2.2423848381956164 -2.1281595826040194 -2.2609373485925315 -1.4330201940756757 -2.259776423860895 -0.7384720304564318 -2.2479130188344003 -0.04245844359885628 -2.2472971869263896 
5	0.7	84.002	5	7	10	10	10	10	(185, 72, 37)	4.044240199495299	8.252742042737857	0.13508696575114498 2.440067780529901 -0.4201932473681725 2.749857563205326 -1.014691688332834 3.074982330814638 -1.6200907628992072 3.3855306246604635 -2.208626441265006 3.6623619247907384 
6	0.7	84.002	5	7	10	10	10	10	(196, 137, 237)	4.8223487052954095	8.66099527777028	0.869438527423682 1.9735417817511944 1.3636476802077424 1.5645961634811858 1.8881309274808147 1.1258256326571927 2.4136552182887585 0.6687174455538073 2.93070733938606 0.1964120994568279 3.4428863183908693 -0.2811242932674404 
12	0.7	87.003	4	7	10	10	10	10	(48, 214, 42)	9.065790574952224	9.561157598032867	1.3242424173876441 -1.6068539991806594 0.7729306918739307 -1.2133138038427045 0.20787271209261982 -0.8200321630083034 -0.3687458323241447 -0.4311750202316217 -0.9559177538870913 -0.05359120676669342 -1.558783829096512 0.3051886931456084 -2.1735455963875996 0.6408591017530083 -2.7995687864731096 0.9564314858981653 -3.4355364115678406 1.2532113270710394 -4.0805761279427815 1.5318845566870456 -4.728565936155119 1.7950400257273236 -5.378214227692484 2.0543699960814825 
10	0.7	87.003	4	7	10	10	10	10	(140, 70, 237)	7.531500722178302	9.326585137992991	-0.3106652876489007 -3.7002032224268127 -0.9809769401304955 -3.6959235332150997 -1.6512527155793348 -3.684569683318231 -2.32334950536471 -3.6633457219456216 -2.998483721735206 -3.6322414264690748 -3.677454736820934 -3.5922508030273974 -4.360167205082984 -3.5446840274548257 -5.047457044389868 -3.489549750020796 -5.737022514827382 -3.4281180832384806 -6.4303152075886 -3.3644292996848915 
6	0.7	87.003	5	7	10	10	10	10	(89, 37, 121)	4.737289499943568	7.186545162938398	-1.540406999590096 4.6375837709332215 -0.9146367007988653 4.629539436026551 -0.2634149638688459 4.604088528291415 0.4094467530224253 4.558081754342462 1.0957275906810011 4.497142677466772 1.788801382446519 4.429831118936084 
6	0.7	87.003	5	7	10	10	10	10	(70, 49, 101)	4.858973466021903	8.704782133346246	-2.0192469313322823 5.563209028874592 -2.6491674853225815 5.258463499995088 -3.2739487988393834 4.989230659121705 -3.920568412546616 4.758651828181147 -4.584421091900376 4.557917986917684 -5.257205143498527 4.368837757312125 
5	0.7	87.003	5	7	10	10	10	10	(157, 169, 8)	4.1497921319547855	7.752663441410643	-4.3521405492213345 0.23005863396444307 -3.741262270646544 -0.08944601734591671 -3.130026250728995 -0.40362294843392305 -2.5173222253519394 -0.7138116791028345 -1.903625353050977 -1.0212614187863418 
7	0.7	87.003	5	7	10	10	10	10	(137, 138, 39)	5.554847621276348	6.795448484456786	-5.194707379640002 -0.7407637289878769 -5.808039641532179 -0.42951430028013293 -6.42623325333564 -0.1244425346126903 -7.051069587760873 0.1710717916018808 -7.682559348150462 0.4571466506818894 -8.319397201497047 0.73667877415627 -8.959737647728232 1.0138222269975794 
6	0.7	87.003	5	7	10	10	10	10	(109, 23, 119)	4.88133429137514	7.1586210209590675	-4.615651753190177 -2.1820350386656053 -5.298671803354146 -2.0658620705524227 -5.982550624301618 -1.9393149110468688 -6.666548161830401 -1.8076736884772042 -7.351270986669458 -1.673969166998244 -8.037049617265906 -1.5396374838867235 
6	0.7	87.003	5	7	10	10	10	10	(18, 239, 92)	4.857291839237103	7.721268971049692	-3.2494078033002993 -2.2606749008678264 -2.558471154142899 -2.2919720028199797 -1.8675991636728728 -2.321150575668953 -1.1776558315005772 -2.343513552757571 -0.4872729919207544 -2.3733359605795936 0.2042702990988624 -2.4154841285517645 
5	0.7	87.003	5	7	10	10	10	10	(185, 72, 37)	4.191277013078587	8.252742042737857	0.12701223162967606 2.8615417090170783 -0.5362541570294176 3.0701992770998694 -1.1994645737109426 3.2785833665274082 -1.8620121351466186 3.4946845607486225 -2.5244695978065588 3.732605984578495 
6	0.7	87.003	5	7	10	10	10	10	(196, 137, 237)	4.885427327863137	8.66099527777028	1.198501381930397 1.9912907934530317 1.7211980620287552 1.5329999155442224 2.2430026827364595 1.0734134386513041 2.7613095083380887 0.60826692565987 3.2750073910530424 0.1341660694418998 3.7871189064887236 -0.3422756430754004 
5	0.7	87.003	5	7	10	10	10	10	(232, 64, 83)	4.181799505700463	7.424738755682413	-1.990612900677367 2.097653139147276 -2.631510309003101 2.3652643308589782 -3.2733551536400354 2.636550987964609 -3.912770257218653 2.909074956119326 -4.553910759780283 3.1783264847683137 
6	0.7	87.003	5	7	10	10	10	10	(69, 161, 236)	4.879124686287783	7.8493835773832945	-0.6745671579989819 1.6899013963112544 -0.13851623561725385 1.2487759790305268 0.3988233874444261 0.8079567485975235 0.9381391827996282 0.36861895993978205 1.4795377154740041 -0.06919636895371394 2.0225918255606707 -0.5077058713671956 
6	0.7	87.003	5	7	10	10	10	10	(248, 85, 104)	4.854170514671198	9.967482789013575	-1.1450434190344811 -5.319006296174682 -1.7825385196258843 -5.579947494155591 -2.4200171934184165 -5.839363998328612 -3.0592307069751694 -6.097517751325891 -3.701426572272584 -6.35530439716157 -4.347322085259674 -6.61384414861077 
6	0.7	87.003	5	7	10	10	10	10	(150, 166, 71)	4.867126856548566	8.780402464494149	0.2092300105791626 -5.166294746619576 0.6136162871051332 -4.605255551905343 1.0162296802514692 -4.039176484859994 1.423834295708537 -3.4802421825188765 1.8473587321638596 -2.9316695644226924 2.2867712994669187 -2.391822487650258 
11	0.7	90.000	4	7	10	10	10	10	(140, 70, 237)	8.243106217532247	9.326585137992991	0.2975968301254164 -3.758221839126791 -0.3684159695173712 -3.783125221441971 -1.0359784263664145 -3.804573720430428 -1.7076706205758518 -3.8241133873156725 -2.3848342483736693 -3.841051985351536 -3.0678596271183034 -3.851839432974055 -3.756144323802523 -3.848709944614719 -4.450149281985748 -3.8182372375750333 -5.142252122273012 -3.7461222653238755 -5.833580989103644 -3.648958401514304 -6.524860484278897 -3.5432176870488705 
6	0.7	90.000	5	7	10	10	10	10	(89, 37, 121)	4.880624971754201	7.186545162938398	-1.4262896256740083 4.893661458535761 -0.7415611539354873 4.780543290508834 -0.05556419733876424 4.670196561671807 0.6320286214268224 4.563192283549134 1.3211777743282709 4.456796473907749 2.0118092030261563 4.351465073315633 
6	0.7	90.000	5	7	10	10	10	10	(70, 49, 101)	4.9010863150017725	8.704782133346246	-2.234856947021861 5.997830593384199 -2.8513054671953553 5.66752259174364 -3.4711258335709085 5.342728218767612 -4.096142531019908 5.027145482490489 -4.726630027664756 4.721559828130435 -5.3610567095068795 4.423047512001255 
6	0.7	90.000	5	7	10	10	10	10	(157, 169, 8)	4.881588415459335	7.752663441410643	-5.048659964249172 0.48921043973922007 -4.412912260003389 0.2027922801659823 -3.774074180488944 -0.07446741633277515 -3.1302919126023627 -0.3392017018114085 -2.4833251009058928 -0.5954056818980671 -1.8340963511391706 -0.8461067843748061 
7	0.7	90.000	5	7	10	10	10	10	(137, 138, 39)	5.590551146802362	6.795448484456786	-5.315343149468629 -0.8647597048590148 -5.934398260589712 -0.5396137268767865 -6.549444576243407 -0.2111664874742579 -7.164279331715686 0.11861583330188195 -7.779794782628812 0.4482089397557521 -8.396237897087202 0.7772702990177685 -9.013463419393215 1.1061495712025753 
7	0.7	90.000	5	7	10	10	10	10	(109, 23, 119)	5.50465496351651	7.1586210209590675	-4.294160864841605 -2.5821297854192493 -4.942802344473137 -2.3894159881879546 -5.594114417517718 -2.202393418762374 -6.2495283016304315 -2.016823081476969 -6.9096738158672295 -1.8340109867242869 -7.575081807311539 -1.653144419403605 -8.245804436404743 -1.4724384566173652 
7	0.7	90.000	5	7	10	10	10	10	(18, 239, 92)	5.5108898118263046	7.721268971049692	-3.669915231738041 -1.5780384002977257 -3.0326453492917826 -1.8366760636936919 -2.3859102418963714 -2.05923074301946 -1.7229085591600408 -2.2265495614877575 -1.0494943183489862 -2.341063929032152 -0.3689858504998895 -2.4178586696596325 0.3158205119726047 -2.4784372246992863 
6	0.7	90.000	5	7	10	10	10	10	(185, 72, 37)	4.731902643065943	8.252742042737857	0.48848373928260713 3.19969808610776 -0.15173973975461283 3.2745528604266685 -0.797402658110912 3.377988217716961 -1.4485679947316792 3.517316804723415 -2.1051566655521157 3.691241697737533 -2.7654247695586367 3.8856152859468063 
7	0.7	90.000	5	7	10	10	10	10	(196, 137, 237)	5.367535363255859	8.66099527777028	1.0626993808795084 2.3411446412083463 1.5288053274043865 1.9289836000879892 2.003082104629017 1.5002391184870816 2.485551473160833 1.0541869662187306 2.975050747761027 0.5939805979360259 3.469792350105725 0.1212635089652785 3.9697242564533854 -0.3583434322461155 
5	0.7	90.000	5	7	10	10	10	10	(232, 64, 83)	4.095455396717226	7.424738755682413	-2.1971117205719266 2.1669867094078072 -2.8046898383073824 2.439912906680074 -3.417053746505483 2.7149135944002762 -4.031990833218169 2.9954648967774733 -4.652979336161303 3.2779060758101775 
7	0.7	90.000	5	7	10	10	10	10	(69, 161, 236)	5.464833458864176	7.8493835773832945	-0.9613230082810054 2.0112499500559564 -0.45785219401478544 1.5764264839883508 0.05335660203776124 1.1461880991605031 0.5757669633166677 0.7220350365980345 1.1097359292925544 0.30252859076913097 1.6533020303605694 -0.11606961551414904 2.2037032434426433 -0.5377894999278404 
6	0.7	90.000	5	7	10	10	10	10	(248, 85, 104)	4.900000223467282	9.967482789013575	-1.131737792107754 -5.306951179339967 -1.7798203352040518 -5.571505628026185 -2.4279029044021 -5.836060087366976 -3.075985473280512 -6.100614546576446 -3.7240680424791495 -6.365169005915793 -4.372150585576351 -6.629723454599797 
6	0.7	90.000	5	7	10	10	10	10	(150, 166, 71)	4.903607494705353	8.780402464494149	0.4896536955883628 -5.453151968961856 0.9534410100656173 -4.928584429454241 1.4154791021959738 -4.3958181473727365 1.867939926046867 -3.8621343464736237 2.3265829144839976 -3.3343115111412716 2.7941746743057028 -2.81435154434057 
6	0.7	90.000	5	7	10	10	10	10	(235, 119, 179)	4.643734163812353	7.436352832976901	-0.7517414624916999 -0.009991606451796052 -0.24919011496011692 -0.4064354674587532 0.26022376369609324 -0.7971810192852637 0.7804123049175471 -1.1804319765006923 1.31327297812951 -1.5599879127313434 1.8550741202837482 -1.939114391817778 
7	0.7	90.000	5	7	10	10	10	10	(94, 9, 139)	5.422227659231213	8.262674777905001	-1.7634804392382157 0.5675693751490887 -2.368115605391028 0.8031196814085613 -2.9788534471590236 1.0500014422929855 -3.5915093326315257 1.3106160871386667 -4.208247306629408 1.5831347267598985 -4.831289608089895 1.8636458886782983 -5.460859965606678 2.149085293134183 
12	0.7	93.001	4	7	10	10	10	10	(140, 70, 237)	8.977896221694627	9.326585137992991	0.9483442924155551 -3.706151875742688 0.2677602404315178 -3.764682463664043 -0.409826634900285 -3.810454826729633 -1.0901722346272873 -3.851867416851725 -1.7728242871491378 -3.889148779738885 -2.458306338060781 -3.9213123849782043 -3.1468608238193085 -3.9457429763344747 -3.838393214050114 -3.957865369988756 -4.532310053918561 -3.9508623495787907 -5.225911084203673 -3.91550056796533 -5.920739497360557 -3.864952590295099 -6.616904472782387 -3.8089558003599984 
7	0.7	93.001	5	7	10	10	10	10	(89, 37, 121)	5.549527282983478	7.186545162938398	-1.9381187025998818 5.092176006047946 -1.2532711936545842 5.022362872191885 -0.5688069067482967 4.948146562562921 0.11648769512723703 4.868519227301404 0.8030217857390942 4.7826999994566375 1.490870521600414 4.690756314546643 2.1813270948930303 4.596167279056188 
7	0.7	93.001	5	7	10	10	10	10	(70, 49, 101)	5.601363488869126	8.704782133346246	-1.8079076925573776 6.672676319383521 -2.4156034049736848 6.326331509284048 -3.022357345096851 5.973631481211409 -3.629332233453632 5.623200387792547 -4.239002960888051 5.278785203360626 -4.85181313138663 4.94106589346093 -5.466639668685921 4.607937618623133 
7	0.7	93.001	5	7	10	10	10	10	(157, 169, 8)	5.60294218838049	7.752663441410643	-5.783723512805075 0.7414908983551819 -5.137518023849807 0.4724791570926329 -4.487330542692479 0.2108906185431676 -3.8320156603877154 -0.036740940725237294 -3.171139563464594 -0.26817263039053413 -2.505109766765258 -0.4845216273353176 -1.8353059795256028 -0.6916053733453735 
8	0.7	93.001	5	7	10	10	10	10	(137, 138, 39)	6.249374016256795	6.795448484456786	-4.857808604412859 -1.1426137758823787 -5.483919180909771 -0.8615604698245414 -6.10651460493031 -0.5672849694696249 -6.7228478767819935 -0.25052405979267495 -7.328846223257044 0.08477712805571394 -7.930095724581301 0.4322945235583903 -8.529627486437272 0.7864012043681587 -9.12962551822502 1.1433360682948501 
8	0.7	93.001	5	7	10	10	10	10	(109, 23, 119)	6.268100988410884	7.1586210209590675	-3.731957423896844 -2.8541915777915934 -4.40453409248139 -2.6601796583749913 -5.067403015439941 -2.469148521733966 -5.730439352501399 -2.2679871869632273 -6.392865578190636 -2.060318511204604 -7.0554630746709694 -1.8485841916147232 -7.7188441522570255 -1.6345915837211487 -8.383428224391498 -1.4195408625068697 
8	0.7	93.001	5	7	10	10	10	10	(18, 239, 92)	6.181622488167575	7.721268971049692	-4.260788705500087 -1.4190587417711 -3.587896907772876 -1.6119748596862244 -2.933353009210138 -1.7994491812472895 -2.2757517662665516 -1.9722422959754093 -1.6120034100141691 -2.1210062891247623 -0.9440255809384724 -2.2483172330899834 -0.2730278121314687 -2.359314166226631 0.39977976795400716 -2.4613584076421735 
6	0.7	93.001	5	7	10	10	10	10	(185, 72, 37)	4.867836885357788	8.252742042737857	0.45868988293177215 3.443741564010126 -0.2292411325363951 3.517900997866456 -0.917705265598892 3.5976302344468705 -1.6051725775799324 3.691638913874448 -2.290074139577471 3.8060719017732607 -2.971713197041941 3.9395980076252997 
7	0.7	93.001	5	7	10	10	10	10	(196, 137, 237)	5.557524800299172	8.66099527777028	1.2069802003184558 2.322549453344044 1.705904850260426 1.8480399371508724 2.2071948177732206 1.373947155598262 2.7112614038129785 0.9005833996469489 3.2173948319201653 0.426532174559246 3.724802632866781 -0.0499531993935157 4.233568967653922 -0.5278282215232238 
6	0.7	93.001	5	7	10	10	10	10	(232, 64, 83)	4.839663698015487	7.424738755682413	-1.794828100539558 2.1110096701418093 -2.435711329052172 2.3460986845569263 -3.078883905672012 2.5812827239000504 -3.7254970722420655 2.821665847105144 -4.3703410584032785 3.0663490351821814 -5.018135606483893 3.3115413671259932 
7	0.7	93.001	5	7	10	10	10	10	(69, 161, 236)	5.5460828393750266	7.8493835773832945	-0.48053449674126913 2.1631603358662463 -0.015483077843125534 1.6604355802223285 0.45899189246796457 1.1628193862145044 0.946448718872201 0.6759223667519045 1.447143585894275 0.19857536630845027 1.9584029764313455 -0.272261255330898 2.475328296641587 -0.741134261139732 
7	0.7	93.001	5	7	10	10	10	10	(248, 85, 104)	5.58381434102292	9.967482789013575	-0.5511729604006339 -5.174258562400673 -1.206698412927971 -5.409643884605713 -1.8609516545561668 -5.648304131705271 -2.513813835240337 -5.891465164276302 -3.1656999626807423 -6.138791324258301 -3.817313955188896 -6.389042684966341 -4.469391260141009 -6.640735992474715 
7	0.7	93.001	5	7	10	10	10	10	(150, 166, 71)	5.607339110749907	8.780402464494149	0.3447615853194121 -6.250167658914237 0.828427811218295 -5.743636726641263 1.3092133538016102 -5.2340587789394615 1.7809919133068244 -4.716251746143228 2.2371854405591267 -4.180232873605396 2.679422056190312 -3.635935173485988 3.116844160128885 -3.0885208652896856 
6	0.7	93.001	5	7	10	10	10	10	(235, 119, 179)	4.876261231021076	7.436352832976901	-0.618780012396623 0.09442317348637431 -0.08804814259390602 -0.34961889795741374 0.44360464158449536 -0.7938990143657072 0.9756369855645666 -1.2395234328465452 1.5091852189984611 -1.6911566230261024 2.0413141507465804 -2.143466645322207 
7	0.7	93.001	5	7	10	10	10	10	(94, 9, 139)	5.569683699524827	8.262674777905001	-1.8359491428665968 0.7119879039476461 -2.4915378172642506 0.9371731394714281 -3.1447232970089716 1.1687710985303015 -3.795629323412621 1.4081685947432006 -4.445612147492481 1.6529410377925218 -5.097077790013892 1.8985462687631014 -5.752615264022317 2.1416617340688386 
8	0.7	96.002	5	7	10	10	10	10	(89, 37, 121)	6.263641225307737	7.186545162938398	-2.551073595293592 5.320098940881171 -1.8754416197291635 5.3364738847891005 -1.183196763607264 5.330154306359831 -0.48731664710931466 5.307978758736382 0.20933484487489412 5.274738170413075 0.9067171082493167 5.226883432688232 1.6062947044368654 5.1611992118027255 2.302504605780338 5.086713838017562 
8	0.7	96.002	5	7	10	10	10	10	(70, 49, 101)	6.289477977384426	8.704782133346246	-1.3174085003216234 7.273167973197924 -1.9148959002916186 6.910680926080379 -2.511410453002275 6.557092259255173 -3.1172252907872933 6.192447247863008 -3.711903277469048 5.813731504376168 -4.29929925415651 5.447450467721713 -4.899245378542095 5.094018985127938 -5.504427171632981 4.749204030999001 
7	0.7	96.002	5	7	10	10	10	10	(157, 169, 8)	5.599697779179582	7.752663441410643	-5.821546924265647 0.683957756753101 -5.165767819060275 0.44400543941758586 -4.507884937954876 0.20706202628399714 -3.8473076470003393 -0.025200409104392515 -3.1837682086414376 -0.2510963066267808 -2.5176601894696797 -0.4693214328555446 -1.850291654175098 -0.6807029488549574 
9	0.7	96.002	5	7	10	10	10	10	(137, 138, 39)	6.705484503451487	6.795448484456786	-4.89893175691678 -1.3223308359865062 -5.468872885222063 -1.0318973497475832 -6.041262205952727 -0.7343537251062526 -6.614350975402159 -0.42475271339971116 -7.18541477293713 -0.09902838489880564 -7.757577405127771 0.24034226372379472 -8.33306781710815 0.5902487172352581 -8.913894409139173 0.947961989398371 -9.501559958625872 1.3114756391571705 
8	0.7	96.002	5	7	10	10	10	10	(109, 23, 119)	6.298462654496602	7.1586210209590675	-3.795549524702244 -2.9297998089817474 -4.476271562183193 -2.7696967315256606 -5.1537552352603715 -2.5983397229614575 -5.825453768720164 -2.400881260407368 -6.4915501907645625 -2.185334488783233 -7.153729861539822 -1.958138758379716 -7.813677868549987 -1.7246368982644136 -8.472789281378665 -1.48885941880277 
8	0.7	96.002	5	7	10	10	10	10	(18, 239, 92)	5.935935403852627	7.721268971049692	-3.7597484464736373 -1.5225588376735986 -3.144833654517365 -1.701766318551126 -2.5257144811335714 -1.8722416208124837 -1.8977210846683021 -2.0235220137744188 -1.2637308115539383 -2.148265683010865 -0.622486004652343 -2.2523191837870877 0.02496637015282968 -2.341712499039484 0.6778055827865528 -2.4235439640655123 
7	0.7	96.002	5	7	10	10	10	10	(185, 72, 37)	5.5994771774472785	8.252742042737857	1.0650317956005941 3.9056909217578055 0.3664703487550583 3.915743530246733 -0.3318785517522698 3.932945517286111 -1.03294863908094 3.951588186836983 -1.7326063352303591 3.9787991296396017 -2.431363337242917 4.018178037555003 -3.1303676986283615 4.069860494901189 
8	0.7	96.002	5	7	10	10	10	10	(196, 137, 237)	6.178210107062515	8.66099527777028	1.0247600952173184 2.65489757955966 1.50702040034447 2.186996545044463 1.9926082428827612 1.7187157845432153 2.4833083867910255 1.2513812883943114 2.978628801801991 0.783592960200772 3.4766704103731403 0.31212340599938876 3.9762904354993642 -0.1656903218735917 4.478363754812883 -0.6471409953906364 
7	0.7	96.002	5	7	10	10	10	10	(232, 64, 83)	5.463638244851017	7.424738755682413	-1.545393444327584 1.9761134974371444 -2.1593719083326914 2.239842014185092 -2.7802852525790223 2.4908514960628954 -3.4101148898551306 2.728920005723772 -4.048767642290754 2.958882837866818 -4.695379884203202 3.1816446265948097 -5.3493106035187115 3.400750975911027 
8	0.7	96.002	5	7	10	10	10	10	(69, 161, 236)	6.194155953286149	7.8493835773832945	-0.5584240959364413 2.6400933871168815 -0.16073399541666047 2.087402542664735 0.2638264986014441 1.5532550500223803 0.7195977600736656 1.049411867811531 1.2011549381462399 0.5676104941563319 1.7003823319456082 0.09839347876405258 2.210577808242544 -0.366200468921133 2.726760005062004 -0.8318492215044916 
8	0.7	96.002	5	7	10	10	10	10	(248, 85, 104)	6.237057761914853	9.967482789013575	0.06912035373645681 -5.073805161727202 -0.5817137523658151 -5.28813374840028 -1.2334845906795366 -5.504136982361703 -1.8865548249347077 -5.722198518312774 -2.5413014398869302 -5.9420878631723575 -3.198018878327481 -6.1633596127441646 -3.856876798355769 -6.385631075935258 -4.517934081085604 -6.608697346301682 
8	0.7	96.002	5	7	10	10	10	10	(150, 166, 71)	6.307593345238539	8.780402464494149	-0.015474898727679116 -6.871593030230114 0.5128311717541797 -6.410669718630995 1.0373682093891916 -5.944151165495722 1.5473077439353686 -5.464425686848271 2.047796731955938 -4.974366683161986 2.5376808297411846 -4.473954361882624 3.0127119941468146 -3.956170952157746 3.480520949016403 -3.4341674699014813 
7	0.7	96.002	5	7	10	10	10	10	(235, 119, 179)	5.473767441959431	7.436352832976901	-0.472472430606967 0.3402515550569781 -0.0015791272300470654 -0.1349199431829066 0.4811231427368907 -0.6026605355728012 0.97933681246243 -1.0591715994148403 1.490367369725456 -1.5088503457582372 2.0024708049913884 -1.9645051458931 2.5224726054032596 -2.419152171881419 
8	0.7	96.002	5	7	10	10	10	10	(94, 9, 139)	6.109316206970858	8.262674777905001	-1.6751771618609703 0.6393141422183918 -2.2970682782683656 0.8681022438722412 -2.917265907462764 1.099094508067365 -3.539905825146269 1.3302648941246284 -4.168583555851089 1.5598299805905116 -4.80530350900798 1.786865020648424 -5.450941330102248 2.0114420827868487 -6.105573212547292 2.235277792511273 
6	0.7	96.002	5	7	10	10	10	10	(35, 104, 38)	4.761741596147061	8.747494108124915	-1.6360646122803564 -3.9573719573095736 -0.9703660777523658 -3.882914373870884 -0.30599734205023976 -3.80602873174994 0.3616063094433155 -3.727213550386825 1.0312248180949999 -3.631163573507254 1.6949166841716599 -3.5115907350429936 
7	0.7	96.002	5	7	10	10	10	10	(158, 27, 16)	5.502613571213212	8.844328626373807	-2.8028380631595726 -4.490228446635548 -3.4679622683109135 -4.3673275713774515 -4.13591802701362 -4.250500024706153 -4.806968438923706 -4.13868091498265 -5.483141898762398 -4.033551790771531 -6.1649398946638785 -3.9334605867415773 -6.8523861568023925 -3.83523411421529 
8	0.7	99.004	5	7	10	10	10	10	(89, 37, 121)	6.250229286234136	7.186545162938398	-2.4360537803276174 5.441304670081641 -1.7531479444359928 5.5266236381491165 -1.0679683430486675 5.600033479172263 -0.37975176743744127 5.654435686597815 0.31146566397330294 5.685848398969218 1.0053169110800961 5.692190838097673 1.701669288700256 5.674584111907179 2.4009732700613067 5.639890502295506 
8	0.7	99.004	5	7	10	10	10	10	(70, 49, 101)	6.291805072500807	8.704782133346246	-1.4292381318686846 7.486918086053029 -2.043102893243151 7.150344840603403 -2.65482868409697 6.8098602101473436 -3.2611645418415085 6.45771452537655 -3.8537589966514942 6.089047411972651 -4.4407299700166005 5.7116658172325465 -5.02590752323768 5.332030454635624 -5.611228887170323 4.953269500944102 
8	0.7	99.004	5	7	10	10	10	10	(157, 169, 8)	6.286469920598657	7.752663441410643	-6.441116404923547 1.0971252885540423 -5.807135071482849 0.8024345885012529 -5.169755548669156 0.5171849432261285 -4.529177336746008 0.24193934660382024 -3.887335710332431 -0.028209318665786718 -3.2441164143609478 -0.30482707142186427 -2.6073472914244573 -0.5898021662678079 -1.971749578907424 -0.8774451535910324 
9	0.7	99.004	5	7	10	10	10	10	(109, 23, 119)	7.032914496218099	7.1586210209590675	-3.156334701722482 -3.2930406810623203 -3.8506576328432898 -3.1882612503024945 -4.545664464784759 -3.072482442990899 -5.237774221202573 -2.925388328221457 -5.917393166614992 -2.716474637319683 -6.571610129641824 -2.459384261917198 -7.214165414364552 -2.174521731221775 -7.850414413685271 -1.8785066122873337 -8.484131265046692 -1.5810701288095332 
9	0.7	99.004	5	7	10	10	10	10	(18, 239, 92)	6.598665193744239	7.721268971049692	-4.044985101522333 -1.3594726142928384 -3.4720853158712623 -1.6515155079507362 -2.885016391532435 -1.9121874018865153 -2.276884049681573 -2.1185718231999404 -1.6486153762309936 -2.2598011758167296 -1.0067292597252553 -2.352663774647585 -0.35614204338134897 -2.4163403209083296 0.3009008941196742 -2.4687855362781645 0.9644331221876853 -2.52296965349721 
8	0.7	99.004	5	7	10	10	10	10	(185, 72, 37)	6.294022674993615	8.252742042737857	1.7961756308435035 4.365958447651507 1.0966243451377118 4.3531257191285695 0.39192416460738644 4.326576150446918 -0.30540526913168425 4.2822793453375585 -1.001243517264325 4.227565419390675 -1.6968922455755602 4.159012991015709 -2.391417255883408 4.094023292736097 -3.085054279517864 4.038506071830015 
9	0.7	99.004	5	7	10	10	10	10	(196, 137, 237)	6.87253139527486	8.66099527777028	0.7728939830068551 3.082457347387374 1.27616644696376 2.6373615771033188 1.7752349255258109 2.181804371367737 2.268761732377826 1.715300899505752 2.757960597650682 1.2398877080957826 3.2442126656160326 0.7571248467851374 3.7283025061823842 0.2672058636338812 4.211312700276705 -0.230073152969976 4.695073772286802 -0.7311584808266499 
7	0.7	99.004	5	7	10	10	10	10	(232, 64, 83)	5.551322633836293	7.424738755682413	-1.7036242019047336 1.884651383852815 -2.320236358230231 2.196443292766567 -2.942810971144104 2.4944478461852793 -3.5723915638303625 2.7776332834758595 -4.206875277482183 3.053111950297013 -4.845882206879642 3.3216252894925264 -5.488452581711103 3.586357886438921 
9	0.7	99.004	5	7	10	10	10	10	(69, 161, 236)	6.906654257568528	7.8493835773832945	-0.9688884078444944 2.9542259749993915 -0.4739497037258147 2.4828615934886393 0.021460606728140205 2.010779059862389 0.5208069162993031 1.5339320062166164 1.0104409345861987 1.0531888536447283 1.4963697875250606 0.5694200582004572 1.9848908914613634 0.08468876373409077 2.4788013434268374 -0.4001296683471679 2.9773580983745185 -0.8861116466793769 
9	0.7	99.004	5	7	10	10	10	10	(248, 85, 104)	6.92304670240104	9.967482789013575	0.6726357356483902 -4.95180972464436 0.05425470141959749 -5.187801883542536 -0.5801732053334077 -5.430110200527374 -1.226553010312519 -5.672271864222138 -1.8835159967202486 -5.901672228109812 -2.554485658130146 -6.099018522510348 -3.229482412318965 -6.2781062925436775 -3.906558142537929 -6.451123646338762 -4.58438838157039 -6.623281507439088 
9	0.7	99.004	5	7	10	10	10	10	(150, 166, 71)	7.005020347115259	8.780402464494149	-0.44097676679450126 -7.428724341469039 0.09528609027978469 -6.9797833744513476 0.6332723855628121 -6.533951168489616 1.1705503303885794 -6.08759005278168 1.7027802400523029 -5.616731383901785 2.2098970268521296 -5.134739181893947 2.712775505781291 -4.647901903745969 3.211087933961201 -4.15784683067371 3.710263873893584 -3.66803429204199 
8	0.7	99.004	5	7	10	10	10	10	(235, 119, 179)	6.183387556228581	7.436352832976901	-0.5250366023286372 0.8097265489883813 -0.08616464991630851 0.28846530358226763 0.36576157280567245 -0.21417591126642313 0.8388601257891257 -0.6992062957012508 1.3301869464747107 -1.1700992919592492 1.8324757769736175 -1.6359500227575328 2.3324222006400137 -2.1111400974423162 2.83394540388752 -2.589585695150237 
9	0.7	99.004	5	7	10	10	10	10	(94, 9, 139)	6.76856616992448	8.262674777905001	-1.4564847751203074 0.23856214575433018 -2.026195798761024 0.5573746549101453 -2.608576240867475 0.858784618265449 -3.204210529394451 1.1431249129438317 -3.811597654086813 1.415933809607065 -4.428620996906481 1.6831295838128222 -5.053829740788655 1.9485473935013824 -5.6874232819710535 2.21356058136385 -6.330611751647357 2.4787345134781855 
6	0.7	99.004	5	7	10	10	10	10	(35, 104, 38)	4.822095150000995	8.747494108124915	-1.701279914963431 -3.6479349963312058 -1.0219192688122904 -3.7178648607105353 -0.3427116408276787 -3.762995789760128 0.33785665968359907 -3.7771880723477493 1.0327499720475526 -3.7773961872881574 1.7155411624705654 -3.770125601872842 
8	0.7	99.004	5	7	10	10	10	10	(158, 27, 16)	6.193790613984195	8.844328626373807	-2.2855213925011992 -4.744199336074495 -2.952110350443568 -4.670433888697445 -3.623202394142978 -4.587741979763263 -4.296628004854565 -4.487845466186053 -4.9713531709411125 -4.365911564126425 -5.6458553231075115 -4.221057647349989 -6.320088985134766 -4.058435582927344 -6.996254688718684 -3.889018893899797 
5	0.7	99.004	6	7	10	10	10	10	(161, 0, 6)	3.999747441316138	8.547360190592892	-6.98023111173707 -0.06393139892683442 -6.474951553547098 -0.49195455315279774 -5.979030168929853 -0.9173202339424824 -5.492646919851669 -1.341741112747895 -5.014188438309424 -1.7647905504987778 
5	0.7	99.004	6	7	10	10	10	10	(47, 72, 65)	4.15618286653501	9.486946164492704	-8.25008381645762 -0.23029422311596073 -8.679257024455643 0.3010363559887171 -9.116992408445238 0.8302077343608343 -9.56371887482257 1.3573515939020722 -10.016524408664027 1.885184749704241 
9	0.7	100.004	5	7	10	10	10	10	(89, 37, 121)	6.911325794524766	7.186545162938398	-3.048670447246332 5.288989176694791 -2.383595228665578 5.434273826409032 -1.7140354410096577 5.558695301655042 -1.0371271845955352 5.655520454674687 -0.3532794124436913 5.7243511394908655 0.33588605889965 5.76749347748629 1.0290046261547718 5.789184096090818 1.7250777316019894 5.7965215605313976 2.4234369334817205 5.797189595352845 
9	0.7	100.004	5	7	10	10	10	10	(70, 49, 101)	6.997529308431934	8.704782133346246	-0.83201730322543 7.8561553103221495 -1.4552054441835807 7.538074395761241 -2.078261054411689 7.220227333506098 -2.699813131468676 6.8996011939253306 -3.3152770021346836 6.5677208527283035 -3.921630569436532 6.206035232745712 -4.503878951430551 5.819423900823586 -5.078015180104434 5.422451814545768 -5.650166618866184 5.02468005578246 
9	0.7	100.004	5	7	10	10	10	10	(157, 169, 8)	6.9741933737000075	7.752663441410643	-7.078018654869447 1.434612907655962 -6.444603356492066 1.1314397107034662 -5.817118609849288 0.8259455779548807 -5.1877270419619315 0.5257909216818987 -4.555381234254877 0.23487092001652357 -3.91808959772633 -0.05204798587263575 -3.285187085687454 -0.3380749860090434 -2.651197955672384 -0.6170219788897683 -2.012066432080078 -0.8890867293861217 
10	0.7	100.004	5	7	10	10	10	10	(18, 239, 92)	7.263036890255552	7.721268971049692	-4.608324062839559 -1.1155414459318245 -4.053177273531975 -1.4389219114916623 -3.4816894717397573 -1.7243884542852337 -2.8805332207964542 -1.958176299376292 -2.2550876543045764 -2.1290287644045156 -1.6146660781753799 -2.2391203288180437 -0.965812953234315 -2.315381811668783 -0.31132784764383203 -2.3763471712292605 0.3473605018855426 -2.435626961881064 1.0107324473496635 -2.500851174910792 
8	0.7	100.004	5	7	10	10	10	10	(185, 72, 37)	6.297413856770646	8.252742042737857	1.8080258302187375 4.432922483427045 1.1181636445434469 4.44701790249634 0.40286316899969743 4.438125592749533 -0.3174765250354516 4.375229479458321 -0.9979557384183882 4.283470201460283 -1.6846832109854075 4.181485721954869 -2.3722313736568754 4.081232276655624 -3.058853854069454 3.985559849425872 
10	0.7	100.004	5	7	10	10	10	10	(196, 137, 237)	7.5277389476821455	8.66099527777028	0.35204249686056965 3.5157777128769583 0.8573247928088465 3.1172287484023062 1.3611299034810453 2.6787320431358435 1.8551363996210892 2.2143749189047623 2.3429371406179764 1.7378296070141015 2.8278449322444197 1.2541068244590996 3.3107783068958483 0.7642408134442769 3.7921524392270705 0.26820660755938347 4.272707357272171 -0.23418460627964338 4.752564288175279 -0.7398513141848513 
8	0.7	100.004	5	7	10	10	10	10	(232, 64, 83)	6.124547170548285	7.424738755682413	-1.2544665508140986 1.6284023608757747 -1.8364510042859112 1.9395214090326653 -2.428355081559988 2.241530299008202 -3.0315742102078844 2.532102881115245 -3.6443360216187335 2.815350497653049 -4.261450245541101 3.100566075845816 -4.885249020893666 3.384057398293353 -5.515482511293696 3.666122044743626 
9	0.7	100.004	5	7	10	10	10	10	(69, 161, 236)	6.9297148524291625	7.8493835773832945	-0.8896283555630594 2.9701775343398706 -0.3834158415701256 2.502869309510591 0.1164656681728303 2.0291306023181757 0.6146490861794967 1.5516943378217725 1.1039513885078138 1.0668099387640737 1.5893860603349232 0.5770112194944648 2.076173325197414 0.08539340560167363 2.5663063687087484 -0.4069225685356523 3.058905771294597 -0.9001032366317929 
9	0.7	100.004	5	7	10	10	10	10	(248, 85, 104)	6.883199200678565	9.967482789013575	0.6223001973286284 -5.047303963853131 -0.004463390896178762 -5.29710982643067 -0.6346103010959057 -5.545044235815559 -1.2710646232103067 -5.784674640420352 -1.917386483147142 -6.005370467735367 -2.578282694852973 -6.192628038544222 -3.2483103643702655 -6.35978001349954 -3.9240796346903983 -6.517157599499101 -4.60367928736047 -6.671732276233873 
9	0.7	100.004	5	7	10	10	10	10	(150, 166, 71)	7.012379106917349	8.780402464494149	-0.40589173535841266 -7.466351049745626 0.15419147210455306 -7.045481210566861 0.7114374950411321 -6.620055961532329 1.25895034490335 -6.1819662837818825 1.7893864383134541 -5.716518069164083 2.29737174918904 -5.232590645611331 2.7924310380544015 -4.735776445368889 3.276915246926467 -4.229500298841206 3.758405569696178 -3.7212454012611795 
8	0.7	100.004	5	7	10	10	10	10	(235, 119, 179)	6.095149569098565	7.436352832976901	-0.3762044310959478 0.721713910962342 0.0499140298145196 0.22699663550209132 0.49322194403415665 -0.2579509919201673 0.9574595056967861 -0.7304920560511177 1.439615454186037 -1.194055041442759 1.933780939802528 -1.6596142199218344 2.425648290691455 -2.1360101210390448 2.9199130852757484 -2.6177782765082855 
9	0.7	100.004	5	7	10	10	10	10	(94, 9, 139)	6.825693509278768	8.262674777905001	-1.4728020299774052 0.25279764318790193 -2.067101665135327 0.55976900900907 -2.665153369584642 0.859970704834081 -3.2689064454889785 1.1527650008464738 -3.8787215012622305 1.439894233580873 -4.494057793318943 1.7246462735399863 -5.114186423247147 2.009624806944786 -5.7393990576787 2.2964034278775234 -6.370324925812501 2.5860678530590016 
7	0.7	100.004	5	7	10	10	10	10	(35, 104, 38)	5.281957928153176	8.747494108124915	-2.0523467592574574 -3.541223884815677 -1.468118699687404 -3.616228318435446 -0.8515863874667082 -3.6848156218229238 -0.2076774285625781 -3.7375345559432622 0.4552203682540182 -3.7717632975684214 1.1352536623724427 -3.7956410780254366 1.817440101901486 -3.80822626480927 
8	0.7	100.004	5	7	10	10	10	10	(158, 27, 16)	6.237113488888447	8.844328626373807	-2.3160812915676456 -4.808190641187468 -2.996614907235944 -4.723862592027897 -3.6778730963864557 -4.629713100017909 -4.358494491290353 -4.52200992763134 -5.038393778318995 -4.400075592589814 -5.717629843240092 -4.263268188268621 -6.395155699914596 -4.1134774462939925 -7.074792410319413 -3.9586833600988456 
5	0.7	100.004	6	7	10	10	10	10	(161, 0, 6)	4.03130333572326	8.547360190592892	-7.2052715530271225 0.07657212826618248 -6.708266163420797 -0.37383008661505507 -6.236151972446618 -0.8286212952105413 -5.79334443334883 -1.2935532432373549 -5.345046010591783 -1.7819906547402797 
5	0.7	100.004	6	7	10	10	10	10	(47, 72, 65)	4.184439271002324	9.486946164492704	-8.478213351230762 -0.3326178446105881 -8.850183466555242 0.2541803753070322 -9.227573879964869 0.8380867335986835 -9.610927608600306 1.419445323571438 -9.997948415965158 2.000388393861757 
5	0.7	100.004	6	7	10	10	10	10	(252, 55, 150)	3.766282948418537	8.27891942931383	-5.211769539231012 -3.020373594509397 -4.622883395559737 -3.0894461924795373 -4.028310978374206 -3.1720977886894652 -3.440394455891485 -3.264566629661881 -2.870138910643813 -3.3584136753539773 
5	0.7	100.004	6	7	10	10	10	10	(237, 147, 136)	4.022590663305985	7.463793251937071	-6.13714556054118 -2.747835957879984 -6.695118735219063 -2.4915820489015332 -7.288772159905927 -2.234186376524214 -7.910830303251659 -1.978240624501784 -8.550053910534455 -1.7214356997927258 
