N disks	Disks radius	time	Gen	Method	ks	kt_bot	kt_par	kc	color	current length	div_length	X
6	0.7	3.001	1	7	10	10	10	10	(0, 128, 0)	4.900000233093314	8.685700546016648	-2.200000116546657 1.4287546703519706e-16 -1.5000000874099901 -2.857509197987497e-17 -0.8000000291366638 -1.1430037505532248e-16 -0.09999997086333844 -1.143003750553224e-16 0.6000000874099888 -2.8575091979874795e-17 1.3000001165466568 1.4287546703519736e-16 
7	0.7	6.002	1	7	10	10	10	10	(0, 128, 0)	5.5999998319008615	8.685700546016648	-2.899991028640948 0.003914677476334054 -2.1999916552173007 0.0029903293539390507 -1.4999922807323038 0.0020724203118814397 -0.7999929092202949 0.001167897998907536 -0.09999351686263504 0.0002796536120371401 0.6000059127538792 -0.0005952040972684489 1.3000053577996997 -0.00146362274463562 
7	0.7	9.003	1	7	10	10	10	10	(0, 128, 0)	5.600000291358276	8.685700546016648	-2.899991298188235 0.003884315218311258 -2.1999918429838194 0.0029879315408952415 -1.4999923586433637 0.0020915478799729084 -0.799992874303135 0.0011951643309078559 -0.0999933899627323 0.00029878091785811775 0.6000060943781844 -0.000597602383335289 1.3000055495831986 -0.001493985593414948 
8	0.7	12.000	1	7	10	10	10	10	(0, 128, 0)	6.300000334043313	8.685700546016648	-3.5999807130394115 0.007918676350942788 -2.899982351038575 0.00639148046745279 -2.1999839593960537 0.004864977684348004 -1.49998556506595 0.003340017476485961 -0.7999871664075797 0.0018171544857320601 -0.09998876295238805 0.00029638871106694824 0.6000096445270324 -0.0012228344912633279 1.3000080253807462 -0.0027413644707973573 
9	0.7	15.001	1	7	10	10	10	10	(0, 128, 0)	7.000000077942099	8.685700546016648	-4.299968323363925 0.01221358172182726 -3.5999714090693615 0.010131873609585751 -2.899974451112101 0.00806096088398393 -2.199977432661559 0.006015230218050811 -1.499980315171275 0.004006288171641802 -0.7999830806878523 0.0020385332942366393 -0.09998573624654183 0.00010756699268947053 0.6000116907612207 -0.0017982173283929708 1.3000091354346583 -0.003693206198796097 
10	0.7	18.003	1	7	10	10	10	10	(0, 128, 0)	7.699999459111313	8.685700546016648	-4.999953952206027 0.016798318411844117 -4.299958822095007 0.014192052061182927 -3.5999636254403513 0.011607756792973491 -2.8999682726413636 0.009076495986305104 -2.199972656197813 0.006626663108197085 -1.4999767126897348 0.0042749116988562395 -0.7999804370540458 0.0020212115923993515 -0.09998387800096133 -0.00015113381979851268 0.600012881033095 -0.0022705203900574567 1.3000097208880435 -0.00436797654337247 
11	0.7	21.004	1	7	10	10	10	10	(0, 128, 0)	8.39999905804507	8.685700546016648	-5.699938322274263 0.021542878115775144 -4.999944910220692 0.018512262520228938 -4.299951413838119 0.015506954648885777 -3.5999577002454033 0.01256417320835241 -2.899963614177304 0.00972061331525526 -2.1999690506850555 0.0070023464921322 -1.4999739775348953 0.004418340615507201 -0.7999784351221475 0.0019584290620364227 -0.09998251894292287 -0.0004040931708457512 0.6000136480017388 -0.002705728020261285 1.3000099184499496 -0.0049828771938149954 
6	0.7	24.001	2	7	10	10	10	10	(6, 103, 115)	4.873858203260791	7.719275110035206	-3.232800596808334 -0.09208916994379644 -3.9233273588130086 -0.04755885035701164 -4.615001229624994 -0.003248808881363332 -5.308133883022078 0.04078788238538447 -6.002963172149787 0.08464853846356427 -6.699647653601579 0.12849713454661577 
6	0.7	24.001	2	7	10	10	10	10	(57, 149, 153)	4.873837719845634	9.10135394868753	-1.868226735899883 -0.09029824822628249 -1.1772355720858938 -0.05379676330615499 -0.48510214071879243 -0.017465911673537202 0.20848397579291086 0.018652926874447088 0.903762807112253 0.054636639316945894 1.600896576438137 0.09061466809705936 
7	0.7	27.002	2	7	10	10	10	10	(6, 103, 115)	5.489653136860994	7.719275110035206	-2.844539281119366 -0.6979901795696737 -3.4831005361844856 -0.44763343920725324 -4.124597400225958 -0.2293670344804016 -4.776497038755384 -0.05650849912819586 -5.441131501097855 0.07207752490913116 -6.117580612750801 0.16906722806186272 -6.803917837172438 0.252596088353515 
7	0.7	27.002	2	7	10	10	10	10	(57, 149, 153)	5.4632845790697555	9.10135394868753	-2.299735828589854 0.3941487078592966 -1.6381254906027718 0.24060327315205088 -0.9780689186976029 0.11732238999502516 -0.31359925101927894 0.03731434499634402 0.35825421801232854 -0.0004029700657204132 1.0387348784453894 -0.007712577667359623 1.7286264317544366 -0.0015014418011626309 
7	0.7	30.003	2	7	10	10	10	10	(6, 103, 115)	5.599953248630888	7.719275110035206	-2.8162513620428027 -0.8125001279784068 -3.484820012996033 -0.6051274958063276 -4.153430162640018 -0.39789191769407906 -4.822106430311749 -0.19086933775431397 -5.490851180766345 0.015936214874943132 -6.159647455053012 0.2225827397288025 -6.828468602650208 0.4291587165706115 
7	0.7	30.003	2	7	10	10	10	10	(57, 149, 153)	5.599809498908947	9.10135394868753	-2.3495899285779176 0.506562492056156 -1.658788936459754 0.3936901314021437 -0.9679677945196095 0.2809573781155384 -0.27710976520535735 0.16844116157862032 0.41378983920911344 0.056145258105465896 1.1047248766681421 -0.055989619750811355 1.795683223402672 -0.16805369999444475 
8	0.7	33.004	2	7	10	10	10	10	(6, 103, 115)	6.299935539184647	7.719275110035206	-2.159534415374085 -1.0549988812055098 -2.826905408163259 -0.8437702173811983 -3.4942026468533105 -0.6323055980851373 -4.161283169378878 -0.4202312493594292 -4.828226312646321 -0.20771787941410247 -5.495079798095338 0.005087715988124868 -6.161885196868045 0.21805801249403606 -6.828675778878364 0.4310908129142464 
8	0.7	33.004	2	7	10	10	10	10	(57, 149, 153)	6.299371336648978	9.10135394868753	-3.0255792509134856 0.6840295175225769 -2.337392397568298 0.5566032847891602 -1.6491081950090507 0.4297266531219551 -0.9606522197595738 0.30376465010434217 -0.27199481045120394 0.1788418400376006 0.41684871952932606 0.054840357380437695 1.1058295062074077 -0.06853840676148326 1.7948863090403553 -0.19165555317529373 
9	0.7	36.001	2	7	10	10	10	10	(6, 103, 115)	7.000018634051392	7.719275110035206	-1.4959672121107754 -1.276277991586359 -2.1645789411080862 -1.0689777863497054 -2.8330567654977337 -0.8612141085957475 -3.5011628606495018 -0.6522350334717572 -4.168611267019807 -0.44115240451485493 -4.835042637976114 -0.22707922535648423 -5.50080517517527 -0.01090601271210614 -6.166181578369145 0.20647817003491223 -6.831414449018401 0.42432293128892673 
9	0.7	36.001	2	7	10	10	10	10	(57, 149, 153)	6.998235824725219	9.10135394868753	-3.6994564338772897 0.8698167969951067 -3.014376005829431 0.7274441555518726 -2.3289982478422995 0.5865744908748541 -1.6431029423514125 0.4482389241203656 -0.9565888866424073 0.31290755638500717 -0.2694709708226505 0.18048270706849914 0.418143845839953 0.05039242974788276 1.1060960608116899 -0.0782218110130293 1.7942230048425372 -0.20624415786389794 
10	0.7	39.002	2	7	10	10	10	10	(6, 103, 115)	7.700276684959853	7.719275110035206	-0.8303761076191429 -1.491599835699558 -1.4993886250411474 -1.2855741451943732 -2.1683691429713536 -1.0793887400293236 -2.837216909624417 -0.8727243360795041 -3.5057788095090023 -0.665099128776215 -4.173855042504935 -0.4558927047272812 -4.841209242113344 -0.24438636983276363 -5.507501688961604 -0.02981761437440682 -6.1732313842407835 0.18650809112467726 -6.838749066956505 0.40349472159543515 
10	0.7	39.002	2	7	10	10	10	10	(57, 149, 153)	7.6976970579852	9.10135394868753	-4.371420376488657 1.0644527503388717 -3.6890168752299495 0.9099351347497208 -3.0062183280648846 0.7572913651560742 -2.3227224270543223 0.6078333355354018 -1.6383810433029675 0.4622218427675392 -0.9531925436996089 0.3204729184187765 -0.2672693555395324 0.1820652286658572 0.4192073047325059 0.04612250695468589 1.106035302653187 -0.08836305915054243 1.7930370232113415 -0.2222949788554134 
11	0.7	42.003	2	7	10	10	10	10	(57, 149, 153)	8.398054080255475	9.10135394868753	-5.046575773863399 1.2474252957221104 -4.364750942280288 1.0894107162106825 -3.6828438410625886 0.9321410674146906 -3.0005998237017844 0.7766139840333951 -2.317793096341242 0.6237177961672749 -1.6342908507412135 0.4739685435691558 -0.9500752472702224 0.3274016241770758 -0.26522981110676974 0.1836068928887469 0.420095707099965 0.04186559417086898 1.10572817252268 -0.09866031027017283 1.7915132342801687 -0.23872505200882196 
5	0.7	42.003	3	7	10	10	10	10	(101, 99, 130)	4.1656848633125	8.65076916414963	-2.505462975581811 -1.0208697287711848 -1.8418630652064654 -1.1985078359516745 -1.1756506955928923 -1.3766761597946613 -0.5063380874320782 -1.5555019119097886 0.1663922701042418 -1.7351539213095892 
6	0.7	42.003	3	7	10	10	10	10	(122, 66, 186)	4.8532934877964085	8.004574088791765	-3.8084773883572205 -0.7098430095158995 -4.448676032827306 -0.46343210965812054 -5.090824395509243 -0.21732355448608712 -5.735656836909599 0.028512047145337754 -6.383596894368217 0.2745330766273417 -7.034829832308854 0.5213523612742136 
12	0.7	45.000	2	7	10	10	10	10	(57, 149, 153)	9.09605351006364	9.10135394868753	-5.718526658605405 1.4326891152232095 -5.038501825699579 1.2682431378383425 -4.358287151041018 1.104881932318531 -3.677611829862471 0.9436402719735888 -2.9962700463046303 0.7853040503626918 -2.3141534906557513 0.6302766611467361 -1.6312562161993565 0.47854489276475026 -0.9476571588687048 0.32973335530080305 -0.2634900766382447 0.18321903228131964 0.4210893994478938 0.03827117928471301 1.1059331487012058 -0.10581293908152943 1.7909241199334107 -0.24959257351984443 
5	0.7	45.000	3	7	10	10	10	10	(101, 99, 130)	4.199371268462284	8.65076916414963	-2.4664001962897593 -1.0252157901934027 -1.7909070194370602 -1.2079161180704856 -1.1153692875743848 -1.390623984823515 -0.4397757107230912 -1.5733423274788674 0.23588101452103752 -1.7560753910063471 
6	0.7	45.000	3	7	10	10	10	10	(122, 66, 186)	4.899450907043699	8.004574088791765	-3.8298085961502712 -0.7123921892200644 -4.487014182054936 -0.4720292222465847 -5.144297750198387 -0.23169930900979582 -5.801675334572989 0.008592626773546235 -6.4591186014004425 0.2489505750107867 -7.116357470292106 0.48958647795177623 
6	0.7	48.001	3	7	10	10	10	10	(101, 99, 130)	4.883578023645704	8.65076916414963	-2.5861968004850704 -0.405787840712531 -1.973683474670606 -0.7339018269612458 -1.3601337693723001 -1.0617517353241726 -0.7453158228573894 -1.3892330665309878 -0.12921453142851919 -1.7165726740170635 0.48805863036057134 -2.0441540709621617 
7	0.7	48.001	3	7	10	10	10	10	(122, 66, 186)	5.590192398698438	8.004574088791765	-3.5749307729016198 -1.3599148288085692 -4.181481519376807 -1.0146043651450862 -4.7904652175008655 -0.6738036221623102 -5.403552357356984 -0.3402425083226489 -6.021204483905289 -0.014529703211843015 -6.642731156327412 0.3048296392379006 -7.266623571235728 0.6208808894417693 
6	0.7	48.001	3	7	10	10	10	10	(29, 166, 182)	4.869194375302055	8.071290635199919	-3.3513018629692173 0.7467601989831761 -4.006508676274668 0.9657179712979461 -4.66268186720499 1.1855656599437745 -5.319889472547895 1.4071657742468833 -5.978228448934135 1.6310925605365771 -6.637982523744227 1.857139974484825 
7	0.7	48.001	3	7	10	10	10	10	(241, 80, 57)	5.569046506517472	10.273942566222068	-1.9841009116449622 0.8452876879572429 -1.327916212911882 0.6231780783405415 -0.6702589356274362 0.4046170663167839 -0.010133301488163583 0.1912275420400222 0.6527989359835862 -0.01719290697578148 1.3183542813020672 -0.22224749595843168 1.986077329749359 -0.4261335950027782 
6	0.7	51.002	3	7	10	10	10	10	(101, 99, 130)	4.745981698188006	8.65076916414963	-2.410811179190832 -0.6086445400239571 -1.8202078330478089 -0.8836412796172212 -1.2250379514430458 -1.1666459922258328 -0.6246921142309094 -1.4598953946219413 -0.01773808782022791 -1.7627061838089855 0.59761612330244 -2.072706016233056 
8	0.7	51.002	3	7	10	10	10	10	(122, 66, 186)	6.304499572921053	8.004574088791765	-3.0100865708998232 -1.7988815147125676 -3.60533594285563 -1.428052441779067 -4.204837870908362 -1.0647555998921026 -4.809907726143753 -0.7112776340114649 -5.419881101676211 -0.3666725013531792 -6.033227746147734 -0.028418512872424417 -6.6483476534494725 0.3062856483747801 -7.264010888172568 0.6396821807136825 
7	0.7	51.002	3	7	10	10	10	10	(29, 166, 182)	5.410541373458656	8.071290635199919	-3.1251126753526597 0.3047029957100922 -3.7093686283068963 0.5851501884447314 -4.299549803256826 0.8689062849763726 -4.897109821264596 1.1564153421891945 -5.502906864317022 1.4477007723194293 -6.117235128315992 1.7427375764710635 -6.740024005894765 2.0416128782439777 
8	0.7	51.002	3	7	10	10	10	10	(241, 80, 57)	6.273847104701673	10.273942566222068	-2.4444728789352883 1.4130527433900983 -1.831534367796376 1.0809962560457642 -1.2122787704149867 0.7642147644407362 -0.5828471915455495 0.4700005452652366 0.05717900371474874 0.19920705052871757 0.7059428678231995 -0.05234783840706744 1.3606128414277427 -0.29178803252530217 2.018460192363556 -0.5266086550538116 
7	0.7	54.003	3	7	10	10	10	10	(101, 99, 130)	5.569852031031093	8.65076916414963	-2.9784355898659927 -0.6352222315684724 -2.328395381015386 -0.8727838101887048 -1.6778034377479976 -1.111460575053407 -1.02659789273772 -1.3517023922052986 -0.37459737291301987 -1.5935446630222456 0.2784559198571999 -1.8367068445440078 0.9328259926055803 -2.0807657681911174 
9	0.7	54.003	3	7	10	10	10	10	(122, 66, 186)	6.993165886889557	8.004574088791765	-2.65528519642652 -2.531388100343062 -3.225955729736505 -2.1262913243565227 -3.7955432275282 -1.7199676691854793 -4.361921397885891 -1.3098568908587094 -4.928390373644151 -0.9001582782651023 -5.496914979184557 -0.4935863423053831 -6.068264469731618 -0.09118719832391942 -6.642132189164089 0.30750846353330497 -7.217438051913237 0.7040958385145585 
7	0.7	54.003	3	7	10	10	10	10	(29, 166, 182)	5.5724535111896	8.071290635199919	-3.1188007644863496 0.7069391995862152 -3.7752688622581707 0.9269905014682338 -4.431831868740001 1.1497874253292688 -5.088146980859366 1.3769375993227329 -5.744203240829038 1.6089555347163296 -6.400336692768732 1.8452445638257173 -7.057180725013619 2.0842626808510083 
9	0.7	54.003	3	7	10	10	10	10	(241, 80, 57)	6.9935054402226395	10.273942566222068	-2.8410020216848753 2.132621524177831 -2.249224202122978 1.7588241042821544 -1.6590710090440628 1.3846171850355948 -1.0665207795840157 1.0142874938056765 -0.46967151658504797 0.6508654690988352 0.13207002949548077 0.29533342948282243 0.7381315153079421 -0.053242097700114475 1.3471597211514728 -0.3971692086077137 1.957577368402251 -0.7392080069640496 
8	0.7	57.000	3	7	10	10	10	10	(101, 99, 130)	6.27139315215714	8.65076916414963	-3.6076413988420635 -0.47343248440631 -2.9585185024074834 -0.716706936082392 -2.30613229807757 -0.9534140259465078 -1.6508280241466324 -1.184479302391909 -0.9929971289766478 -1.4111480278638395 -0.3330907411449727 -1.6348486054606317 0.32844360252155225 -1.8570006306670472 0.9912330325815011 -2.07878750954317 
10	0.7	57.000	3	7	10	10	10	10	(122, 66, 186)	7.699928317657308	8.004574088791765	-2.1471788484027 -3.0243425050957478 -2.733559299761306 -2.6414546092970927 -3.318940706067968 -2.2565001474436595 -3.900653614726114 -1.8656289908774744 -4.474422052000644 -1.4630956001775903 -5.032832500372727 -1.0424741839029978 -5.582593181355511 -0.6101989697982281 -6.127647155955854 -0.17178719844845178 -6.670731738615467 0.26922792175633026 -7.2133844948097305 0.7109790974483925 
8	0.7	57.000	3	7	10	10	10	10	(29, 166, 182)	6.2813387270187935	8.071290635199919	-2.4692895532680628 0.560108828703682 -3.12569594119069 0.7884354407284164 -3.785439077424677 1.010286520405961 -4.446927840505796 1.229039585153071 -5.109357249161805 1.4470854212461008 -5.772299105353362 1.6657244227978008 -6.435631698194338 1.885316872738831 -7.099435361064413 2.105586696012539 
10	0.7	57.000	3	7	10	10	10	10	(241, 80, 57)	7.69785516478475	10.273942566222068	-3.3274612308028546 2.664885099298052 -2.7344166058385584 2.2924576417686824 -2.142083070230445 1.918360088648349 -1.5524083824263446 1.5391921306128544 -0.9708260486266297 1.15181514114689 -0.3917788322748153 0.7602136774489634 0.18691057950012038 0.3677177496557819 0.7662882312482954 -0.024109708331869074 1.3465245749023529 -0.41500934916571136 1.927297145418199 -0.8054501077927501 
9	0.7	60.001	3	7	10	10	10	10	(101, 99, 130)	6.972764004774891	8.65076916414963	-4.226412051559338 -0.24452552793149226 -3.5798935278303143 -0.5032773725768296 -2.9327630254235157 -0.7584821049666157 -2.282766821983172 -1.0055427825041263 -1.6282742225250249 -1.2405198227025878 -0.9697198813087333 -1.4660142291672429 -0.30796443455550937 -1.6847715734957134 0.35608326179158933 -1.8996723731670215 1.0216172492607913 -2.1132736206388416 
9	0.7	60.001	3	7	10	10	10	10	(29, 166, 182)	6.979380116509709	8.071290635199919	-1.8608571017324738 0.2995963888369285 -2.5036052229199566 0.5651804487020616 -3.1498297346980664 0.8228290838230926 -3.8015861390187022 1.0672263983260373 -4.459535692461819 1.295955371797588 -5.1222223436846415 1.5133687686323212 -5.787837899574163 1.724727781288271 -6.454862669770913 1.9348908227875838 -7.12252144571158 2.146623394063633 
11	0.7	60.001	3	7	10	10	10	10	(241, 80, 57)	8.403169984685842	10.273942566222068	-3.8796063858041334 3.088660893270178 -3.278805368646696 2.7290603934258892 -2.678490745100431 2.368259977468216 -2.0801343910596883 2.003854184037322 -1.4861902531955806 1.6320257586206672 -0.8992513764021071 1.2469710337623874 -0.32489054024013114 0.847461512247224 0.2424738092342868 0.43778215174958224 0.8056832803808814 0.022257430936932474 1.3668751156287333 -0.39606516015560167 1.9274304181344022 -0.8152859974396928 
5	0.7	60.001	4	7	10	10	10	10	(229, 113, 195)	4.101942286559243	6.813118468468161	-3.736365570372733 -2.0816363405443883 -3.1748146677273588 -2.4343683129077878 -2.6060879620168578 -2.789146338216636 -2.0287016070964095 -3.1468262397537567 -1.4421698650530803 -3.5089039677479907 
6	0.7	60.001	4	7	10	10	10	10	(196, 111, 44)	4.7648521960844725	10.530872677940321	-4.8562441453833465 -1.5712748715865519 -5.317211965684216 -1.0958915965956764 -5.785198330609021 -0.6226166861824999 -6.264802302827597 -0.15271492487134808 -6.756545107290442 0.3151502141549339 -7.258223210739648 0.7843501826089276 
10	0.7	63.003	3	7	10	10	10	10	(101, 99, 130)	7.660704704080107	8.65076916414963	-4.844949976606491 0.006075308277072866 -4.214853376584456 -0.276916798583282 -3.581343272669065 -0.5547010268013836 -2.9421781592100196 -0.8231748428075628 -2.2959374940378887 -1.0785294894549988 -1.6419006045597242 -1.3173213483427215 -0.9803908572787456 -1.537111296910665 -0.3139560119834285 -1.7453791691034617 0.3550524774519231 -1.9479584878530123 1.0251688739310878 -2.1487686710660814 
10	0.7	63.003	3	7	10	10	10	10	(29, 166, 182)	7.6722473437759895	8.071290635199919	-1.2690051025123084 -0.013752506473579888 -1.907479357689536 0.261088927972728 -2.54735949550144 0.5333702807589943 -3.1895690697138273 0.8015468198908144 -3.8350340755637156 1.0634571921863487 -4.484751766454837 1.315949729423549 -5.138912333839035 1.5560775579593036 -5.796277979621352 1.7897090426693376 -6.455413582157217 2.0206884515769157 -7.115558827209677 2.2511500512837315 
12	0.7	63.003	3	7	10	10	10	10	(241, 80, 57)	9.105843671750407	10.273942566222068	-4.4590049260288085 3.472041370584093 -3.854596714343961 3.1186040050962887 -3.250289776508397 2.7646609923821623 -2.6467623769353055 2.4090493794907526 -2.0453012706179905 2.049631767790057 -1.447915864535633 1.6832286885150012 -0.85738381560625 1.3057577094815684 -0.2761984360977297 0.9118170876247356 0.29110360067637614 0.5017080387150644 0.850313172044401 0.08041975333219632 1.4050074739824698 -0.3468124493374506 1.9580143130451686 -0.7761237046738902 
5	0.7	63.003	4	7	10	10	10	10	(229, 113, 195)	4.199971578802664	6.813118468468161	-3.610093519442806 -2.056532501981561 -3.0327578931792627 -2.452355654900498 -2.4554253124773706 -2.8481773330206215 -1.8780931727146255 -3.243999656131136 -1.3007585588760018 -3.639824288734385 
6	0.7	63.003	4	7	10	10	10	10	(196, 111, 44)	4.901377928970774	10.530872677940321	-5.022367167499091 -1.7281080203029298 -5.502971316724737 -1.2184047983132724 -5.980802862194584 -0.7043495850010784 -6.448669274661403 -0.18444012803355114 -6.912650583639576 0.33928613010768666 -7.375427963561688 0.8643043926043159 
11	0.7	66.004	3	7	10	10	10	10	(101, 99, 130)	8.345164331593766	8.65076916414963	-5.422870909448158 0.31138771470740123 -4.789290123337749 0.04018534711296067 -4.155181922669359 -0.23102719038249322 -3.5226829028138567 -0.5080098236235769 -2.894379633483651 -0.7996312415811263 -2.2652258611150264 -1.0926408518935804 -1.630157662172525 -1.3749791927214559 -0.984644869969757 -1.6348686628565956 -0.32499386699963173 -1.8655751209711942 0.3409836491115852 -2.0796840554042597 1.009190059401829 -2.287749718732798 
13	0.7	66.004	3	7	10	10	10	10	(241, 80, 57)	9.81022360532074	10.273942566222068	-5.05075739069864 3.8376898582886243 -4.445414276327634 3.485776229452715 -3.839749875630671 3.1339907323953184 -3.233661420283387 2.782472144529014 -2.6272884746991103 2.4309370189425374 -2.021229737919611 2.0783321581618424 -1.416787263483096 1.7224826888842912 -0.8162523142476126 1.3597745812237105 -0.2232588887033901 0.9849345886218638 0.3566395352765304 0.5910543854818371 0.919021173809825 0.17334258925002782 1.4719390151975995 -0.2567941460128688 2.0212843151568056 -0.6911053549613354 
6	0.7	66.004	4	7	10	10	10	10	(229, 113, 195)	4.866375167811357	6.813118468468161	-4.017095001193319 -1.707416462353044 -3.4536362953441624 -2.1061999866526735 -2.8915094743508383 -2.5084111011725234 -2.3306249294456065 -2.914977847540211 -1.769924718763728 -3.32534077138349 -1.2080533047852315 -3.738304663855856 
7	0.7	66.004	4	7	10	10	10	10	(196, 111, 44)	5.607689345325973	10.530872677940321	-5.022158811731408 -2.5763129264695115 -5.41277485701041 -1.993053281364295 -5.810182475475229 -1.414641303385914 -6.214790696462436 -0.8411012766542054 -6.62208856197637 -0.2688437371383925 -7.022501808334191 0.3050261564575619 -7.421254955178543 0.8802026033546314 
5	0.7	66.004	4	7	10	10	10	10	(24, 216, 222)	4.142628418724643	7.6048084246272545	-2.8347037298391533 0.8343972188431772 -2.2356984814627956 0.5107436688322722 -1.6335684241933766 0.1873291345779763 -1.0276757272793715 -0.13605351039128932 -0.4172270332193692 -0.4608910960368099 
6	0.7	66.004	4	7	10	10	10	10	(218, 159, 221)	4.841958081600844	8.9870937080947	-4.086033025368624 1.2364972690827518 -4.723582610640173 1.4752893974546797 -5.366187186093435 1.7130739088216418 -6.011378033992716 1.9527366894467455 -6.659329567427983 2.1952998569206215 -7.310633479710575 2.44023427282196 
6	0.7	69.001	4	7	10	10	10	10	(229, 113, 195)	4.898581785485961	6.813118468468161	-4.044277872484273 -1.780363210733977 -3.4650679355480176 -2.1728379416416477 -2.8855869824759686 -2.5648797724162176 -2.3057109040221992 -2.9563932365229006 -1.7254764634600384 -3.347516554152925 -1.1450106634157047 -3.738502921641739 
8	0.7	69.001	4	7	10	10	10	10	(196, 111, 44)	6.306841221821259	10.530872677940321	-4.722224255516457 -3.215043408238744 -5.136207062553108 -2.6503254750935388 -5.551235578898075 -2.086054440972106 -5.968927607859594 -1.5234412032644353 -6.389972938055484 -0.9629398990011521 -6.81320074008352 -0.4035830858441531 -7.2353367604128636 0.15868226029846294 -7.64792610983604 0.7240480574767636 
5	0.7	69.001	4	7	10	10	10	10	(24, 216, 222)	4.1949338248086505	7.6048084246272545	-2.820965326533539 0.7805646564131882 -2.1967094623186774 0.46638811577209055 -1.5731503663576265 0.1512042544220515 -0.9503294761495605 -0.16534471419932925 -0.32793317591797577 -0.48292688519842714 
6	0.7	69.001	4	7	10	10	10	10	(218, 159, 221)	4.9011395196881935	8.9870937080947	-4.037445175582476 1.4685048798448705 -4.698693637002497 1.6963758454426943 -5.361358488416578 1.9202945201920805 -6.030542737053887 2.1337831945251424 -6.700701832899014 2.335576572941764 -7.372075913007394 2.5335687468297854 
7	0.7	69.001	4	7	10	10	10	10	(201, 51, 158)	5.533581906370491	9.313845912038914	-2.3512904044110923 2.0900947287950786 -2.91379174583695 2.477742199964506 -3.4787025641287572 2.8646201976043626 -4.047026392370364 3.2504047325095167 -4.619135450837007 3.6355227026996615 -5.194933401814377 4.0208851803317485 -5.774080768212543 4.407529651377578 
7	0.7	69.001	4	7	10	10	10	10	(139, 28, 103)	5.5353477798010715	8.581371861248542	-1.079484826303258 1.7083999290744492 -0.518454502591423 1.3176081149710206 0.04505359151017731 0.9276835992223752 0.6113892713903303 0.5380173220933203 1.179542043058157 0.14700242691605384 1.750429134042721 -0.2456236107483306 2.3242750581492464 -0.6400963511448491 
6	0.7	69.001	4	7	10	10	10	10	(254, 42, 8)	4.7420781472149205	9.125787176163477	-3.0914890496971026 -0.708667969298873 -3.6871552020986034 -0.4194983564718699 -4.283421676104731 -0.1272122039372032 -4.881051053553833 0.16958448505572576 -5.481233192015983 0.4710587460249149 -6.085383760672637 0.7764862399211824 
6	0.7	69.001	4	7	10	10	10	10	(183, 4, 206)	4.7918208006070255	8.334446898315443	-2.050275894647057 -1.3915719371394635 -1.4155705364892563 -1.594571977740054 -0.7773997636911589 -1.8030143573903268 -0.13476799791117378 -2.0175317363179035 0.5133903057417941 -2.2376040028638013 1.1682247770961172 -2.4616512119524065 
7	0.7	72.002	4	7	10	10	10	10	(229, 113, 195)	5.575226986779436	6.813118468468161	-4.596685944011565 -1.4713929508984855 -4.017350845487307 -1.852151313669956 -3.4371083064853045 -2.233340700020371 -2.856466186310806 -2.6156172557089294 -2.275212497408391 -2.999028857625659 -1.6933276992761936 -3.3836052670714256 -1.1105839887458975 -3.7691282929830012 
8	0.7	72.002	4	7	10	10	10	10	(196, 111, 44)	6.298632604972312	10.530872677940321	-4.845755465119975 -3.2915558576492647 -5.279413383020291 -2.7416879030058166 -5.709199314947076 -2.1885137478082726 -6.126864566631166 -1.6277600577601272 -6.53861290318246 -1.0623718734909742 -6.947767006253448 -0.49490230069065105 -7.356054998496003 0.07336804270669699 -7.763925062232996 0.642093944012158 
6	0.7	72.002	4	7	10	10	10	10	(24, 216, 222)	4.803964500106575	7.6048084246272545	-2.955920376490397 0.6281565639700978 -2.3418320812085605 0.3536713506781035 -1.724444930849433 0.08153947356506538 -1.1013202502149604 -0.19046615795486502 -0.47242265159884783 -0.46316389259195506 0.1621799890217923 -0.7371946702748303 
7	0.7	72.002	4	7	10	10	10	10	(218, 159, 221)	5.468074283756417	8.9870937080947	-3.7698632764461264 1.6117853456593747 -4.408677905829686 1.799123055518309 -5.052303568593626 1.9821896896342015 -5.7026183848823795 2.158585027450166 -6.361283179303783 2.3275711219968502 -7.027445097554466 2.4927212782746233 -7.700659031363067 2.6574062734794865 
8	0.7	72.002	4	7	10	10	10	10	(201, 51, 158)	6.225908260474986	9.313845912038914	-1.9997228831401495 1.6694683673933433 -2.484662069306196 2.1608645342032 -2.9867066602788648 2.6308485560216934 -3.5207636022638797 3.05915480678322 -4.083471818093527 3.4515661991204403 -4.667835916864553 3.816225363765331 -5.266356951206902 4.164172581296103 -5.872436130649667 4.506521942022974 
8	0.7	72.002	4	7	10	10	10	10	(139, 28, 103)	6.248743771107346	8.581371861248542	-1.0973927808486341 2.5741558480301974 -0.6612592197376279 2.0284721540390875 -0.21255774269149663 1.5013137905939693 0.26072108139692446 1.00032138555289 0.7615213214464377 0.5275140808228594 1.2861475236866526 0.07837128062100632 1.8260842817571747 -0.3559951244500751 2.3743396100670844 -0.7854128821352678 
6	0.7	72.002	4	7	10	10	10	10	(254, 42, 8)	4.887128950231157	9.125787176163477	-3.1399014238491607 -0.7726748338966457 -3.7506826825638404 -0.4376634484563263 -4.363219791708002 -0.1039687131336432 -4.977689795365307 0.22505098288141642 -5.594698821010605 0.5506186410289454 -6.213503308438762 0.8742454243411657 
6	0.7	72.002	4	7	10	10	10	10	(183, 4, 206)	4.889424846154428	8.334446898315443	-1.978473732035288 -1.5289861539294363 -1.3093233680294114 -1.7233527860648066 -0.639522088422053 -1.9176085222241759 0.03135550042777728 -2.11079242961462 0.7030480487292423 -2.300864780366818 1.375947473916477 -2.4901304434547833 
8	0.7	75.003	4	7	10	10	10	10	(229, 113, 195)	6.265377530671392	6.813118468468161	-5.097348744074791 -1.097445680246705 -4.5933286735235805 -1.5707072539855436 -4.080797247952588 -2.036528332070836 -3.5525562991809005 -2.486401960393818 -3.0020930637160808 -2.9114591232593288 -2.4259948352843965 -3.301238197079027 -1.8348626816434492 -3.6716301360387713 -1.237834290548479 -4.03502635227476 
9	0.7	75.003	4	7	10	10	10	10	(196, 111, 44)	7.000648662911729	10.530872677940321	-4.49365851075138 -3.895497011329488 -4.94208905447331 -3.357694459428298 -5.388955307182599 -2.818280065838721 -5.830605462490132 -2.2743061496089587 -6.261874073966819 -1.7204717937989518 -6.674418582477734 -1.1561867421596304 -7.077492001024126 -0.5849498994951499 -7.475704495573112 -0.010334412261748699 -7.871140905549053 0.5673612910185956 
6	0.7	75.003	4	7	10	10	10	10	(24, 216, 222)	4.781139803956933	7.6048084246272545	-2.454858650394679 0.6848142096079084 -1.8658421343033575 0.3678879141559323 -1.2745723368574766 0.05448000718852232 -0.6800771814149768 -0.26466737320945144 -0.08300083778477647 -0.5919258961605457 0.5179278110060727 -0.9258037345906469 
8	0.7	75.003	4	7	10	10	10	10	(218, 159, 221)	6.12630408891655	8.9870937080947	-3.456780010943887 1.4332419251173512 -4.0881423151009795 1.6331851530542736 -4.721814086594092 1.8336229594427191 -5.359372149961214 2.0340619065130245 -6.002384110089926 2.233349809215773 -6.652659285817289 2.4298057962805055 -7.309903403267983 2.6257010086567356 -7.9740847269622765 2.8227393535528993 
9	0.7	75.003	4	7	10	10	10	10	(201, 51, 158)	6.9604192684197805	9.313845912038914	-1.2935939340968934 1.4741154471595082 -1.8358265869278263 1.8926972725414177 -2.388173849869766 2.3048602636296516 -2.9543170175232514 2.7085822235671286 -3.5289833898156906 3.1018310088968684 -4.108536382677823 3.4902362990544917 -4.690203704461523 3.8768165685783966 -5.272791416951667 4.263031340521384 -5.855892972983137 4.649406477960552 
9	0.7	75.003	4	7	10	10	10	10	(139, 28, 103)	7.001904314094981	8.581371861248542	-1.2921567333347992 3.3931364934853527 -0.8466167776467287 2.853138041176454 -0.4045112158740113 2.3092445361994707 0.02764468788273287 1.7522243190946944 0.4581019931058626 1.2024456902233809 0.9013238773501729 0.6631457264829759 1.3566207131353265 0.13345537512623032 1.817125365214025 -0.39469341872396396 2.2793031848407606 -0.9209715136646789 
7	0.7	75.003	4	7	10	10	10	10	(254, 42, 8)	5.497050088311985	9.125787176163477	-2.70611751363558 -0.6470688218859741 -3.3270055313020865 -0.3817719278683902 -3.948967602669874 -0.11478572770043685 -4.574785730195247 0.15188692504319865 -5.206416954171928 0.4144128860350975 -5.842549101128449 0.6768493639520813 -6.482804680823338 0.9409603691787999 
7	0.7	75.003	4	7	10	10	10	10	(183, 4, 206)	5.498217204841691	8.334446898315443	-2.3163885385595933 -1.8376956131063102 -1.6521434934249928 -1.9448237326406204 -0.9847485747666879 -2.054133958818882 -0.31363709874888396 -2.1656453975603065 0.3620411519121861 -2.277352997006305 1.042923010016817 -2.3850282233177564 1.7292305216920925 -2.4920085064129047 
8	0.7	78.004	4	7	10	10	10	10	(229, 113, 195)	6.305772949688105	6.813118468468161	-5.09492495239369 -1.1891501866904366 -4.644274962416394 -1.7241675039506912 -4.180774651481897 -2.249064910415912 -3.686552034708323 -2.745381612982825 -3.1401065357910207 -3.191947235423274 -2.563387899314034 -3.587331747068787 -1.9689512739255124 -3.9575971601801125 -1.3689620777782825 -4.3187836481929285 
10	0.7	78.004	4	7	10	10	10	10	(196, 111, 44)	7.703549021341811	10.530872677940321	-4.09145998944849 -4.460242690202735 -4.546119561289061 -3.927698950488558 -5.000004681329048 -3.3942095418084883 -5.450658354048978 -2.8577597680821567 -5.893879427996864 -2.31433452097627 -6.32420100315953 -1.760102658245917 -6.739537098658825 -1.19724157141359 -7.147508726550935 -0.6287756907435863 -7.5524378017926805 -0.05793365911806025 -7.956810447489461 0.5137342454764351 
7	0.7	78.004	4	7	10	10	10	10	(24, 216, 222)	5.378459109292141	7.6048084246272545	-2.630426059293824 0.7311537097105648 -2.031016841672961 0.4970237619281856 -1.4326794216411904 0.23197814288451424 -0.8495703479682798 -0.07055733289637776 -0.2726549524861503 -0.40272634949440766 0.302580353990993 -0.7550134889943532 0.8808489511382754 -1.1191500377159154 
9	0.7	78.004	4	7	10	10	10	10	(218, 159, 221)	6.689719478275055	8.9870937080947	-3.195679467808042 1.645636063357819 -3.8111504789899047 1.778560435257228 -4.434157623607422 1.9172524265486912 -5.064890651224587 2.0637338201911803 -5.703475412980458 2.218122777629046 -6.350005751829458 2.379206412194511 -7.004538290006707 2.54512870332278 -7.6669964413642395 2.7145568854726383 -8.337282155928458 2.886492330793644 
9	0.7	78.004	4	7	10	10	10	10	(201, 51, 158)	6.982641142163617	9.313845912038914	-1.2460541892928227 1.6161218012211749 -1.7678946142955385 2.0758434089750195 -2.30402638189561 2.519590892055895 -2.873636693567126 2.929125546819835 -3.461923728022884 3.301759484424886 -4.062616631795779 3.6560365630746565 -4.668575984892382 4.0025123370172215 -5.276257667277042 4.347170079601753 -5.884516326480797 4.692162322693263 
9	0.7	78.004	4	7	10	10	10	10	(139, 28, 103)	7.004574528650743	8.581371861248542	-1.1433175298440452 3.513515824137905 -0.6930259077935071 2.9772668354654526 -0.24647781771022254 2.437686871778324 0.18865439047021335 1.8884059560201887 0.6212510644962959 1.3370287281262576 1.0566099592735718 0.7878806784937942 1.4963242531643017 0.24226810001334217 1.9383242098026467 -0.30141275456411804 2.376739093340251 -0.8473255371414953 
8	0.7	78.004	4	7	10	10	10	10	(254, 42, 8)	6.223172229533237	9.125787176163477	-2.1972733812627996 -0.8090256516338188 -2.8497237240980993 -0.5880053572838938 -3.492677950801631 -0.3527403566209829 -4.12941941229849 -0.10010785537159574 -4.762536349342875 0.16713362646686694 -5.393867272601237 0.44458493930340626 -6.025348357876378 0.7286421479368008 -6.65849821018628 1.0161878385458247 
8	0.7	78.004	4	7	10	10	10	10	(183, 4, 206)	6.178531888046878	8.334446898315443	-2.788748825189981 -1.9361150370087816 -2.1231727129849616 -2.0662133987200035 -1.4591582411829815 -2.174822026466537 -0.7896330307538126 -2.272093007687046 -0.11525512212469136 -2.363828956043716 0.5639128674212138 -2.452531358807654 1.2489983881088538 -2.53743206631214 1.938985906080955 -2.621720180806401 
11	0.7	81.001	4	7	10	10	10	10	(196, 111, 44)	8.408530539994766	10.530872677940321	-3.7781321742004126 -5.095841751131578 -4.247520213644273 -4.5756539796549776 -4.713072399834435 -4.049199511966683 -5.164856636742175 -3.514496094290699 -5.61021580216744 -2.973618171230861 -6.050934151233379 -2.4282248928368877 -6.485162773853457 -1.877028243653137 -6.90615113409034 -1.3158830353975883 -7.3070261662161045 -0.7421084089045795 -7.698561865100349 -0.16177924527126594 -8.086988540975865 0.4206161802150757 
8	0.7	81.001	4	7	10	10	10	10	(24, 216, 222)	6.135946947177159	7.6048084246272545	-3.0808439896537676 0.6842872989214657 -2.43425770511229 0.49456764973449796 -1.8029051375586211 0.28080634556753237 -1.1843221683268184 0.026029364210753653 -0.5783631115753373 -0.27029898802483365 0.019946058091133353 -0.592122475266011 0.6159663014517107 -0.9276822848490559 1.2137355086490564 -1.2696112029385476 
10	0.7	81.001	4	7	10	10	10	10	(218, 159, 221)	7.402814276547151	8.9870937080947	-2.782554068835859 1.8006331108339173 -3.4208689153636613 1.9315995850009446 -4.054799848823101 2.0490347165638276 -4.695896700264002 2.163254004639202 -5.343666349711769 2.280835473502281 -5.9976787617592375 2.4054308758453837 -6.658261025800119 2.5365615396195387 -7.323867688337041 2.6695706133377146 -7.996027982434595 2.8063281331681242 -8.674809367496776 2.945960536246703 
10	0.7	81.001	4	7	10	10	10	10	(201, 51, 158)	7.70184285663923	9.313845912038914	-0.7004868345943405 1.3041764164783691 -1.1675474624996247 1.8205161083191899 -1.6493097961561345 2.3228427988398677 -2.1824028725082036 2.787845165093925 -2.7636871608850684 3.1808024418805485 -3.3735181438327406 3.52569280075511 -3.9973618199720624 3.8443986181925123 -4.626187776859823 4.1519275813666345 -5.255996399199178 4.456708575306763 -5.885771101982361 4.7616783080635665 
10	0.7	81.001	4	7	10	10	10	10	(139, 28, 103)	7.700997833195682	8.581371861248542	-1.5013565929898482 4.111245354510461 -1.0148348982842788 3.6067187857634653 -0.531527423340827 3.0979399996196637 -0.06099366579894914 2.5783591380501423 0.38987393402589415 2.0431721539045933 0.8200917166218551 1.492625247137856 1.2409491246887392 0.9343266450992934 1.6588010412574747 0.3734928557325534 2.0766983242701182 -0.1875391556273822 2.4952765728681285 -0.7495844391740641 
9	0.7	81.001	4	7	10	10	10	10	(254, 42, 8)	6.942055826708584	9.125787176163477	-1.6563515630915133 -1.1685718780570435 -2.3097742968995174 -0.9523596419237274 -2.9553795075247145 -0.7134709827207094 -3.584873034845784 -0.4308909288267667 -4.1957173330709425 -0.09965336904702288 -4.795541470967259 0.2471574541594815 -5.408222399667608 0.5825059013115679 -6.031854276149538 0.8872086906347332 -6.662948818712833 1.1785835711266 
9	0.7	81.001	4	7	10	10	10	10	(183, 4, 206)	6.814547286467674	8.334446898315443	-3.305038747882859 -2.0931743434124215 -2.676824659832548 -2.2447120780628196 -2.0338244779903185 -2.3690356840418096 -1.3669996491071281 -2.450222928557049 -0.6926126905191468 -2.4983648481262346 -0.009564016739830369 -2.5382620954141673 0.6789282962935166 -2.583826849071325 1.3712789952022477 -2.637897976107365 2.065817700134444 -2.6950168630729068 
4	0.7	81.001	5	7	10	10	10	10	(55, 109, 74)	3.40032026101503	7.420992789626015	-4.4744817470726606 -2.11659181592966 -4.902982743584279 -1.6114082644170287 -5.345978880774534 -1.1151921207108766 -5.806328935530074 -0.6246872689497883 
5	0.7	81.001	5	7	10	10	10	10	(54, 62, 233)	4.1638861633882644	7.673541911477541	-3.5915133551358873 -3.358785197012801 -2.9620493327383746 -3.6311276197714726 -2.330352494609243 -3.906493807027883 -1.6962661755010169 -4.185195268542952 -1.0592870252821502 -4.46641093208933 
13	0.7	84.002	4	7	10	10	10	10	(196, 111, 44)	9.822254017536387	10.530872677940321	-2.8839998556770623 -6.156160429778947 -3.377419894256542 -5.659664870796756 -3.872987908290865 -5.165740478884109 -4.370614801584989 -4.67412460904436 -4.865554273368536 -4.171800766161323 -5.338695467509959 -3.6389786578352785 -5.785346161880813 -3.100523489081423 -6.222336895881602 -2.5523134533797567 -6.649237256740696 -1.995223207446372 -7.058193998238534 -1.4253106162140852 -7.443808517572608 -0.84051811020578 -7.8171971525630095 -0.24776976992199698 -8.186322688689966 0.3473636800465458 
9	0.7	84.002	4	7	10	10	10	10	(24, 216, 222)	6.9283804672401565	7.6048084246272545	-3.7113097419637504 0.8290289465468934 -3.060620980500376 0.5921251823924975 -2.4098653108436268 0.35919236191754345 -1.7682377780581409 0.12123139089077778 -1.1371033972864943 -0.1416024930582384 -0.5145819891357846 -0.43572781018934664 0.11343742118911807 -0.7419238000374156 0.743889519351287 -1.0296845399888945 1.3808543565065392 -1.3114343876184207 
11	0.7	84.002	4	7	10	10	10	10	(218, 159, 221)	8.181725525872485	8.9870937080947	-2.257697566408088 1.6439057635675516 -2.87677088896495 1.8830581229767631 -3.5075325704203624 2.0856232786429136 -4.153854700541026 2.2389393499568735 -4.813559660692207 2.359396829208296 -5.481873469840381 2.461951266445243 -6.155836262083231 2.5586447594020356 -6.833987796039439 2.6569965520653303 -7.515332846167098 2.7603937294471343 -8.199684616729881 2.8686232590664846 -8.887252429835504 2.9795308894739114 
12	0.7	84.002	4	7	10	10	10	10	(201, 51, 158)	9.0442929576956	9.313845912038914	0.29628431173269687 0.5223598807563489 -0.14674771921179083 1.0330074194965755 -0.5903499175573073 1.551859250602471 -1.0474731793365526 2.0674317013289665 -1.5496789511786044 2.560362118453332 -2.100458532811919 2.9926410433276156 -2.6894143282801757 3.3652121244409607 -3.3043102873540517 3.6962952097750295 -3.933846302797425 4.00014070275944 -4.570768533868638 4.288804454750367 -5.210816245154796 4.570881022834856 -5.85187525538387 4.851244422905157 
10	0.7	84.002	4	7	10	10	10	10	(254, 42, 8)	7.6592511603624	9.125787176163477	-1.1005241087663207 -1.4916011153098594 -1.7611502118723257 -1.2824265954697387 -2.4184048016123274 -1.0650841592492108 -3.0692724405387724 -0.8287755889909152 -3.707192212005848 -0.5582355848240702 -4.323821983756254 -0.23955946739025397 -4.916307262601044 0.12644547363763958 -5.504413550984489 0.5090720045555835 -6.091201444792809 0.8866407478698184 -6.679918874514697 1.2630654046941245 
10	0.7	84.002	4	7	10	10	10	10	(183, 4, 206)	7.5721467476870075	8.334446898315443	-3.9001729377014738 -2.074729280849426 -3.277549411866777 -2.247037229817116 -2.6184565686755095 -2.411325671512823 -1.9473670475420812 -2.5471460789660063 -1.2638184423147503 -2.6416312616323507 -0.5711192195507734 -2.6920593773907 0.11809170610423217 -2.719998038983333 0.8114583748467088 -2.7413583715005134 1.5072847535742986 -2.7593629317714297 2.2051509485132836 -2.7754886854971357 
4	0.7	84.002	5	7	10	10	10	10	(55, 109, 74)	3.3594940929365147	7.420992789626015	-4.7502600642843635 -2.294679977508502 -5.119636102355105 -1.7674545110509052 -5.509697566781961 -1.2537981369551394 -5.934352982155175 -0.7345582657646952 
6	0.7	84.002	5	7	10	10	10	10	(54, 62, 233)	4.777970197978501	7.673541911477541	-4.090464500024938 -3.3348300602415826 -3.4932059324225126 -3.5680905376177767 -2.8697337990400404 -3.796946421298052 -2.2250965938419656 -4.021318587728832 -1.568562756324024 -4.2420274311294115 -0.9065671118670637 -4.46147798188552 
6	0.7	84.002	5	7	10	10	10	10	(230, 164, 204)	4.733145964966644	8.086438787907914	0.038626917414933855 2.9201549141035583 -0.4394098540151208 3.347977515819044 -0.9275130319706852 3.7858187546000166 -1.4226720855107502 4.232498078765081 -1.9246557584127184 4.689809375260589 -2.433432701650247 5.155901167726814 
6	0.7	84.002	5	7	10	10	10	10	(93, 5, 68)	4.73046446858827	9.200879617242634	0.77895883966642 2.0733795221880684 1.1473163165562654 1.548887116601894 1.5190000208177636 1.0072894141095161 1.8872272964963148 0.45310516957464336 2.2606501045771115 -0.11270520052291355 2.6406824423137008 -0.6878764422266015 
12	0.7	87.003	4	7	10	10	10	10	(218, 159, 221)	8.979721544985457	8.9870937080947	-1.6514768375595426 1.4187777609399201 -2.2716951291409178 1.7096050854559381 -2.8991010393257106 1.9820274039392674 -3.539860890259705 2.219449326316903 -4.201069302760795 2.4023386589841134 -4.875345713165267 2.5258647573099404 -5.5575063544563434 2.615269170446476 -6.243318179339674 2.689121948456502 -6.931236221192925 2.7592205124872846 -7.620868797641271 2.8312232155038908 -8.31229064865212 2.9063228950613724 -9.00575139479666 2.9832865987180828 
11	0.7	87.003	4	7	10	10	10	10	(254, 42, 8)	8.338014242429	9.125787176163477	-0.534205468003503 -1.7087485115394403 -1.1873601457404293 -1.5160196765865548 -1.8484696378963765 -1.320680741429516 -2.5091041510039296 -1.1114863410849822 -3.1590997709759328 -0.8716494969640087 -3.796357457297469 -0.5963330537378513 -4.415523271986187 -0.28179013851789 -5.007277799906974 0.08282262047921098 -5.573760114052058 0.4934443436819935 -6.13365557645574 0.91191422191184 -6.692206099373746 1.3329644661711726 
5	0.7	87.003	5	7	10	10	10	10	(55, 109, 74)	4.157914312737814	7.420992789626015	-5.060200007838485 -2.898186750927089 -5.3936921926685395 -2.287168420336279 -5.714446628331572 -1.6723954051548082 -6.036282507201061 -1.0687172786760761 -6.369171813812698 -0.47086489573418955 
6	0.7	87.003	5	7	10	10	10	10	(54, 62, 233)	4.868442901992061	7.673541911477541	-3.8813574968548825 -3.6020105854189284 -3.21726823455059 -3.7951752951793627 -2.553729912547753 -3.9895266720595064 -1.8886317113818065 -4.184447625405584 -1.222244984134728 -4.38168847500223 -0.553886439484899 -4.580770001372675 
6	0.7	87.003	5	7	10	10	10	10	(230, 164, 204)	4.904865013934614	8.086438787907914	0.2825329443354065 3.332238571301896 -0.29694742117645684 3.7246887110424183 -0.8858431353109119 4.108646784407466 -1.4756216227615044 4.487587503706785 -2.0650067221659762 4.866447250120225 -2.653633418233043 5.2458671603995555 
6	0.7	87.003	5	7	10	10	10	10	(93, 5, 68)	4.906712410947858	9.200879617242634	1.2972919983065359 2.290106131090024 1.6370783853785373 1.6778580511557781 1.970855257300112 1.062243354169937 2.2885369594681757 0.4321722516020549 2.5861409445746752 -0.20179350790868086 2.8778995459773045 -0.8383650624088674 
7	0.7	87.003	5	7	10	10	10	10	(248, 190, 120)	5.497973009263358	8.588741279447643	-5.479281627044639 -4.1617839074686405 -4.930004901691824 -4.551472422553758 -4.383526245784037 -4.949828948706165 -3.8401898356679567 -5.358717451786747 -3.2983669004816463 -5.776844012755232 -2.75571033472707 -6.201871426426879 -2.21007994929835 -6.631621635615873 
7	0.7	87.003	5	7	10	10	10	10	(33, 156, 122)	5.50938576248304	11.042058700815394	-6.385214840540266 -3.220072063420213 -6.708873444575544 -2.6244863104657536 -7.033510872439297 -2.028042280079623 -7.35786375781668 -1.428127507946046 -7.679220411552447 -0.8213761973546928 -7.996415295239795 -0.20939785886813894 -8.314728604606104 0.40796059043480626 
6	0.7	87.003	5	7	10	10	10	10	(34, 182, 250)	4.713620096683998	7.568076738017515	-1.1269399671515652 2.746531813275904 -0.694652201666345 2.253199764914762 -0.27343828239271795 1.7472621464107587 0.14444926611962888 1.2340179581470403 0.5648113117790549 0.7170987280819336 0.9904282526950517 0.1980471629836791 
7	0.7	87.003	5	7	10	10	10	10	(12, 168, 152)	5.4490169184909245	7.779740510882536	-2.2679031204788127 3.2060041108919695 -2.8575720827228555 3.5036748876330517 -3.450795779616512 3.803843851659847 -4.048733285321856 4.107014814645531 -4.65241479356018 4.41336203352612 -5.2625969000678054 4.723004533236546 -5.879724197571802 5.036107015168489 
5	0.7	87.003	5	7	10	10	10	10	(151, 213, 179)	4.065268916224181	7.874856178277732	-1.9368641597031506 0.08306309698449105 -2.5392348609546906 0.3495728530483372 -3.1449319080013476 0.6164119328759252 -3.7563380087135405 0.8841056796155936 -4.377125791708695 1.154861706873978 
5	0.7	87.003	5	7	10	10	10	10	(242, 216, 87)	4.104014555335695	7.275597925481817	-0.7366420509457098 -0.12200966735605016 -0.18400817488010013 -0.4850940664281866 0.3856773235563896 -0.858240450086532 0.9579537921269943 -1.2190188048985062 1.541588113100387 -1.5781121592888108 
5	0.7	87.003	5	7	10	10	10	10	(118, 50, 120)	3.936554304263569	7.768554264385656	-2.022771949616729 -2.723770069588838 -2.604998008675257 -2.5169623760502655 -3.1980719396266646 -2.294168164573465 -3.788569756569074 -2.0441824563707875 -4.370306471170684 -1.7681220010125969 
6	0.7	87.003	5	7	10	10	10	10	(65, 108, 152)	4.750124976963367	9.053882598932312	-1.045435160351528 -2.962306430846419 -0.41266232085220356 -2.956858825150772 0.24310635316732127 -2.947268452093198 0.9194966696010513 -2.9412005608535683 1.6087290527648022 -2.937031250142824 2.3045188461383135 -2.929800548685664 
12	0.7	90.000	4	7	10	10	10	10	(254, 42, 8)	8.989010976855656	9.125787176163477	0.020304689428541745 -2.0949003564164443 -0.6139742941188111 -1.868203572459706 -1.249660788107204 -1.6344220631322073 -1.8850779699672222 -1.3873201733483462 -2.517347997317614 -1.1215318890546027 -3.1436147896102318 -0.8323723755677671 -3.7634683820868062 -0.5224156450402371 -4.375609437539394 -0.1939540594261279 -4.97975388349919 0.1515023038507475 -5.578382995469215 0.5106167092421021 -6.178513281035094 0.8721096884460049 -6.77895046325517 1.228706753558895 
5	0.7	90.000	5	7	10	10	10	10	(55, 109, 74)	4.10547243908071	7.420992789626015	-5.555611526152014 -2.9336878124011854 -5.807216986299873 -2.320098271716893 -6.058827048942422 -1.6941291781800571 -6.3143016278131405 -1.0621694780959576 -6.575288783139148 -0.4277435737297807 
7	0.7	90.000	5	7	10	10	10	10	(54, 62, 233)	5.511700462551278	7.673541911477541	-4.384893729840635 -3.509742435313793 -3.7448225948090066 -3.731143923263644 -3.103079075419671 -3.9544623154904217 -2.4591481866753697 -4.180919368272212 -1.8122055155078274 -4.4105098617418275 -1.1607307923998846 -4.640811099095272 -0.5030410363484491 -4.865099529441367 
7	0.7	90.000	5	7	10	10	10	10	(230, 164, 204)	5.558289699491645	8.086438787907914	1.1346480044243439 3.956243088273591 0.45751395493957614 4.10523544765026 -0.2147709788946858 4.269038935741941 -0.8803255519385073 4.456535723929143 -1.5387688302740508 4.669768201505231 -2.1915431312690994 4.904501644117985 -2.8418776386121003 5.151720968618583 
7	0.7	90.000	5	7	10	10	10	10	(93, 5, 68)	5.519184910415918	9.200879617242634	1.1601135749509277 2.6423511962019592 1.53959719035873 2.0765817966193523 1.9116376806494333 1.5054275481423072 2.270003974083324 0.9237488728029906 2.609325970650154 0.3265063507374957 2.938607205231469 -0.2808518867756663 3.2655146964436024 -0.8945121226067874 
8	0.7	90.000	5	7	10	10	10	10	(248, 190, 120)	6.091639954020989	8.588741279447643	-6.014922680891036 -4.062116264410907 -5.530929537482008 -4.401026719591646 -5.002891744414203 -4.755874874519253 -4.43449052534067 -5.119689033664323 -3.8468606522445103 -5.485849377452144 -3.253519334000256 -5.85353753351107 -2.6596122925279273 -6.223057035902286 -2.0659897062142734 -6.593723804061665 
8	0.7	90.000	5	7	10	10	10	10	(33, 156, 122)	6.227637593889044	11.042058700815394	-6.850158714730258 -4.089702934729642 -6.982999840997243 -3.4109875966560543 -7.149823215315401 -2.7701111797187075 -7.371975170472469 -2.1249425049180046 -7.626504177394883 -1.478942576075648 -7.889161291382086 -0.8319187081094922 -8.148992043513335 -0.18283757786966778 -8.406934504892018 0.46755225168262377 
6	0.7	90.000	5	7	10	10	10	10	(34, 182, 250)	4.866691312104418	7.568076738017515	-0.9423438512067762 2.9672629164550144 -0.5239605563042979 2.411144275611451 -0.10644547811835042 1.8549737747434718 0.312497128391162 1.3021104383754083 0.7339195824498216 0.7534891643194356 1.1570272414386291 0.20861724385690325 
7	0.7	90.000	5	7	10	10	10	10	(12, 168, 152)	5.585043301777715	7.779740510882536	-2.2650151569358195 3.3894077233874365 -2.894380454864028 3.6903805004806296 -3.524341550177006 3.990646766612186 -4.152916524129305 4.291081244588078 -4.7834841172027645 4.5869059076534135 -5.416289120776828 4.880487073009788 -6.050651939952787 5.173509017751842 
5	0.7	90.000	5	7	10	10	10	10	(151, 213, 179)	4.19232292695721	7.874856178277732	-2.000617101579462 0.1410432855877205 -2.6219917114332345 0.4566721001852096 -3.2428388492285394 0.7746018111801698 -3.8629732975741105 1.0959396251788829 -4.482935510540203 1.4197205327426405 
5	0.7	90.000	5	7	10	10	10	10	(242, 216, 87)	4.197673914238162	7.275597925481817	-0.6480574543267787 -0.16884129928096864 -0.059943124627486126 -0.5441093692742621 0.5285337272283553 -0.9202192217691235 1.1188531237051844 -1.3009575984656976 1.7037265773818768 -1.684069082372122 
5	0.7	90.000	5	7	10	10	10	10	(118, 50, 120)	4.195348155399536	7.768554264385656	-2.09917428231517 -2.8260000312660765 -2.731792978491334 -2.5271698055113188 -3.3637623108530526 -2.2276555207285136 -3.994063121911575 -1.9260851486856443 -4.622040234982751 -1.6222492932452297 
6	0.7	90.000	5	7	10	10	10	10	(65, 108, 152)	4.890846202013396	9.053882598932312	-0.7923079897190447 -3.376734356644281 -0.09757644421720356 -3.3508997595455536 0.601867820828661 -3.29836183372203 1.2947382096073858 -3.2220795517814094 1.9872548102013472 -3.13387474433862 2.680203573091741 -3.0417053383205004 
6	0.7	90.000	5	7	10	10	10	10	(128, 209, 167)	4.878661943121815	7.470510322435538	-4.564191443187879 2.986127479421289 -3.940757404578452 2.6784419044487016 -3.318832065485987 2.3680524832459993 -2.6987161144780227 2.0534811143339993 -2.080206634001218 1.7341784960369684 -1.462504670460843 1.411402586140413 
6	0.7	90.000	5	7	10	10	10	10	(147, 110, 8)	4.887022422710254	6.869268284746612	-5.836429152993146 2.4600397882270344 -6.5205838062031845 2.5867808943908415 -7.206060279963061 2.7105305534808375 -7.892700003759363 2.8323396700172245 -8.580382015869127 2.953144073518946 -9.269010192962282 3.0736780546103866 
6	0.7	93.001	5	7	10	10	10	10	(55, 109, 74)	4.7731054445572925	7.420992789626015	-5.490939442491229 -3.319067963782447 -5.74827630098039 -2.688615935815832 -6.0098486945151155 -2.0783747555615495 -6.281722711062209 -1.4608344312866204 -6.556162817413364 -0.8423675043493472 -6.830597046909208 -0.22364266660146098 
8	0.7	93.001	5	7	10	10	10	10	(54, 62, 233)	6.19105912272525	7.673541911477541	-4.686571667923152 -3.1768049670565106 -4.122695560355632 -3.510435553977188 -3.5292437703522466 -3.8417148068862588 -2.9271312536628646 -4.168055601124299 -2.320832443985523 -4.492594827832181 -1.7071026003906749 -4.808857875867978 -1.0758972551339876 -5.104025405499622 -0.43987201465035636 -5.387721008589744 
8	0.7	93.001	5	7	10	10	10	10	(230, 164, 204)	6.309700929914801	8.086438787907914	1.958998157176994 4.197171904732444 1.287795745062829 4.401065334419426 0.6082742250314835 4.585440786483523 -0.07204417108610892 4.7547901880989345 -0.7575660917023123 4.911131983343609 -1.4428544358689486 5.053601406515896 -2.12916851557187 5.191231480493524 -2.815707903695408 5.327846737505933 
8	0.7	93.001	5	7	10	10	10	10	(93, 5, 68)	6.237213977967411	9.200879617242634	0.8860368433812532 3.235712296925557 1.2813113775545502 2.6906430516990842 1.6730134854179437 2.13368277002327 2.05576338915917 1.5619117645395084 2.4226363829027466 0.9727059351138173 2.7694329137969462 0.36357600684864155 3.1019169382579617 -0.2522062126840432 3.4305569394626887 -0.8703921152250871 
8	0.7	93.001	5	7	10	10	10	10	(248, 190, 120)	6.252995413931556	8.588741279447643	-6.138120533270535 -4.437333208523447 -5.510164459239044 -4.723871205555234 -4.886092822740283 -5.019520673368283 -4.267298791160253 -5.327854105057956 -3.6537567260269057 -5.649207787920755 -3.0442275561345937 -5.981469965860627 -2.436655438870019 -6.321060726839472 -1.8288485963295658 -6.664218471560438 
8	0.7	93.001	5	7	10	10	10	10	(33, 156, 122)	6.2833590206744905	11.042058700815394	-7.4713945323963715 -4.233804991034032 -7.565266528939196 -3.5438421332291874 -7.667969962231215 -2.855216869384976 -7.784292534584264 -2.1686332176393264 -7.914356507293406 -1.484092957313535 -8.053444645373602 -0.8006760682720441 -8.192799742805846 -0.11375673644522949 -8.329350312586143 0.5720858311266042 
7	0.7	93.001	5	7	10	10	10	10	(34, 182, 250)	5.473396387610871	7.568076738017515	-0.7584154440369185 3.570210727123503 -0.45150473783139455 2.9661980379469526 -0.12584213633674646 2.3702498741974836 0.22681734461707675 1.7930119366344397 0.605355619026931 1.2310456030254207 1.0049318736608266 0.681150190581057 1.41947811219917 0.1383303077056091 
8	0.7	93.001	5	7	10	10	10	10	(12, 168, 152)	6.222866806927341	7.779740510882536	-1.9236414868201963 3.1071097136867736 -2.498472495043766 3.470400175293781 -3.0811189814305124 3.8264579636402534 -3.674430577494199 4.16979188002811 -4.280823994801453 4.496339823320389 -4.901911953068501 4.80515958480102 -5.5308991726099395 5.1002515650157445 -6.164738182467067 5.39117466567177 
6	0.7	93.001	5	7	10	10	10	10	(151, 213, 179)	4.728221508400923	7.874856178277732	-1.614460307687748 -0.36399452348028266 -2.1688373609538836 0.016461867483220483 -2.7224551197007183 0.38950227303325 -3.279784524164398 0.7503662794218392 -3.841216965590633 1.1012099238187363 -4.405386971127429 1.4480970392573798 
6	0.7	93.001	5	7	10	10	10	10	(242, 216, 87)	4.803648760805309	7.275597925481817	-0.7289594875678307 0.4838788633122902 -0.26503618845498506 0.0002109212555935108 0.2213023190933199 -0.46258859856607015 0.7499214247812093 -0.8905136773939678 1.3155083275311594 -1.2778311605783101 1.8948572723489518 -1.6644330126667077 
6	0.7	93.001	5	7	10	10	10	10	(118, 50, 120)	4.656076503222735	7.768554264385656	-1.8772177642231942 -3.079131068544594 -2.449598702385026 -2.8294064487230455 -3.0255042786406805 -2.556724108633637 -3.60041726344813 -2.250928550505682 -4.180327165787923 -1.9246347642376023 -4.767442860145042 -1.5859355539576112 
7	0.7	93.001	5	7	10	10	10	10	(65, 108, 152)	5.361623613011222	9.053882598932312	-1.066048454752577 -3.744757233654489 -0.4434891742842415 -3.6925096746145827 0.19392888374993003 -3.6416505953284126 0.847042331215219 -3.582351058343561 1.511330884120681 -3.496260011629034 2.1846628034016993 -3.395352582149687 2.8672875632923738 -3.2885010717194256 
7	0.7	93.001	5	7	10	10	10	10	(128, 209, 167)	5.516080085524333	7.470510322435538	-5.15239879142035 3.4530088150501514 -4.5495560778764785 3.1000462867627294 -3.9562976802482184 2.7472751034465634 -3.3639191553512897 2.399437343553609 -2.767410458215178 2.065760817199239 -2.1624093919699057 1.7520993504324587 -1.5567584906087668 1.4532538901463916 
7	0.7	93.001	5	7	10	10	10	10	(147, 110, 8)	5.466002788184877	6.869268284746612	-5.45601296788512 2.136586165792521 -6.079442689554845 2.3633433859253077 -6.715535759705722 2.5743939546869155 -7.363459360876974 2.756526077496308 -8.02361256527406 2.918325173253746 -8.693461604028665 3.068443874829349 -9.37105449934412 3.2148591211132493 
6	0.7	93.001	5	7	10	10	10	10	(108, 45, 21)	4.681412581297172	10.753923424725889	-2.434357121314019 -1.4384387396663771 -1.807766657522298 -1.6298739475151194 -1.18208692309328 -1.8109140107603006 -0.5526111635113548 -1.98968026901938 0.0801799820754075 -2.1702653743546283 0.716670444594558 -2.3539438765041822 
7	0.7	93.001	5	7	10	10	10	10	(9, 117, 44)	5.424096099753667	6.956833924778103	-3.4451188866511444 -0.7676396118921857 -4.004824200341056 -0.424426860857149 -4.568149605690608 -0.07850169350510626 -5.136881752465807 0.26924982080481175 -5.714506497383239 0.614703625052971 -6.306142350138773 0.9509647488218316 -6.913404695965064 1.2707043128891633 
6	0.7	96.002	5	7	10	10	10	10	(55, 109, 74)	4.786806441430706	7.420992789626015	-5.8939372652135305 -3.3940072940573365 -6.097149964395499 -2.7456275901155753 -6.303621643271465 -2.0996731955089447 -6.515261282823301 -1.4565091249424227 -6.732093308247859 -0.8159034755836393 -6.952310510344836 -0.1770119422682636 
8	0.7	96.002	5	7	10	10	10	10	(54, 62, 233)	6.240283091343413	7.673541911477541	-4.574239185825126 -3.270576240150933 -3.9939846626463376 -3.636532505323716 -3.4136280070833385 -4.003363630396107 -2.8380740973497725 -4.37474994543882 -2.2567333903310804 -4.749910079115197 -1.6483201778588454 -5.107965558634494 -1.0450825756860078 -5.439750336887654 -0.43771690901456767 -5.780506315947235 
8	0.7	96.002	5	7	10	10	10	10	(230, 164, 204)	6.318660467570073	8.086438787907914	2.0325038307916587 4.583603114166264 1.3560192675213358 4.768725105055796 0.6772594858001433 4.948705952930341 -0.005623009266874176 5.115506315596252 -0.6943071931114598 5.256143040490744 -1.393564597713421 5.353452098121504 -2.09230629452895 5.421516004194029 -2.7911254120818167 5.479086898692698 
8	0.7	96.002	5	7	10	10	10	10	(93, 5, 68)	6.2899498240357445	9.200879617242634	1.1612479865250596 3.392141815316734 1.5408070151237738 2.8068531565098596 1.9178124390584192 2.2203635742693195 2.288596782373933 1.6300280047034281 2.6483120928695794 1.031953305134078 2.9941864559863367 0.42231105298183974 3.3294853917328524 -0.19155301736660554 3.6617218172865202 -0.8073714755970263 
9	0.7	96.002	5	7	10	10	10	10	(248, 190, 120)	6.90879138476865	8.588741279447643	-6.676132470510836 -4.501797094430314 -6.037065131694263 -4.749684114473417 -5.400272772100816 -4.997956675322043 -4.765256950179932 -5.253367536701962 -4.132783571700269 -5.519090311442472 -3.502868323120739 -5.79613021973537 -2.874903643686909 -6.083820817265317 -2.247754417503557 -6.380221972713052 -1.6198260829982083 -6.682351819671744 
9	0.7	96.002	5	7	10	10	10	10	(33, 156, 122)	6.9948046146216	11.042058700815394	-7.981085240468584 -4.976825641590418 -7.995725521525978 -4.275985881842585 -8.00973617140404 -3.577929997585213 -8.033899916823854 -2.8801019571198467 -8.074693826257183 -2.182815434679207 -8.133948589520534 -1.4863153373891733 -8.208856700905983 -0.7905074514312059 -8.29243367942076 -0.09461908642458021 -8.374305363843382 0.5997273794301576 
8	0.7	96.002	5	7	10	10	10	10	(34, 182, 250)	6.123210919244858	7.568076738017515	-1.010521234524594 4.047534323747945 -0.5954283717052955 3.524468357652672 -0.20285857682179892 2.9793946061663985 0.16570603650907872 2.4209048098755743 0.5264219123716586 1.853589941818715 0.889933101471865 1.283440680805305 1.262661636316224 0.7138091800237943 1.6454525409713374 0.14527465783114746 
9	0.7	96.002	5	7	10	10	10	10	(12, 168, 152)	6.924694247784339	7.779740510882536	-1.5112003311774196 2.6748802173732513 -2.052026117437279 3.0947352942194515 -2.6040171377024777 3.5014454956456347 -3.1697583443974273 3.891222151176897 -3.7490996652182855 4.263383159226544 -4.3416347458195945 4.618215941735631 -4.946752073070655 4.958073007221137 -5.5587997436802885 5.289597166043759 -6.17442083652765 5.6186464221035965 
6	0.7	96.002	5	7	10	10	10	10	(151, 213, 179)	4.861836087941969	7.874856178277732	-1.4996112951233116 -0.3824729476989913 -2.093884277952131 -0.029534295781444734 -2.6868402292631464 0.32875932450320094 -3.2763444495614467 0.6929595375839029 -3.862911563397778 1.0610015931260948 -4.448315356781749 1.4308611033418037 
6	0.7	96.002	5	7	10	10	10	10	(242, 216, 87)	4.890928743584692	7.275597925481817	-0.552731125384268 0.5741481812913072 -0.07795770143524276 0.064823053265784 0.40714663269359463 -0.43493605523923917 0.9135474174238536 -0.9176108227499498 1.4390989057712082 -1.3754370838218544 1.972963854867431 -1.8306216977174297 
6	0.7	96.002	5	7	10	10	10	10	(118, 50, 120)	4.855937873592669	7.768554264385656	-2.0848458256164335 -3.1263038840269877 -2.6700346903423084 -2.8075204758928503 -3.2722946454655806 -2.4642044120862305 -3.873348215845293 -2.1100503790342175 -4.477537830889617 -1.7576053299378018 -5.081637434823699 -1.4055343928345547 
8	0.7	96.002	5	7	10	10	10	10	(65, 108, 152)	6.220365875935116	9.053882598932312	-1.5530941718542266 -3.967494041107774 -0.8979753695149935 -3.949692908323743 -0.2129324584496426 -3.920663928179403 0.47845360373798546 -3.8765802896525403 1.1721012243790982 -3.8110129539447826 1.860977002362535 -3.7199412646920123 2.5496074974438967 -3.6146606042397402 3.2391064666833085 -3.504040205751462 
7	0.7	96.002	5	7	10	10	10	10	(128, 209, 167)	5.5827953027402994	7.470510322435538	-5.235046714297339 3.578446869534244 -4.646622450379373 3.1985167832678387 -4.0646461433274865 2.8141043181521335 -3.484728871159346 2.4277615078452 -2.9042804983770685 2.043933841994163 -2.3194563369470855 1.6680311807246082 -1.7268061224154099 1.3012144307863684 
7	0.7	96.002	5	7	10	10	10	10	(147, 110, 8)	5.559233551967525	6.869268284746612	-5.570448489437378 2.2211615725773908 -6.2184940249026095 2.4571721879020876 -6.872339098638916 2.683236044576101 -7.532306987613122 2.8882791299016914 -8.198507190685987 3.080313359626377 -8.868934844311916 3.265551651280989 -9.542230239735948 3.44872783217884 
6	0.7	96.002	5	7	10	10	10	10	(108, 45, 21)	4.795644726953812	10.753923424725889	-2.408394262994324 -1.4437955268697293 -1.7702431813017274 -1.6813959015658828 -1.1303406687351738 -1.906024918836728 -0.4874410749383115 -2.1225762893041957 0.1574137011815889 -2.334477892403629 0.8034661928991446 -2.5445331223315226 
7	0.7	96.002	5	7	10	10	10	10	(9, 117, 44)	5.540180344031057	6.956833924778103	-3.552939158337564 -0.739962214425423 -4.137428415495379 -0.3781501907284735 -4.721697830286523 -0.014611282530935316 -5.306898879620436 0.34893089473571803 -5.896534014778828 0.7072024374939904 -6.497520473930359 1.0532721462148682 -7.1067896858711945 1.381907825377782 
7	0.7	99.004	5	7	10	10	10	10	(55, 109, 74)	5.4268569190935985	7.420992789626015	-5.905336610954351 -3.9028279828082533 -6.150391228966352 -3.2778273830315245 -6.373374633127294 -2.647755748023704 -6.581111054364675 -2.011050254007628 -6.7768246802645615 -1.3688882661481603 -6.961198171925251 -0.7226747392089286 -7.141555686462152 -0.07314606195759411 
9	0.7	99.004	5	7	10	10	10	10	(54, 62, 233)	6.882885062185034	7.673541911477541	-4.925025791652215 -2.9647844002606045 -4.401822221234594 -3.3937758061813876 -3.8712271813169936 -3.8151750417264836 -3.3304435392868275 -4.227691495444465 -2.7771016482761453 -4.6279078494702315 -2.208587400771902 -5.011449306119082 -1.6201471153062068 -5.374271064274089 -1.016644012775408 -5.712260646772307 -0.40605660899250673 -6.048098084366756 
9	0.7	99.004	5	7	10	10	10	10	(230, 164, 204)	7.022153611671376	8.086438787907914	2.795698036888657 4.799307657307128 2.1148931758850513 4.962385549092057 1.433188598627015 5.120174988018198 0.746274088198682 5.2653689725358666 0.062123984083932667 5.401687828512283 -0.6220793079381935 5.528833541305892 -1.3352053683317018 5.625485020798396 -2.0440507522854414 5.66997292071743 -2.7404672434112873 5.695070792959379 
9	0.7	99.004	5	7	10	10	10	10	(93, 5, 68)	6.942811280644783	9.200879617242634	0.9035632917683339 3.9029903792508915 1.3100170031684324 3.3495568357611787 1.7121999464065165 2.790847636441026 2.1081627809282066 2.22603807231922 2.4948804055528946 1.6532707637034363 2.867208021307731 1.06857919651589 3.221875447045436 0.46752959759395785 3.562429280084297 -0.14082975950276055 3.8989008938397864 -0.75307992323777 
10	0.7	99.004	5	7	10	10	10	10	(248, 190, 120)	7.512396624783383	8.588741279447643	-7.208556790895343 -4.743207901631948 -6.5882849510402055 -4.993775275916181 -5.956105010712084 -5.229510954953093 -5.322058311872638 -5.44860466533878 -4.685058408130819 -5.666168282864272 -4.047875289916131 -5.892240562361955 -3.412267213220702 -6.133429517449758 -2.778907033636493 -6.392574163652335 -2.147051554568957 -6.668505347409503 -1.5142203490955848 -6.955889190635749 
10	0.7	99.004	5	7	10	10	10	10	(33, 156, 122)	7.698342943273884	11.042058700815394	-8.54745682568682 -5.682268271473243 -8.51083514667255 -4.98316952521222 -8.466777936371278 -4.280038015697744 -8.420956072078999 -3.5815216372562024 -8.386990056090935 -2.8828398194576996 -8.37341006009727 -2.1838948029504444 -8.383155677054303 -1.4850497919931087 -8.413379909542956 -0.7866897095420214 -8.455473882399168 -0.0887806965499714 -8.495275112614504 0.6081532985425602 
9	0.7	99.004	5	7	10	10	10	10	(34, 182, 250)	6.843467400898785	7.568076738017515	-1.3389971908827192 4.548176888505486 -0.9065821483946039 4.0793379234880405 -0.4824962483633065 3.5651067394908407 -0.07941542542587168 3.0107858368185063 0.3013777062042291 2.4350036527951193 0.6818278724920592 1.8590935328931437 1.072008396220492 1.2893842409890521 1.4737656968237218 0.7270028769716925 1.8846085354008397 0.1707317438984803 
10	0.7	99.004	5	7	10	10	10	10	(12, 168, 152)	7.569561841149138	7.779740510882536	-1.0910637649350134 2.3182801206591512 -1.6108102263857715 2.754319741309627 -2.140020208239364 3.179008020872744 -2.682384763414647 3.5890329366544473 -3.237705329546455 3.9844577872402347 -3.804919476240517 4.36666417384115 -4.38273797372064 4.737619941193985 -4.969835593527021 5.0997228485284065 -5.56498942484316 5.456134018574547 -6.164547988696729 5.811270177830603 
7	0.7	99.004	5	7	10	10	10	10	(151, 213, 179)	5.490734727131752	7.874856178277732	-0.6754372409215631 -0.8560129837567217 -1.2744186393701313 -0.5243957612466895 -1.869187048589968 -0.19125791412292978 -2.4558468433071496 0.15116640467758405 -3.03528532684993 0.5130379600940799 -3.6058357818035764 0.8849786265758997 -4.174448719083029 1.2594712405662596 
7	0.7	99.004	5	7	10	10	10	10	(242, 216, 87)	5.533210563345788	7.275597925481817	-0.6654843067273963 1.033259095049479 -0.20528937023960928 0.5321194611882699 0.2576441120323889 0.030601935541408363 0.7245668861422955 -0.47154885782464573 1.2174397889586634 -0.9592047955235881 1.7342825069736436 -1.420781784614869 2.26730713511211 -1.8719358892384104 
7	0.7	99.004	5	7	10	10	10	10	(118, 50, 120)	5.465479282005283	7.768554264385656	-1.970271347673151 -3.287571048990333 -2.5469320557803035 -2.952389457155493 -3.120282105151767 -2.6050520259866956 -3.6885375478056543 -2.2395902325493013 -4.261774234880432 -1.8735463501654759 -4.84429636986477 -1.515036945412558 -5.4311774434396565 -1.1553069214994625 
8	0.7	99.004	5	7	10	10	10	10	(65, 108, 152)	6.127802672100943	9.053882598932312	-1.1059340380073661 -4.194077439315587 -0.44658851092754864 -4.156380853363912 0.2164074540410093 -4.115943861845007 0.8836157015975109 -4.067466192021822 1.556265847190081 -4.002148268927702 2.2294895296004955 -3.91141558307829 2.9076038530912847 -3.8071603546607946 3.5918789990447255 -3.697671983812455 
8	0.7	99.004	5	7	10	10	10	10	(128, 209, 167)	6.213556592019405	7.470510322435538	-5.9319485764303375 4.1042261016276305 -5.345606828204071 3.7281374118426296 -4.765296230593207 3.34984681965865 -4.193406939450183 2.9625266474111327 -3.632860854975032 2.567723236210875 -3.0786453312973947 2.1689558133806917 -2.5267864864148457 1.7689761908568096 -1.9734273910725473 1.3676342477946626 
8	0.7	99.004	5	7	10	10	10	10	(147, 110, 8)	6.213055354817952	6.869268284746612	-5.2288913898981 2.061070246317034 -5.853466307530532 2.332003261806014 -6.483293669381445 2.5953438695555326 -7.121861562003575 2.8421136054498572 -7.771045223799387 3.0644565280232685 -8.428663810665633 3.271653811189513 -9.092188006494105 3.471245441174427 -9.759982440662707 3.6688187442285103 
7	0.7	99.004	5	7	10	10	10	10	(108, 45, 21)	5.3622792282330956	10.753923424725889	-2.476075658445136 -1.4949411568184838 -1.8807325529525853 -1.7602676334466816 -1.2772276486354315 -2.010296883258296 -0.6553634231105384 -2.2281448486040447 -0.0213150646530132 -2.415256603254874 0.6234266155528824 -2.5823049387125314 1.2758410160561267 -2.740035998476593 
8	0.7	99.004	5	7	10	10	10	10	(9, 117, 44)	6.086246480052655	6.956833924778103	-3.4552609080915335 -0.7873315516215463 -4.010343658822281 -0.43860599626465774 -4.568041076393434 -0.08816407505637476 -5.130294291873652 0.26164296441403584 -5.699917103336231 0.6078111728600868 -6.282432706936333 0.943990507779369 -6.885145262867873 1.2646779861141935 -7.499551415692458 1.5743174679540606 
7	0.7	100.004	5	7	10	10	10	10	(55, 109, 74)	5.476047249562654	7.420992789626015	-5.995940047104898 -3.9360471612295047 -6.268134436966357 -3.3192790816021702 -6.506438721581721 -2.668718110244622 -6.6899657786223585 -2.016235281339318 -6.856422413817425 -1.3603628128166048 -7.020556444051275 -0.7040895726379813 -7.187078699366866 -0.04675626949578872 
10	0.7	100.004	5	7	10	10	10	10	(54, 62, 233)	7.56326928352463	7.673541911477541	-5.381547225099875 -2.5620936720691376 -4.904047954707892 -3.0140521485668037 -4.40663521498524 -3.457859608678834 -3.892128725798884 -3.8980587240802507 -3.36530205561465 -4.33328421402775 -2.822811626319824 -4.755537673736198 -2.2485625107167997 -5.150076913630981 -1.6388899817737128 -5.494238038956951 -1.0178908649219571 -5.807935993357691 -0.3919822513243682 -6.118418782356763 
10	0.7	100.004	5	7	10	10	10	10	(230, 164, 204)	7.733474062981582	8.086438787907914	3.481815181928439 4.653959702280423 2.81306775069478 4.86177034452898 2.14333124194618 5.070050503841522 1.4696270595559824 5.273081416770845 0.783984443219459 5.454364853466314 0.08373750073966141 5.586135603552857 -0.6130311656071854 5.681015905891273 -1.310768224701015 5.757240834699084 -2.0092094226845036 5.816858439969739 -2.707364909073608 5.872450053430216 
10	0.7	100.004	5	7	10	10	10	10	(93, 5, 68)	7.565650093783244	9.200879617242634	0.47513636713728497 4.322093853617646 0.929302908306346 3.8470678731830197 1.3675614470652802 3.346734829999414 1.7849729036015145 2.8155697259311037 2.183189825649567 2.2588401012826482 2.565343552078252 1.6836956254234492 2.9326275580381513 1.093882000596185 3.2855737371431326 0.48958482255638947 3.627237556986509 -0.11987163192940685 3.9660761308893293 -0.7317220991555219 
11	0.7	100.004	5	7	10	10	10	10	(248, 190, 120)	8.035002848938934	8.588741279447643	-7.630541638690291 -4.5648951262603354 -7.10251327198329 -4.827880331095556 -6.5405619349415005 -5.079395003582705 -5.93641100322557 -5.305017471166162 -5.307875109572091 -5.514744019286235 -4.6673792027170204 -5.726551366134211 -4.024839303574271 -5.953090790192017 -3.385492899681858 -6.2009925791832705 -2.7510527561219726 -6.471244123625456 -2.120194259167398 -6.7596383260516575 -1.4892737692457654 -7.055946878576027 
11	0.7	100.004	5	7	10	10	10	10	(33, 156, 122)	8.412321817293924	11.042058700815394	-8.663340123855885 -6.389409987048425 -8.6908006739622 -5.689887849919143 -8.703849634975077 -4.988936766661617 -8.667087687463745 -4.264410004318023 -8.581868475345606 -3.5629941669118153 -8.501126724156954 -2.870760128184552 -8.453412179858823 -2.1786599329759233 -8.445653477040514 -1.4841715619899247 -8.470017784087073 -0.78792892193736 -8.51115870739383 -0.09077570296631293 -8.55146866786965 0.6069801092900364 
9	0.7	100.004	5	7	10	10	10	10	(34, 182, 250)	6.877667573175387	7.568076738017515	-1.4420131010716293 4.455389639469053 -0.961358586912533 3.970218201503034 -0.4939269095816449 3.4742160801072632 -0.04614428473656871 2.9547753803967653 0.370141689903245 2.4152875900050357 0.7705348919808428 1.862035706412854 1.1638983368682803 1.300938722792306 1.5574368155581635 0.7368357839167021 1.955243424224888 0.1731253700793945 
10	0.7	100.004	5	7	10	10	10	10	(12, 168, 152)	7.612075555925049	7.779740510882536	-1.1035774891360293 2.293782384681889 -1.625150045200609 2.740958548985618 -2.1540024107386886 3.176137665209571 -2.6973371515408893 3.5952056900471505 -3.254644443208025 3.99791967663502 -3.8237158813226952 4.386693899605168 -4.401797282316907 4.765041927909745 -4.986706112807129 5.136372300697837 -5.577098795222774 5.503524416812709 -6.172004373360379 5.869119505609419 
7	0.7	100.004	5	7	10	10	10	10	(151, 213, 179)	5.392696633816138	7.874856178277732	-0.6451818439637239 -0.8712198424138726 -1.246164796297796 -0.5380906708534519 -1.8426590943909897 -0.20259094428681 -2.4295546706546682 0.13938279916201926 -3.003161312973286 0.4892199900173959 -3.553698754034171 0.8337514784065345 -4.0809341188285595 1.1611203116898046 
7	0.7	100.004	5	7	10	10	10	10	(242, 216, 87)	5.5687310736125415	7.275597925481817	-0.6582225766076645 1.00502642229726 -0.17734857666224538 0.5104170058925982 0.30406514758910097 0.01417542105424152 0.7853370108425177 -0.4841887987961156 1.2856858501424915 -0.9714146833743161 1.8043081915229402 -1.4367025677366778 2.335127332258439 -1.8923497627031285 
7	0.7	100.004	5	7	10	10	10	10	(118, 50, 120)	5.428995561506014	7.768554264385656	-2.047196363161138 -3.1466458727760998 -2.6382419821286747 -2.866743805423851 -3.2204108206082593 -2.551492693797885 -3.783664858230212 -2.1992149148755242 -4.342106042534472 -1.8230978231982553 -4.91812116027938 -1.4469024904722576 -5.502483897955109 -1.0849822099563795 
9	0.7	100.004	5	7	10	10	10	10	(65, 108, 152)	6.73710707159872	9.053882598932312	-1.614632479110483 -4.166741052203316 -0.9800889188337316 -4.171692454810634 -0.33606414208840607 -4.1701855093549325 0.3183282597040772 -4.155496167849993 0.982335838929144 -4.12141807135806 1.6551859098057675 -4.061592991781048 2.3303558750337823 -3.972302667642655 3.0104886620775866 -3.8672071769074012 3.6958769482465152 -3.7561901272765152 
9	0.7	100.004	5	7	10	10	10	10	(128, 209, 167)	6.944982511653841	7.470510322435538	-6.555364339941766 4.523418071454916 -5.966891451153739 4.146492853365004 -5.380515311105352 3.7694463436742303 -4.798209363295726 3.390274750409995 -4.223236390383877 3.004194126167995 -3.657707938615376 2.6004059267018516 -3.103913654352471 2.1908742842156346 -2.550405845797993 1.7826155546916922 -1.9929876909527782 1.375730558295546 
7	0.7	100.004	5	7	10	10	10	10	(108, 45, 21)	5.253860941430508	10.753923424725889	-2.3119643470155755 -1.599031920108588 -1.759896929626668 -1.8225122775001767 -1.183549810261788 -2.0481185704144025 -0.5767744272538669 -2.2563597584688013 0.05158131681868315 -2.4454428325490167 0.6954087006604168 -2.620114643262934 1.3488574568254323 -2.7874799415024234 
9	0.7	100.004	5	7	10	10	10	10	(9, 117, 44)	6.69685950686817	6.956833924778103	-3.0291612339555334 -1.0613432923575727 -3.5386682360904667 -0.7420859977944279 -4.072326453427234 -0.40574523345309604 -4.625046005034177 -0.05646181954746384 -5.191684224292891 0.299380599969348 -5.769642045516025 0.6505734994238465 -6.360449612149252 0.9904765719082103 -6.96892191966178 1.3156917164130715 -7.5858388829612915 1.6336129794091834 
4	0.7	100.004	6	7	10	10	10	10	(123, 53, 207)	3.181645115320139	6.292018355216271	-6.36562050511989 2.6079667945463765 -5.830595596048422 2.3455478865583146 -5.296492304869038 2.084656244102976 -4.764896783753429 1.8257015204375866 
5	0.7	100.004	6	7	10	10	10	10	(206, 84, 12)	4.032685772305293	8.297233255557645	-7.274717436282037 3.002805415086664 -7.87907276563042 3.1580792300567517 -8.507017121112352 3.324699433975848 -9.154678736552738 3.501769541727242 -9.817287290957394 3.6854543362067123 
