N disks	Disks radius	time	Gen	ks	kt_bot	kt_par	kc	div_length	X
7	1.074	200.000	8	10.0	10.0	10.0	10.0	8.798416631981635	-1.108506764048062 -0.18532077567182573 -1.5315906797701808 -0.8805677811558099 -1.8414289883388766 -1.6536130222311511 -2.399492375523268 -2.3398348849513835 -2.7101733468063602 -3.1553345123474594 -3.1931068369114 -3.839214750378213 -3.519781201499746 -4.63008056032648 
4	1.074	200.000	8	10.0	10.0	10.0	10.0	7.630946775979332	-7.622962548807164 1.6109786454276849 -7.877735981139801 0.5950126286762629 -8.03463470621407 -0.29336193331746563 -8.14198661543355 -1.1217332383571037 
7	1.074	200.000	8	10.0	10.0	10.0	10.0	7.7694367197960865	3.6761663790032437 -5.330266715508515 2.8754072125611136 -5.297832487135953 2.1010086788417976 -5.548515145521807 1.213346754957757 -5.532498305393706 0.4148538260551815 -5.900645331974373 -0.3811607644627416 -5.907918734882972 -1.0949739404209589 -6.180429761390818 
9	1.074	200.000	8	10.0	10.0	10.0	10.0	9.40508184325928	-1.4742590138461504 -7.286042672625736 -1.8793146677732655 -7.928039434651639 -2.0635081571732696 -8.721412568347816 -2.5349706253602498 -9.472811837802233 -2.6535223899987854 -10.366597071248973 -3.0899633742230153 -11.15595776152786 -3.195236318370453 -12.039009719680626 -3.53114672359043 -12.832096991189779 -3.6821778797121145 -13.641017931921237 
7	1.074	200.000	8	10.0	10.0	10.0	10.0	7.8266008498972255	0.21691477457954514 -10.246534694548355 0.8290180587655209 -10.945530512341005 1.3902938767997903 -11.578202891580691 2.0044724032240593 -12.29940516212218 2.5695729786564714 -12.95874064854151 3.1261000664121874 -13.555352454685432 3.7181454137113334 -14.150613175230967 
6	1.074	200.000	9	10.0	10.0	10.0	10.0	9.281240758062516	23.892941902124633 -4.735993648897583 24.04518145226412 -5.748296530815112 24.18563231820938 -6.7716188165401325 24.287582334426403 -7.817351632720648 24.346990998911696 -8.871189276564966 24.388473006367846 -9.934559036585838 
6	1.074	200.000	8	10.0	10.0	10.0	10.0	7.242743218456813	-13.424038801240728 -4.015578241516614 -13.602240471943317 -4.8105445452922115 -13.72125308626639 -5.6628195193152315 -13.946390214269153 -6.473381610302376 -14.044548565148174 -7.29684394997137 -14.217953736949257 -8.119256262244361 
8	1.074	200.000	8	10.0	10.0	10.0	10.0	9.043850556528202	-9.861866399691268 0.29241416630117306 -9.864231279699933 -0.5145748914264462 -9.91914359984881 -1.3734074196166026 -9.89132939404798 -2.2492916589254515 -10.008602683197022 -3.146058158609287 -10.031331139277937 -4.042322887337439 -10.132126605417083 -4.946636520471848 -10.17725944858514 -5.895636611929474 
8	1.074	200.000	8	10.0	10.0	10.0	10.0	8.896012101259847	-9.606253753682067 13.935010198626431 -8.649933544315287 14.085087312244138 -7.716048425843536 14.183243214555297 -6.797107236331133 14.167408686954763 -5.870448202399075 14.023997869161835 -4.927359916191028 13.737829147210459 -4.05790106359942 13.334735824282278 -3.2611207285127954 12.917118967102137 
8	1.074	200.000	8	10.0	10.0	10.0	10.0	9.30756391978824	-3.5068858671195082 15.053373444256113 -2.713270611119412 14.710141601737465 -1.9604232945687157 14.270539832008762 -1.1303987752695237 14.012771279089117 -0.34851140678269416 13.618768709190533 0.52325577458547 13.460969194900656 1.3274354496038434 13.212096442353701 2.138418677955832 13.131847711120995 
6	1.074	200.000	8	10.0	10.0	10.0	10.0	7.949685974334152	-20.7673047308686 3.488235747963516 -21.183923559590568 2.6977592747117902 -21.56999298582786 1.9273992369207562 -21.926881294504636 1.1396648019690887 -22.294672754824372 0.31915548068453764 -22.687771116082473 -0.4980592959356071 
6	1.074	200.000	8	10.0	10.0	10.0	10.0	8.405826823364	-22.287727790186754 -1.900203623094986 -22.5689872955907 -2.8105114521327894 -22.824824866773962 -3.7312652105756987 -23.063075482648628 -4.682566355796276 -23.28905990222818 -5.651024054398016 -23.52781643605414 -6.642760964442327 
8	1.074	200.000	8	10.0	10.0	10.0	10.0	9.147312183032376	-6.818792770971784 3.699673155717146 -6.3521907218250755 3.008764967822142 -5.917186688364858 2.252129228426595 -5.348362782586182 1.5503545737823998 -4.926425487136591 0.7480379996318869 -4.389785521643992 0.03243994915622519 -4.016605810736535 -0.7367325732113249 -3.5892675070586852 -1.4347563642590881 
10	1.074	200.000	8	10.0	10.0	10.0	10.0	12.86923210541692	14.046920405971965 9.10994828532046 14.993903155023547 9.238921418163477 15.94409511171811 9.311456143539534 16.91465807086382 9.303796201819736 17.903673961433153 9.215537959168408 18.89525405446613 9.079590421328179 19.909606874620327 8.940179333788471 20.92725603729524 8.782383288021313 21.955444291895237 8.602092555002422 22.99694167247617 8.409647867072982 
8	1.074	200.000	8	10.0	10.0	10.0	10.0	8.748497776808131	4.67330661416525 10.6652023556288 5.554612417429745 10.369128276801455 6.396532674990341 10.137365852148859 7.238710901144208 9.880484833440455 8.082000306482565 9.653576280752114 8.887000504100037 9.357542352718003 9.673259753710308 9.0886484647932 10.477445296287616 8.787602143816457 
8	1.074	200.000	8	10.0	10.0	10.0	10.0	9.25141577706767	4.261614473407514 8.909811270177638 5.10015372076448 8.608972946712012 5.924861336611888 8.341794539444178 6.768450849734776 8.04002380053703 7.596821535610497 7.752262433068365 8.377157768664604 7.398817587936818 9.132345600307588 7.043610006648137 9.940820629946916 6.609406605205863 
8	1.074	200.000	8	10.0	10.0	10.0	10.0	9.45580050967218	10.511864720434883 7.527816721521635 11.444943811959861 7.490525199460374 12.325120072972943 7.451751523420753 13.247656825516428 7.382563386916611 14.188865341072589 7.323488756321457 15.17457268852157 7.311644734490837 16.174704684720762 7.318635181042986 17.204541151262653 7.331725653725082 
5	1.074	200.000	9	10.0	10.0	10.0	10.0	7.110800563089011	8.775865627269793 -16.649677213846324 9.762000117672732 -16.57172265839619 10.738481620679336 -16.482671932811353 11.70753862451176 -16.388273674728698 12.682170798416239 -16.290172052668886 
7	1.074	200.000	9	10.0	10.0	10.0	10.0	10.245550945088516	14.516777678327735 -16.383125615775008 15.388991403642667 -16.8522808342569 16.277757466665754 -17.326626015223503 17.198770040475612 -17.788577022552715 18.152232970476486 -18.208881402093986 19.121542052011186 -18.607636982962656 20.106273924052267 -19.00307864400761 
5	1.074	200.000	9	10.0	10.0	10.0	10.0	7.476047780876349	26.17845287649852 4.154052302548803 25.45709921389341 3.3730147777996 24.73471729710976 2.6085596523599315 24.006602772009597 1.8659607991614908 23.283708961948633 1.1348127907479122 
5	1.074	200.000	9	10.0	10.0	10.0	10.0	7.832080053413147	24.275931087684455 -0.5889950139298428 24.705525299449295 -1.5366697143787815 25.133646089136523 -2.493547383630165 25.557758715807466 -3.4576991866199545 25.984728124995367 -4.434584729368811 
7	1.074	200.000	8	10.0	10.0	10.0	10.0	7.861066429087133	8.004798420726193 3.6474397030644115 8.369573574042052 2.824475652254233 8.780197355262974 2.0634732707178522 9.088316127617345 1.2348414498123634 9.42340231011361 0.4454568743476449 9.594322281202356 -0.35660530450265004 9.824875358986693 -1.1083273256466806 
7	1.074	200.000	8	10.0	10.0	10.0	10.0	9.112389725982252	11.020885184438038 -1.7340947872354757 11.740707850525421 -2.178195709148538 12.50186786184962 -2.609584662589135 13.27577141317694 -3.0085031129986195 14.05976675337785 -3.4224382587179227 14.826406993879317 -3.8816431389846984 15.607841246447842 -4.374341143146521 
3	1.074	200.000	8	10.0	10.0	10.0	10.0	5.949081951250866	-13.29602999678606 -0.7283019961073323 -14.142904745019779 -0.8767535619281218 -14.98711644073443 -1.038237505856925 
5	1.074	200.000	8	10.0	10.0	10.0	10.0	8.170356509902037	-13.607754972157483 -2.528302048931199 -14.531427993108895 -2.7782641669815424 -15.386456073054353 -3.007698627074787 -16.252821028482117 -3.2507276595380072 -17.131064495851767 -3.509827510224428 
5	1.074	200.000	9	10.0	10.0	10.0	10.0	6.961419054988797	21.35797900003084 0.5281773862251193 21.812044328960596 -0.31831863894832285 22.263116785547737 -1.184598198511785 22.69312449163592 -2.0659621214293646 23.129090290867047 -2.9564256455177635 
5	1.074	200.000	9	10.0	10.0	10.0	10.0	7.062698843555271	21.799235549042187 -4.385882574077794 21.335396403317898 -5.296951552632422 20.863307080013126 -6.203722330878901 20.39054264932244 -7.1251664260296925 19.926557228497796 -8.027848546272313 
7	1.074	200.000	8	10.0	10.0	10.0	10.0	8.474750884143841	-0.06857004990412728 -2.081300487043547 -0.46468690461131285 -2.8273466222873935 -0.891784454077851 -3.572236321286458 -1.3529174424853097 -4.288254074679019 -1.932706738793821 -5.041275844213029 -2.564973329802603 -5.858597021989874 -3.121948274283175 -6.623428939169311 
5	1.074	200.000	8	10.0	10.0	10.0	10.0	7.961625468569968	-18.434201479102747 6.592120820793188 -17.948399573712233 5.764983166442181 -17.470175242688946 4.948272334684217 -17.00848420010682 4.130650536489609 -16.588570148995128 3.3579662284484675 
7	1.074	200.000	8	10.0	10.0	10.0	10.0	8.436921761925177	3.3270437449034627 8.224163714314889 3.678913266080419 7.533493882030458 3.82071406152351 6.754547743803698 4.218479842877485 5.962946513018503 4.294520784402251 5.088012795278327 4.585824067546798 4.315512200930213 4.69565831575563 3.4910257154828916 
5	1.074	200.000	9	10.0	10.0	10.0	10.0	7.365300134421878	8.180155034917796 -22.463721937149717 8.536438610271507 -21.46982107206989 8.883970658920456 -20.489666077737727 9.209674083517337 -19.51389805302694 9.496223306954965 -18.543711513244244 
5	1.074	200.000	8	10.0	10.0	10.0	10.0	7.996410073559545	-21.758078798570583 17.210220610984706 -20.99026959206911 17.893190734875315 -20.206189630745012 18.58341535456955 -19.41772618309133 19.273537853357613 -18.621747841074292 19.97431559220885 
5	1.074	200.000	8	10.0	10.0	10.0	10.0	7.001792951634002	-17.71588295181151 17.920838483459388 -16.803133667246836 18.455461522514703 -15.890309072504026 18.996536838156516 -14.97866962631426 19.54674844090401 -14.066214502257392 20.103934361826614 
5	1.074	200.000	8	10.0	10.0	10.0	10.0	7.482139105786953	-19.392581485286197 16.707525196554645 -18.74912981428063 15.961728076743869 -18.133770052075732 15.229069054068699 -17.5457205327542 14.50278013703236 -16.97369336441495 13.755351057862375 
7	1.074	200.000	8	10.0	10.0	10.0	10.0	8.45725857181205	-15.92986742677255 12.584409125659583 -15.39249257277891 11.866267624426504 -14.784187748476851 11.227208078582816 -14.303123113130276 10.5034027254814 -13.654401153814774 9.933576381735113 -13.142954262173687 9.289582993718634 -12.519917424665024 8.748627257469243 
7	1.074	200.000	8	10.0	10.0	10.0	10.0	9.244469860255538	-9.170519324968984 8.33319662167887 -9.320860863941574 7.452278913777778 -9.525305801284732 6.568354012339753 -9.639505299532999 5.682604381277293 -9.922747338869062 4.883151841886222 -10.16063362643873 4.070541463899722 -10.497284994134334 3.3026606835184267 
5	1.074	200.000	8	10.0	10.0	10.0	10.0	7.9610681302787025	-21.08412600177007 15.372959573029071 -20.39727206979629 14.653879104103 -19.724390495101037 13.965264541633438 -19.070425150291467 13.336674901097403 -18.412544946054144 12.725313971645978 
7	1.074	200.000	8	10.0	10.0	10.0	10.0	9.755905573162497	-17.940124755352212 11.902835296930105 -17.374003396728593 11.213924372048753 -16.80330445868922 10.5285032896592 -16.214572198298754 9.84044657966937 -15.631552258853663 9.144166556250333 -15.083270393862882 8.43998666366843 -14.569309099454317 7.7320273050720605 
5	1.074	200.000	8	10.0	10.0	10.0	10.0	7.588145756368055	5.136009731863497 -6.604962903628094 4.3333556240429445 -6.829517547500924 3.4633871906965465 -7.04580489679194 2.595303870412123 -7.243062057497822 1.7213104663446 -7.427320937720669 
5	1.074	200.000	9	10.0	10.0	10.0	10.0	8.375107245315094	1.2679926418045098 -9.430374003208838 2.00706285442228 -9.244376900582688 2.826509424362158 -9.0423566567603 3.647256951693796 -8.828830012773686 4.500209589722664 -8.590386936447516 
6	1.074	200.000	9	10.0	10.0	10.0	10.0	9.622086820757275	4.65557013740547 -10.299011675640568 5.487109311407186 -10.465753752054074 6.328351837466718 -10.59177299228702 7.184469137988511 -10.689173443112754 8.031472238554514 -10.799072227039751 8.847712970609695 -10.910389723535529 
5	1.074	200.000	9	10.0	10.0	10.0	10.0	7.415145585714393	11.52227239837061 -14.390281015029359 12.476862146146251 -14.378481922058198 13.415795963795864 -14.38418914071721 14.318836053131795 -14.427857924251217 15.188567286655402 -14.498926050032637 
1	1.074	200.000	10	10.0	10.0	10.0	10.0	5.600618902363933	17.943774209755954 -16.10515816649187 
3	1.074	200.000	10	10.0	10.0	10.0	10.0	6.07801180523734	16.082657053377687 -12.604764487631945 16.463081373725537 -13.545883679720177 16.842166777625607 -14.557960028438627 
4	1.074	200.000	9	10.0	10.0	10.0	10.0	8.725576294547487	11.171285321137471 0.5746466134260294 11.823054049492313 0.03672474162609494 12.493175443911255 -0.5120702041581441 13.199260019928662 -1.087511450823726 
6	1.074	200.000	9	10.0	10.0	10.0	10.0	7.2264664553886195	14.662388164759514 -0.9430934607438461 15.252022804566133 -1.5702206932504255 15.866555127070274 -2.1666530635004886 16.520095063203968 -2.74287164312211 17.20105127150782 -3.3150719174467396 17.8960555332862 -3.8795674016909087 
6	1.074	200.000	8	10.0	10.0	10.0	10.0	9.74185161390875	-25.173728634038564 14.857170322936494 -24.788208762767923 13.879205721425508 -24.42526034985599 12.92173475350376 -24.092985470557405 11.977421585648422 -23.788041883486425 11.046183898477015 -23.492917601913934 10.121450713390967 
6	1.074	200.000	8	10.0	10.0	10.0	10.0	9.165434438433621	-22.4176340806482 8.797339760994191 -22.30471704393728 7.872683380371887 -22.209037717506725 6.95639698577698 -22.151958104727168 6.04103743157513 -22.152891500116702 5.116342613291734 -22.197113020722394 4.184831443772993 
6	1.074	200.000	8	10.0	10.0	10.0	10.0	9.816262327522397	-16.443530771507685 16.309205614510844 -15.543105932267006 16.80751036148107 -14.654839778721213 17.319740562633996 -13.78438152322062 17.86244193376401 -12.91309843310191 18.436789161442718 -12.03740143829726 19.01097707832169 
8	1.074	200.000	8	10.0	10.0	10.0	10.0	10.394958200250308	-11.325411889296229 20.903084664934337 -10.386081091822799 20.397690199704417 -9.450453426762916 19.90688923495944 -8.507099675507146 19.41117966298266 -7.589469064165779 18.920151480027094 -6.6711311545912135 18.4684015555694 -5.746879800107464 18.062045266439263 -4.820354795706733 17.68012037147391 
6	1.074	200.000	8	10.0	10.0	10.0	10.0	7.478988901914123	-19.66805924355419 -6.046909019759908 -18.72842923373581 -5.8655385391622366 -17.813995113502305 -5.655374480836078 -16.958951787306386 -5.419865751540069 -16.091178875109165 -5.166087342040092 -15.267707250416809 -4.915152723261308 
6	1.074	200.000	8	10.0	10.0	10.0	10.0	9.050357618892017	-16.033319831721197 -6.934992047324524 -16.017561895237968 -7.868416693404933 -15.949585698374193 -8.80146938689725 -15.796076844820261 -9.715455579747378 -15.565378696945382 -10.634496109195874 -15.293610650469386 -11.55935429968138 
4	1.074	200.000	9	10.0	10.0	10.0	10.0	6.125148035799766	17.42990691025405 1.8826823359982716 18.11587406807205 1.1925544201971447 18.81602807697376 0.4876596981170237 19.527719626272603 -0.2106649141706931 
6	1.074	200.000	9	10.0	10.0	10.0	10.0	7.300799935764747	20.557359204227797 -1.882067476788737 20.230171457790565 -2.792780465207703 19.877353484976958 -3.6896258183609385 19.49134860437198 -4.594461360948401 19.07448614702615 -5.490835300368434 18.653798589769398 -6.382697190067122 
4	1.074	200.000	9	10.0	10.0	10.0	10.0	9.034507989189766	9.84264273625375 13.527204119261011 10.080608755463478 12.6079259810755 10.320303243771814 11.67329897795465 10.541886276870551 10.761570848760227 
6	1.074	200.000	9	10.0	10.0	10.0	10.0	7.648004262698173	11.839127199962386 9.48399791634891 12.54663055572571 10.057268361111667 13.342015476745154 10.621300050681478 14.177922397971676 11.115144865242543 15.046072138687489 11.544421874852521 15.937987459212914 11.96216675983252 
4	1.074	200.000	9	10.0	10.0	10.0	10.0	7.420577547641276	-7.870368584450587 -8.016968751634518 -8.294591751789334 -8.797505350968084 -8.719557560354964 -9.578777617786127 -9.170766693630494 -10.37112463247219 
4	1.074	200.000	9	10.0	10.0	10.0	10.0	7.447832598247685	-8.576597209351915 -11.717620795524427 -8.486826520134127 -12.652933664895494 -8.393867665586495 -13.593131999960042 -8.31599482675715 -14.514367380820696 
4	1.074	200.000	9	10.0	10.0	10.0	10.0	6.924699404638744	-8.43455272851562 -16.33810247782089 -7.675614982968338 -16.899247527664926 -6.909790689443826 -17.461298060609344 -6.134886161970645 -18.030202300817457 
4	1.074	200.000	9	10.0	10.0	10.0	10.0	8.702086430677683	-4.723134734125818 -19.028670089551234 -3.8835605077781814 -19.537153810572573 -3.0514606578787857 -20.05384527425129 -2.2089946836416576 -20.57902696272871 
4	1.074	200.000	9	10.0	10.0	10.0	10.0	7.972953195968524	-0.7985749963603163 -15.794966252329388 -1.1720100841652723 -16.665761191054276 -1.5448997275396428 -17.55542607166015 -1.934855162025456 -18.47113448172955 
4	1.074	200.000	9	10.0	10.0	10.0	10.0	7.102860722314405	-0.32373600312336054 -19.392293781348545 -0.3311234099236012 -20.426050907546713 -0.3506556277548332 -21.47964307845866 -0.3756345447908652 -22.538954363517746 
4	1.074	200.000	9	10.0	10.0	10.0	10.0	7.462227778710728	1.2912943263876524 -14.661896472778306 1.0792685626526788 -15.637873117203727 0.8974793820685737 -16.638002208690136 0.7167138629525138 -17.62865474609686 
4	1.074	200.000	9	10.0	10.0	10.0	10.0	6.506946530933801	1.5663761354306938 -19.448557245645528 1.6490134749649354 -20.4632488704071 1.7302041215250092 -21.491982522098287 1.8100443717255252 -22.539757114208502 
4	1.074	200.000	8	10.0	10.0	10.0	10.0	9.647786326373257	-28.14552562509008 10.846235828615129 -27.71281146811518 9.908330210532013 -27.285442277581495 9.011474029297732 -26.866626492792292 8.144952910271673 
6	1.074	200.000	8	10.0	10.0	10.0	10.0	8.147226460654347	-28.865421003297218 7.689955494039774 -28.607668773645425 6.664955168932151 -28.3815780937928 5.640823511779632 -28.20037550807453 4.614468122320576 -28.058100307783537 3.58623818109282 -27.934536105025078 2.5588288080937045 
4	1.074	200.000	8	10.0	10.0	10.0	10.0	8.442985009372954	-25.824339817635426 10.617763518821281 -25.35914466913811 9.663395144648774 -24.873061337127247 8.729492762839579 -24.38013535770846 7.836068780485915 
6	1.074	200.000	8	10.0	10.0	10.0	10.0	7.801769541306464	-24.14783183445885 5.965043394118002 -24.09544693904953 4.97249749108397 -24.02956744683219 3.986431137691921 -23.9537727800008 3.0178461416513005 -23.887317633275433 2.066002963717255 -23.835337557807822 1.1239826149766743 
4	1.074	200.000	9	10.0	10.0	10.0	10.0	6.641158483373767	6.891805115902711 -12.290039360570633 7.308267028553171 -13.08567764159262 7.676812667823141 -13.934505981846693 8.000122558426439 -14.812794111736148 
4	1.074	200.000	9	10.0	10.0	10.0	10.0	7.959535952109328	6.727927714495346 -16.0840180421574 6.952347416687485 -17.033044079646064 7.186042360209231 -18.00263772944757 7.40953418202947 -18.988469816700466 
4	1.074	200.000	9	10.0	10.0	10.0	10.0	6.998081899221026	13.353674587034549 16.32882715854607 13.563558620039917 15.294792483276206 13.784763654730723 14.269105548865944 14.01394494819964 13.251916243800583 
6	1.074	200.000	9	10.0	10.0	10.0	10.0	8.316456572346866	15.849135909380298 14.756026645642622 16.58816477649106 13.989458030529294 17.320337844781086 13.22252736042373 18.03155827359959 12.447507516738975 18.745788960613393 11.686474408558956 19.469513940946978 10.944498668078468 
6	1.074	200.000	9	10.0	10.0	10.0	10.0	7.692559595413448	-5.767011542031155 12.531060184772727 -5.147141258768947 11.878466848105269 -4.5950294241465475 11.218234417847194 -4.105872506386494 10.511080681837651 -3.661175782650613 9.790533579883965 -3.2231615677019176 9.04356626245232 
6	1.074	200.000	9	10.0	10.0	10.0	10.0	8.973081912415774	-4.33304532761455 6.690857461236892 -3.8618953259282374 6.118830362492376 -3.6391024811533894 5.3421394154185755 -3.0547566590343616 4.704099461253169 -2.8246342543295824 3.8965745457382273 -2.3893436742467515 3.2498181585929125 
6	1.074	200.000	9	10.0	10.0	10.0	10.0	8.805594601227646	4.984629133806142 -2.412314098863576 5.7114543976631795 -2.827569788592922 6.3985901509183245 -3.2193183036183157 7.140830338671534 -3.628675262589757 7.899390598341524 -4.012271955053676 8.623416631558689 -4.374590210749966 
6	1.074	200.000	9	10.0	10.0	10.0	10.0	7.911709867366293	9.6434938834894 -4.522608106620455 9.272395906732465 -5.394542809751783 8.929183226808467 -6.242304016857761 8.627197993522115 -7.094884640814846 8.350243614365713 -7.9929378935922415 8.079381144946561 -8.918783823313419 
4	1.074	200.000	9	10.0	10.0	10.0	10.0	9.449767645212916	-20.57290371092162 9.438391965885295 -20.384004578803594 8.557013130868421 -20.229569024401165 7.691675393788653 -20.104267296550734 6.826633092316935 
4	1.074	200.000	9	10.0	10.0	10.0	10.0	6.296010728456446	-20.168933895102157 5.40545821732245 -19.589869510032916 4.694564120170302 -19.036356558007036 3.9504749708454985 -18.51025741854308 3.206851674132937 
4	1.074	200.000	9	10.0	10.0	10.0	10.0	8.148741230144955	-14.286721945909072 -13.055071307903601 -14.533403405251772 -13.950679199544284 -14.797014515621584 -14.869092205303486 -15.076015511336335 -15.81361792004457 
4	1.074	200.000	9	10.0	10.0	10.0	10.0	7.7469885750213	-16.00432545107212 -17.906331957692768 -15.15714029335325 -18.445115938327508 -14.292553000280435 -19.001888055709 -13.409927714440883 -19.570751980549908 
4	1.074	200.000	9	10.0	10.0	10.0	10.0	7.734434263431876	-12.145933503459407 0.08574887138843389 -11.673099602228778 0.7215184996256263 -11.223983444491418 1.3579733313999907 -10.766195596251789 2.0449814891089573 
4	1.074	200.000	9	10.0	10.0	10.0	10.0	7.283146568656783	-9.261907663294235 1.5343276820132372 -8.927860186255904 2.3438332615593604 -8.619919525068315 3.1086502128167814 -8.327943703178965 3.881416703161941 
4	1.074	200.000	9	10.0	10.0	10.0	10.0	7.425453737768176	-8.23418550357584 -4.1133066251501225 -8.31999274487925 -4.97679765949658 -8.406507637036611 -5.845992178896427 -8.499719345890338 -6.713112779769446 
1	1.074	200.000	10	10.0	10.0	10.0	10.0	5.9359409982852345	-8.32863567575547 -2.764835737800252 
1	1.074	200.000	10	10.0	10.0	10.0	10.0	6.004953311253152	-7.059461085398369 -2.416927103603691 
5	1.074	200.000	9	10.0	10.0	10.0	10.0	7.801070073051385	-6.263226479191769 7.1163828678134005 -5.983767190532714 6.292040292198453 -5.678539800735213 5.509687075289137 -5.347844718544461 4.779265886535561 -4.958284053965337 4.046144714047376 
5	1.074	200.000	9	10.0	10.0	10.0	10.0	9.290072388376327	-4.295030589194833 2.992984597857223 -3.7888693174371313 2.321017737048885 -3.338578925405277 1.653886407890206 -2.8853520175572673 1.0057306768354028 -2.4752916485353027 0.32205706308735965 
4	1.074	200.000	9	10.0	10.0	10.0	10.0	10.26140322445518	13.022259779222336 -4.856507095734788 12.765129233689587 -5.718279879348777 12.521857251950275 -6.5714173888538605 12.276864648234184 -7.433561708425859 
5	1.074	200.000	9	10.0	10.0	10.0	10.0	8.904484352922566	12.315335289131408 -8.832111829755885 12.374292775747636 -9.729871546911964 12.403106387009382 -10.674665617395394 12.371315707772311 -11.624949448294963 12.30720552326509 -12.567759766150177 
4	1.074	200.000	9	10.0	10.0	10.0	10.0	8.064603785802142	-11.667014373200933 -1.2093546109474698 -11.745724353989134 -2.02821321740147 -11.805823986377169 -2.8517938407145533 -11.85022733552181 -3.7008182307876036 
5	1.074	200.000	9	10.0	10.0	10.0	10.0	9.11568673327406	-11.804358846973846 -5.16276857632943 -11.895369757918557 -6.054760173901609 -12.003404535194367 -6.923090789942147 -12.1543440187804 -7.7911921954894625 -12.33371293011151 -8.693739804690779 
5	1.074	200.000	9	10.0	10.0	10.0	10.0	8.940857654773184	15.723896737404132 -8.628076938209698 16.17488778272765 -9.448876733488538 16.643633219604173 -10.245725427989912 17.171778137510184 -11.022829963570333 17.7430082130862 -11.797323647695888 
5	1.074	200.000	9	10.0	10.0	10.0	10.0	8.443085215138105	18.45291079772509 -13.453868850516159 18.989939742739484 -14.278137358594694 19.534557759650177 -15.131202274444352 20.06308595923953 -16.020221976049125 20.60111804269128 -16.92495186129025 
2	1.074	200.000	9	10.0	10.0	10.0	10.0	7.262236062118983	-10.611261088772013 9.044572665010477 -11.071207443053142 8.270249868603276 
4	1.074	200.000	9	10.0	10.0	10.0	10.0	5.746515576401212	-12.881786036397935 7.432926986806455 -13.224779688963874 6.68604734810256 -13.534815370283654 5.981266575843657 -13.821847994251117 5.279950848414415 
5	1.074	200.000	9	10.0	10.0	10.0	10.0	8.650796875424161	-9.950904214578992 -7.5611382237736064 -10.30077715968135 -8.383408971811733 -10.682898491153225 -9.224745462962805 -11.10563718339871 -10.066406778747679 -11.543097078914293 -10.88472474471187 
6	1.074	200.000	9	10.0	10.0	10.0	10.0	9.570752352843847	-10.383962959966919 -11.977147027406197 -10.334025873603888 -12.922831111646836 -10.287140655470726 -13.880446342277924 -10.257146477285634 -14.845581965732407 -10.257254882468903 -15.81636400518473 -10.281860345709521 -16.81693867258949 
4	1.074	200.000	9	10.0	10.0	10.0	10.0	8.401531223662566	2.840883436837456 -10.717878426636494 3.5031052170032693 -11.309698798279836 4.204178741028886 -11.916113152767407 4.906918265700426 -12.483827779201963 
4	1.074	200.000	9	10.0	10.0	10.0	10.0	7.583377962567828	5.814381781002471 -13.84988975178311 5.431874649766903 -14.573926773102826 5.0188802294487855 -15.313588319657477 4.5966118730387375 -16.04942638996604 
4	1.074	200.000	9	10.0	10.0	10.0	10.0	9.321049885752991	-6.8801722875291365 -12.451438095298528 -6.2692425940018435 -13.091111290556924 -5.615548798489968 -13.716884527737985 -4.915403004984924 -14.372944560226722 
5	1.074	200.000	9	10.0	10.0	10.0	10.0	9.17902807771797	-6.765531867920224 -15.148472385074093 -5.986895425889209 -15.749094444635851 -5.204907605039286 -16.34338464298462 -4.411537594024914 -16.945346663066115 -3.5906842774312655 -17.531709240452734 
5	1.074	200.000	9	10.0	10.0	10.0	10.0	8.648252287540524	10.893016476467743 -5.770813606860724 10.660114912450222 -6.651972199159508 10.429273660235692 -7.527926752089228 10.181230125892428 -8.37548935066584 9.890318661220602 -9.235985537860733 
6	1.074	200.000	9	10.0	10.0	10.0	10.0	9.864219442613958	10.727340902637856 -10.347897866732819 10.496531877543008 -11.23385910344813 10.25812248072312 -12.100896098824423 10.016430308428228 -12.947440418697328 9.795006536011618 -13.819820926332067 9.6050946323079 -14.742249744187149 
5	1.074	200.000	9	10.0	10.0	10.0	10.0	7.999194173177036	-0.008979273603254984 10.045884998211717 0.7051138504015152 10.530953034922225 1.441895152581275 11.000944723084674 2.2200724603459303 11.43392224148654 3.068837390461063 11.879078409275722 
5	1.074	200.000	9	10.0	10.0	10.0	10.0	9.235418206154264	4.799599854658822 12.25255735583498 5.755162428003457 12.136044696244667 6.680774994010607 11.976660495081932 7.6147150615733175 11.771953921128896 8.531218716699735 11.55378069684171 
4	1.074	200.000	8	10.0	10.0	10.0	10.0	9.120242787331335	-26.146913208770897 6.759605120755063 -26.133250292325044 5.80446670611247 -26.091714768185902 4.822929066066614 -26.027673351484598 3.813671028627692 
5	1.074	200.000	8	10.0	10.0	10.0	10.0	8.481055619674352	-26.146388511312825 1.821317354284957 -25.727500015834888 0.9147710234224884 -25.267115102245725 0.008272159020703919 -24.76862372893341 -0.852234158990544 -24.252159925544987 -1.6981597050688875 
4	1.074	200.000	9	10.0	10.0	10.0	10.0	6.601256526768927	-13.505341470052151 3.8770564967237706 -14.203725560722823 3.333364641220666 -14.866884091271999 2.8480651112113433 -15.628074245025232 2.344365257277333 
5	1.074	200.000	9	10.0	10.0	10.0	10.0	7.308871062164801	-15.654587779815214 1.5553353838589614 -15.954201784324525 0.8097658539257778 -16.251029587220252 0.0835807736310164 -16.590255153645877 -0.756993059150465 -16.913815673193064 -1.5989435918320904 
5	1.074	200.000	9	10.0	10.0	10.0	10.0	8.07787739827647	-2.6336954253614255 7.7759243049730475 -2.3133200085987355 7.029609810092085 -1.9546212958354166 6.227427970521157 -1.5225527940067214 5.456740784351382 -1.1262456046794787 4.750037693666418 
6	1.074	200.000	9	10.0	10.0	10.0	10.0	9.59602608096122	0.4328456911648595 6.028174331986488 0.6113894872726806 5.2433300696366585 0.6945065558752287 4.403561934855055 0.9516450085189889 3.579894655066556 1.0166801336957698 2.761036455731714 1.2032797769943355 1.971380345801007 
5	1.074	200.000	9	10.0	10.0	10.0	10.0	9.290809778170729	2.0234707184952145 6.777650914066981 2.2806685650049796 5.8259953663048965 2.5009503455863973 4.897814755410233 2.700765289264895 3.9929546974307644 2.8800813214217342 3.101154490878711 
6	1.074	200.000	9	10.0	10.0	10.0	10.0	9.193938468261614	4.414935106102881 2.319539302684427 4.2352536499636635 1.5222138851398364 4.1780671129220845 0.669769190844395 3.942983394218692 -0.1558816041903505 3.8623719697550296 -0.9792605125432972 3.6452745484510465 -1.7872140157164678 
3	1.074	200.000	9	10.0	10.0	10.0	10.0	7.570581257672403	-2.481333221514941 11.748278713077791 -1.4827351188782973 11.834083366471528 -0.5300073912888202 11.881921318100991 
3	1.074	200.000	9	10.0	10.0	10.0	10.0	7.831641555771591	-1.899077339008851 10.240684022270928 -1.5398093505263193 9.44774272061129 -1.1848373693442793 8.668530677743084 
5	1.074	200.000	9	10.0	10.0	10.0	10.0	9.294803274146656	12.072373665845761 3.656666622442167 12.50020817324137 2.835672142314145 12.94247790495102 2.0293573194353858 13.405826503012763 1.290447592827225 13.907857743381985 0.5447514638274793 
6	1.074	200.000	9	10.0	10.0	10.0	10.0	9.048215535021805	15.321478889602231 1.5858313679944693 15.867070439905138 0.8266335008200671 16.449241948593986 0.09950444488146272 17.088934728261414 -0.5958862095054953 17.776019455994483 -1.2720257465102327 18.493869797532575 -1.9469595924554173 
5	1.074	200.000	9	10.0	10.0	10.0	10.0	6.4947106579059	3.025180879387646 -3.346723983152111 3.7237534005407302 -3.69715646274578 4.450610413875261 -4.10547665445749 5.133027591049787 -4.551212638961951 5.759569458839739 -4.980053415687804 
6	1.074	200.000	9	10.0	10.0	10.0	10.0	7.3482956591543935	7.266244840187044 -5.191459506582882 7.124470415274772 -5.924739939629573 6.7606246786242625 -6.65611096507641 6.640820986029115 -7.514993463124552 6.273441590930672 -8.251957799146396 6.112289437525719 -9.004429222148858 
3	1.074	200.000	9	10.0	10.0	10.0	10.0	6.943813445647178	-19.765777991136087 -7.8752306416582245 -18.786877499993288 -7.794682925147041 -17.81631831081975 -7.698653872187897 
5	1.074	200.000	9	10.0	10.0	10.0	10.0	8.535033184622172	-18.029645629352608 -9.55529225090514 -17.70354096560076 -10.46714938520545 -17.360192213834463 -11.394655765080037 -16.958733919808065 -12.327848008389022 -16.50241271633922 -13.262877090706882 
3	1.074	200.000	9	10.0	10.0	10.0	10.0	7.567719908489952	-20.316662495793093 -9.45065853008661 -19.900982212071458 -10.357661329790993 -19.498181885772755 -11.270999719643795 
5	1.074	200.000	9	10.0	10.0	10.0	10.0	7.368798682265236	-18.93644202296792 -13.032582214141598 -18.426377046346747 -13.879654890222968 -17.91299646846956 -14.722592307641175 -17.41069892325003 -15.554327880829394 -16.923371391881993 -16.38984120988668 
3	1.074	200.000	9	10.0	10.0	10.0	10.0	11.365683393318475	-21.474928781753814 -6.845969681631653 -21.877704160692225 -7.762662083632336 -22.302000143410698 -8.684336490729743 
5	1.074	200.000	9	10.0	10.0	10.0	10.0	8.294137437465377	-21.920496273324385 -10.627476800929763 -21.588592208650017 -11.588317217724466 -21.253336333065118 -12.560325701160593 -20.917626983983254 -13.547652496254596 -20.571827773677175 -14.549027549444862 
3	1.074	200.000	9	10.0	10.0	10.0	10.0	7.78754564715979	-9.079303957723448 -18.38581574520286 -8.254999258031372 -18.940092155687584 -7.441119318459483 -19.485726678707056 
5	1.074	200.000	9	10.0	10.0	10.0	10.0	9.261209134006366	-6.053093921565703 -20.51963592415018 -5.239159652972243 -21.06542027113641 -4.400278195779636 -21.605920056051236 -3.5299841661765354 -22.14197687403278 -2.628415806671592 -22.67964974659108 
3	1.074	200.000	9	10.0	10.0	10.0	10.0	7.577517881121333	-10.819264671230034 15.34719332014542 -9.916511523293856 15.654792038008948 -9.064534712892565 15.924828512112079 
5	1.074	200.000	9	10.0	10.0	10.0	10.0	9.637639255855522	-8.03732358102041 16.862516315728612 -7.209653802863951 16.465823236803715 -6.407646229635699 16.13850817562989 -5.577712731647564 15.870973535516903 -4.726627039682156 15.637613458500653 
5	1.074	200.000	9	10.0	10.0	10.0	10.0	10.179543761204693	7.537207365584402 0.8948480322938522 7.6112145506814946 0.0017663729075565763 7.649342700873597 -0.8006909991411407 7.6537632999652505 -1.587312493622857 7.654745143016149 -2.405982358444463 
5	1.074	200.000	9	10.0	10.0	10.0	10.0	6.648192520828907	8.866959747836496 -2.301340954239544 9.47898503092097 -2.741171812341294 10.128755768163186 -3.204725498109807 10.847041788989921 -3.7317673263998103 11.54703588939494 -4.242136905008508 
3	1.074	200.000	9	10.0	10.0	10.0	10.0	8.083824691138911	24.642488924190367 5.639669693613569 23.96967714092883 4.819968918124233 23.30848994267855 4.019848256256874 
3	1.074	200.000	9	10.0	10.0	10.0	10.0	8.223099802052188	21.88293607355364 2.6074913478632613 20.92443731255943 2.283656190968459 19.97538185071695 1.9507915300976337 
4	1.074	200.000	8	10.0	10.0	10.0	10.0	9.206686780108363	-20.072793235797906 11.79344364278975 -19.525072816837888 10.976869332367448 -18.983494098552242 10.15887383510776 -18.482520534823784 9.366071905754055 
6	1.074	200.000	8	10.0	10.0	10.0	10.0	10.138447681960848	-17.429850405039275 8.347789744518824 -16.883960932183918 7.638221389172996 -16.401040352687893 6.912006639413022 -15.936925231466587 6.206320170740957 -15.594125466111878 5.462118477442806 -15.239713014920838 4.6815699080425235 
3	1.074	200.000	10	10.0	10.0	10.0	10.0	6.999305622539838	17.03266359701962 -5.385059110492791 16.59756188080321 -6.206052482509888 16.163788002597677 -7.029910932024193 
3	1.074	200.000	10	10.0	10.0	10.0	10.0	6.653828943276583	17.68814910567756 -7.944809338959661 18.10719848915662 -8.791543308708922 18.537617746037768 -9.656298227961843 
3	1.074	200.000	10	10.0	10.0	10.0	10.0	9.35072340124146	20.38137953930319 -9.955743349116602 20.043004009611103 -10.922657439553344 19.700338265712386 -11.871853353465072 
3	1.074	200.000	10	10.0	10.0	10.0	10.0	6.31506065520926	21.073679607794748 -13.242517356161251 21.460081974059722 -14.210195853573188 21.859898168999358 -15.188791999343671 
3	1.074	200.000	9	10.0	10.0	10.0	10.0	7.806042343474761	2.5110420332981684 1.4825080063722442 2.340666446257274 0.6113097898147328 2.1976595210641574 -0.22426337724585999 
4	1.074	200.000	9	10.0	10.0	10.0	10.0	7.3888794415338594	2.0495636767008203 -1.8522672596829688 1.650522018496244 -2.6486576593955706 1.2446375955201736 -3.4230757524618247 0.8293256659142793 -4.146447243287381 
3	1.074	200.000	10	10.0	10.0	10.0	10.0	7.407459871353643	11.412050889974505 -18.517914318088344 12.418087862242734 -18.341624439987385 13.429769889383554 -18.15680073618969 
3	1.074	200.000	10	10.0	10.0	10.0	10.0	8.354136251765759	15.126655489066659 -19.111358648950503 16.07062859474464 -19.547792433316722 17.030856694019977 -19.990270353501824 
3	1.074	200.000	9	10.0	10.0	10.0	10.0	7.881841037417746	-12.118477407590579 14.098758170540886 -11.53499586646522 13.309850606513658 -10.965117005199373 12.526477692232998 
3	1.074	200.000	9	10.0	10.0	10.0	10.0	7.146922039697561	-9.274295808485363 12.152947578592247 -9.398752494997439 11.24681150105301 -9.522754043018436 10.333522833477197 
3	1.074	200.000	9	10.0	10.0	10.0	10.0	10.04443581823124	-8.059357063056323 9.868348157545146 -7.652100508295212 9.06955972659973 -7.253090057378672 8.2813423197784 
3	1.074	200.000	9	10.0	10.0	10.0	10.0	6.461645928568199	-7.857610901414827 6.744370873215662 -7.738192598522164 5.875712250055786 -7.617693832440965 5.066872700557941 
3	1.074	200.000	9	10.0	10.0	10.0	10.0	7.342461741616798	2.1646699145558714 21.88746193294368 3.0758957600702095 21.328579076971923 3.9712048809134113 20.753387065064096 
4	1.074	200.000	9	10.0	10.0	10.0	10.0	8.336057441658054	5.567445793985245 19.424594822030137 6.39673752042683 18.76857472479701 7.215072415575713 18.112103286824638 8.027618261014375 17.456992246418288 
4	1.074	200.000	9	10.0	10.0	10.0	10.0	9.02930372928688	-8.889473248116474 21.913056731394505 -7.948331774835658 21.415780937242165 -7.01545436404679 20.9232125916388 -6.091166793242945 20.43579085696163 
4	1.074	200.000	9	10.0	10.0	10.0	10.0	8.013441885055968	-4.244675630536826 19.666128784204968 -3.3165051777791366 19.21417008615495 -2.393033578870255 18.769704165200782 -1.4762107928962866 18.31953849340578 
4	1.074	200.000	9	10.0	10.0	10.0	10.0	7.18397856629721	-3.121017181574849 16.937160070970087 -2.198503000241903 16.574592802917092 -1.2895012949731788 16.21924476717968 -0.398283625777507 15.860071055282928 
4	1.074	200.000	9	10.0	10.0	10.0	10.0	6.925820455221533	1.1758901892267304 15.098096115390994 2.0908415888368896 15.336890164772553 3.011692382880012 15.589277154365089 3.9535180001852597 15.823603803204344 
4	1.074	200.000	9	10.0	10.0	10.0	10.0	8.056734240107287	-6.488387991652596 -3.906478328877965 -6.542168355638223 -4.833557318297425 -6.600648375813014 -5.7763706553809495 -6.650568134882541 -6.7001267536946125 
4	1.074	200.000	9	10.0	10.0	10.0	10.0	8.887638782368292	-6.017805938228519 -8.3075368552246 -6.338785888804931 -9.128620980599171 -6.673252448667184 -9.950720749094756 -7.015021236176026 -10.776641844311918 
3	1.074	200.000	9	10.0	10.0	10.0	10.0	9.557420015901108	14.624756727483984 -5.898177842637238 14.367995834783695 -6.844145385458911 14.110150353686139 -7.774370348463122 
4	1.074	200.000	9	10.0	10.0	10.0	10.0	7.6240412497657495	14.246283549023191 -9.576865321315852 14.308453633505103 -10.524725631432439 14.323455473387037 -11.486360765482534 14.296378002172066 -12.474564555462957 
3	1.074	200.000	8	10.0	10.0	10.0	10.0	6.9664611140036214	-23.85639214606118 17.10107127575886 -23.48356990356184 16.11527905058478 -23.11801556812354 15.154301731421386 
4	1.074	200.000	8	10.0	10.0	10.0	10.0	7.4569357149360425	-22.12673126619156 13.541493258849265 -22.004804591814977 12.569192592756783 -21.874130021958834 11.607678248624282 -21.726046917452102 10.655618677653264 
4	1.074	200.000	9	10.0	10.0	10.0	10.0	8.303643387875628	-19.514218546123374 1.918794971079456 -19.856776108983407 1.057002368847486 -20.205341239584104 0.192687026285021 -20.569267944628308 -0.6650073325643657 
4	1.074	200.000	9	10.0	10.0	10.0	10.0	8.8354020545939	-20.531376885857377 -2.271367202376042 -20.716202122224953 -3.1954416076146943 -20.913992865755535 -4.116041771076932 -21.1320764352249 -5.036498333742545 
4	1.074	200.000	9	10.0	10.0	10.0	10.0	6.891356133144936	-13.656323365484852 -17.031830951376158 -12.785211914976482 -17.571039201329373 -11.927827505988846 -18.098920004662666 -11.075590639085636 -18.635990116884447 
4	1.074	200.000	9	10.0	10.0	10.0	10.0	7.835730998089864	-10.069947124965834 -20.284387538098535 -9.18718572606021 -20.82403585437941 -8.302241388348168 -21.3774345400415 -7.415151576213712 -21.944840751770084 
4	1.074	200.000	10	10.0	10.0	10.0	10.0	10.534256736553026	22.307405469922852 -7.3761954243481425 22.28502427188879 -8.393446125977176 22.282931894415018 -9.410110222471554 22.2833069862806 -10.440070410384232 
4	1.074	200.000	10	10.0	10.0	10.0	10.0	8.586471161911813	22.961551387320263 -12.237995859997136 23.308878520560803 -13.207746301274014 23.656167960085053 -14.192817867263669 24.00059958136529 -15.196879874220796 
4	1.074	200.000	9	10.0	10.0	10.0	10.0	8.366979995246925	-13.895887669260485 -9.42251716709479 -13.630551892309986 -10.240830286033976 -13.384924256072283 -11.051081386743062 -13.138091876305413 -11.881344627564012 
4	1.074	200.000	9	10.0	10.0	10.0	10.0	9.515471987749152	-12.197565107145087 -12.98922081769141 -12.219711013226537 -13.931496069130631 -12.208989404398514 -14.877852015843455 -12.168227875128954 -15.832425700967637 
4	1.074	200.000	9	10.0	10.0	10.0	10.0	7.655878598131229	-11.247250367020477 6.803899723556263 -11.517811366770193 5.954416715339752 -11.78144138816672 5.129999194920986 -12.03697006987345 4.303822822392985 
4	1.074	200.000	9	10.0	10.0	10.0	10.0	9.031630154837064	-12.339350987276724 2.697257282067254 -12.96686926612181 2.031308939289339 -13.568704579555998 1.402639596490537 -14.158341957844847 0.7965557726843092 
4	1.074	200.000	9	10.0	10.0	10.0	10.0	9.193714294733374	-4.864847738881166 -4.9628365564309735 -4.823602858483138 -5.80717486405645 -4.799264492889584 -6.6059634727434435 -4.784707858533165 -7.427231248179217 
5	1.074	200.000	9	10.0	10.0	10.0	10.0	8.585506797620539	-3.9678415342144184 -8.498735973330461 -4.342873514078225 -9.348647802532158 -4.668260116753358 -10.167767086594415 -4.943830915370926 -10.991116694579969 -5.186608998389986 -11.820699658084454 
4	1.074	200.000	9	10.0	10.0	10.0	10.0	8.306539937614447	-15.5536426231451 14.610541441414934 -14.71472837584927 14.997314211023463 -13.869057224992916 15.367674832263997 -13.02936623351913 15.725716241454919 
4	1.074	200.000	9	10.0	10.0	10.0	10.0	8.877508357585292	-12.023964151670318 16.841205756723266 -11.183082803293603 17.228958687263585 -10.339466744692045 17.60269917968708 -9.48762932839177 17.959570628339886 
2	1.074	200.000	9	10.0	10.0	10.0	10.0	8.537768991905095	-27.931410849634894 0.47567831489974416 -27.342130488307976 -0.4011982742449746 
3	1.074	200.000	9	10.0	10.0	10.0	10.0	8.086208781952863	-26.4591320772149 -2.2730460346352643 -25.654331928526556 -2.9424421570066173 -24.837879980173067 -3.598942352295871 
3	1.074	200.000	9	10.0	10.0	10.0	10.0	7.315175386496692	-0.72340252915719 3.4589372392312767 -1.03391888610862 2.6632628354470853 -1.3760732518468757 1.8249856388303427 
4	1.074	200.000	9	10.0	10.0	10.0	10.0	10.044957061185748	-0.059367408830528934 1.2978090244385048 0.23869636004681274 0.5274139291716204 0.5011521995568279 -0.20956696569672426 0.7515519907041279 -0.9870754645044969 
3	1.074	200.000	9	10.0	10.0	10.0	10.0	8.065496456060716	-17.5716408930911 1.8100192568071343 -17.900861014384066 0.9484205301715357 -18.23259793187579 0.08823381052655044 
4	1.074	200.000	9	10.0	10.0	10.0	10.0	6.8456499613627955	-18.70340386406126 -1.372354771744839 -18.753685016954595 -2.302462342455663 -18.83444029353603 -3.2323730565877984 -18.93831941817281 -4.152316337610612 
4	1.074	200.000	9	10.0	10.0	10.0	10.0	8.825933436547054	14.250036147908833 3.243181311170662 15.155614026345997 3.3759723759429923 16.063264603786724 3.48027246363765 16.99168172687212 3.577784360910676 
4	1.074	200.000	9	10.0	10.0	10.0	10.0	7.406576015948003	18.693227774659828 3.4433188136920756 19.592702999478643 3.831542438035417 20.511981146851635 4.229561743373413 21.422581844316372 4.623197760549161 
4	1.074	200.000	9	10.0	10.0	10.0	10.0	6.947495425668109	16.369509693748657 5.394458878685578 17.256789878253763 5.434645124047134 18.152460774936028 5.47795991245292 19.06799826480678 5.526372030274986 
4	1.074	200.000	9	10.0	10.0	10.0	10.0	8.23904163058115	19.639306531085087 7.077457094467369 20.651950856957626 6.8062120863692 21.64786886900664 6.563358850206156 22.652129938618003 6.327273039263894 
2	1.074	200.000	9	10.0	10.0	10.0	10.0	7.779698097165644	-14.034915671368463 13.352509116175336 -13.450278956975355 12.660817799786368 
3	1.074	200.000	9	10.0	10.0	10.0	10.0	7.288071160377628	-12.632996283042713 11.50703112324689 -11.95128071519544 10.944905053198138 -11.286678833705286 10.404063652241982 
4	1.074	200.000	9	10.0	10.0	10.0	10.0	7.33330239933024	-7.713822449847192 12.402661669405955 -7.241910285181506 11.690724985762792 -6.7452113659756066 11.001188518150986 -6.229218737166746 10.332857757924318 
4	1.074	200.000	9	10.0	10.0	10.0	10.0	8.191619778343275	-5.720664512813021 9.227581378560478 -5.227305781859012 8.659526850769637 -4.765883605313916 8.150966743528283 -4.241481630688271 7.604608152746806 
4	1.074	200.000	9	10.0	10.0	10.0	10.0	9.4713189158362	2.8340533961476173 -15.534682537034751 2.8671183077373157 -16.457432295538826 2.9144572033761453 -17.35480220996428 2.983129051863928 -18.260500909590725 
5	1.074	200.000	9	10.0	10.0	10.0	10.0	11.147010126275646	3.589508864432576 -19.84629504878248 3.722460096497475 -20.81277183428807 3.8510279645073258 -21.798991602136812 3.978031501542659 -22.81102935620461 4.106424808135881 -23.849867216770996 
4	1.074	200.000	9	10.0	10.0	10.0	10.0	9.250847324825248	3.4077192832107004 13.788928740580653 4.285540412656566 13.936741134658256 5.184442432328793 14.07341910218151 6.088649546662846 14.177307737316632 
4	1.074	200.000	9	10.0	10.0	10.0	10.0	8.97926375502085	7.746211368669838 13.590767162817665 8.2775841331529 14.386807234016874 8.85421234690045 15.208819203667705 9.439243228900715 16.01492426762168 
3	1.074	200.000	9	10.0	10.0	10.0	10.0	8.380938563568701	6.299526183686456 4.310833774759868 6.383215819036065 3.370837575924564 6.471428300097299 2.474202545638365 
4	1.074	200.000	9	10.0	10.0	10.0	10.0	7.4037503410304755	5.941990623558284 1.271070863366168 5.878315792645414 0.40207325909249175 5.828384887185212 -0.4213378206070748 5.798853207705118 -1.2148823370743937 
4	1.074	200.000	9	10.0	10.0	10.0	10.0	8.882986474905689	5.5599123394588625 6.597783570282756 6.3053787928970335 6.219645484185671 7.0811949660089875 5.851764776262137 7.858829150150105 5.4871580490738685 
5	1.074	200.000	9	10.0	10.0	10.0	10.0	10.541046484686905	9.168042175645034 5.086534573563273 9.633771955051106 4.291942870168344 10.082489837268586 3.50255362576799 10.498656011007053 2.7274851791656545 10.910981688656445 1.9401327198198126 
4	1.074	200.000	9	10.0	10.0	10.0	10.0	8.931837071406024	9.548255826301085 19.228246996115708 10.167864525945463 18.379111449853223 10.778290900927008 17.55048663555168 11.380675294239486 16.733696263829593 
4	1.074	200.000	9	10.0	10.0	10.0	10.0	9.064769132619196	11.425422339800425 14.867884600007482 11.727424541592212 13.919444966262176 12.005897466785422 12.979585322445608 12.26995047032012 12.047860749929105 
3	1.074	200.000	9	10.0	10.0	10.0	10.0	8.917534933987955	-27.13839264525918 -4.439580256713837 -26.248478276325052 -5.015826639316913 -25.359722240077936 -5.580414058823203 
4	1.074	200.000	9	10.0	10.0	10.0	10.0	8.522784280080757	-25.294873228334957 -7.596867849002173 -24.78980588743225 -8.509551018650551 -24.305082563609044 -9.431921791602866 -23.83880275693433 -10.364850738447624 
3	1.074	200.000	9	10.0	10.0	10.0	10.0	7.324294487850421	10.865890329333038 5.223623533980129 11.616102432958241 5.475481571144817 12.41619091725026 5.7373891842749085 
3	1.074	200.000	9	10.0	10.0	10.0	10.0	6.324285533718237	13.477675275939434 4.762287591791188 14.271526386059362 5.173596832500802 15.029846345341516 5.542182640402528 
4	1.074	200.000	9	10.0	10.0	10.0	10.0	8.09897568076356	4.939877041302518 -17.300664799627622 5.137112230731495 -18.1136888689581 5.347780245319322 -18.94384539966418 5.571343380127713 -19.81100280942512 
4	1.074	200.000	9	10.0	10.0	10.0	10.0	8.864006374280955	6.050817282480614 -21.24743221293044 6.092903231344845 -22.204008416638153 6.151615880276409 -23.199069208137363 6.221305151220162 -24.231992808622252 
3	1.074	200.000	9	10.0	10.0	10.0	10.0	6.982608951667091	-2.683606968409609 22.520265095447037 -2.111200002798162 21.63753646054689 -1.5530596758511352 20.769500480724485 
4	1.074	200.000	9	10.0	10.0	10.0	10.0	8.643156984089073	0.01614319346995722 19.71062747790356 0.41023911268521396 18.774837331156935 0.8099915186555879 17.87688675507157 1.2273746619322452 17.00714271958473 
3	1.074	200.000	9	10.0	10.0	10.0	10.0	8.688516444568645	2.0979863544035435 19.73996550260314 2.555383103447001 18.824289810624695 2.994512451329555 17.905176008126258 
4	1.074	200.000	9	10.0	10.0	10.0	10.0	8.881237192714968	4.72802280748726 17.582289971211107 5.472136781704652 16.930364167056606 6.203140376532372 16.307566115970083 6.94616664428665 15.70921624266698 
3	1.074	200.000	9	10.0	10.0	10.0	10.0	9.673329171189858	-3.3355925613965227 -15.716747020265963 -2.77577655660554 -15.120280128661891 -2.2189619666814253 -14.505532146734046 
4	1.074	200.000	9	10.0	10.0	10.0	10.0	8.629659775424589	-0.9770158149226175 -14.201155510288784 -0.40583624063926166 -13.685571695139622 0.16791379871167023 -13.271010247092237 0.6635199404014589 -12.806289263185002 
4	1.074	200.000	9	10.0	10.0	10.0	10.0	8.01631431505004	-0.9273846314082079 6.7250896267444515 -0.31657965743772504 7.284517147171197 0.3001341468831051 7.834398345517617 0.8983791373053759 8.362211465138095 
4	1.074	200.000	9	10.0	10.0	10.0	10.0	8.590682114150777	1.7300014608186396 8.975977051290696 2.419835257936513 9.441738326456564 3.1269027239713383 9.894887735150386 3.865905973419719 10.342235616212438 
3	1.074	200.000	9	10.0	10.0	10.0	10.0	8.267344583108628	-6.85987042088616 1.0517815010106366 -6.4461298775972065 0.2111288133421935 -6.0920100459277835 -0.5039242108803456 
4	1.074	200.000	9	10.0	10.0	10.0	10.0	7.356320181107133	-5.865038828710795 -1.4023523771748971 -5.401754373212877 -2.1076597946129403 -4.994959902170093 -2.7825018271620294 -4.650651887063203 -3.457763799705511 
3	1.074	200.000	9	10.0	10.0	10.0	10.0	7.963174798529924	0.2566099045038758 -7.702763382615376 -0.08427922139343354 -8.509474951473274 -0.4461844536048473 -9.326788812582274 
4	1.074	200.000	9	10.0	10.0	10.0	10.0	7.701042524820979	-0.8215805359523812 -10.459190378911869 -1.093080811599373 -11.312401202172062 -1.417115712248682 -12.141575117978665 -1.8250690621551007 -13.023537486167918 
