N disks	Disks radius	time	Gen	ks	kt_bot	kt_par	kc	current length	div_length	X
9	0.7	150.003	6	1	10	10	10	6.860736140881462	7.7681340520223605	3.111009896935283 -4.939851871874659 3.573524795323164 -4.883074065382811 4.191847292662942 -4.5318571787049295 4.919808877532912 -4.460486501447443 5.5846045408822125 -4.150389587592571 6.317432624583917 -4.098450513891148 6.99918451704113 -3.8402193318194455 7.707393905237346 -3.747509860991807 8.319491993203183 -3.5582526471561384 
8	0.7	150.003	6	1	10	10	10	6.196741210284907	8.131133724793223	-6.785763168026069 -7.321498332778946 -6.185591091825632 -7.392594195620128 -5.49622415421729 -7.401424384305501 -4.7795721312521655 -7.516341012879528 -4.037895454168742 -7.515692873651976 -3.3177893136330185 -7.626739053342874 -2.627335455705791 -7.643028619405112 -2.0162730019008928 -7.722443803588287 
11	0.7	150.003	6	1	10	10	10	8.334780809664856	10.746646242509929	-4.5512982919395375 -6.176153860798656 -3.9431639969342585 -6.082859004927679 -3.224642622143532 -6.081701398751168 -2.523383130026498 -5.8814742613706805 -1.7872736353791325 -5.882722837804619 -1.09063247285803 -5.641213660408276 -0.35053067690929735 -5.659890312547145 0.339001851248714 -5.402481678191813 1.082273532179106 -5.4263491169739435 1.7390539709458464 -5.1460370827399515 2.203202492583714 -5.1526663017015375 
10	0.7	150.003	6	1	10	10	10	7.763730174399457	9.726546139629846	-0.8146959690852272 -7.1071993694628395 -0.21108912195609922 -6.989195415788243 0.4637388636870368 -6.928397757098574 1.1600408445527965 -6.753918716160845 1.8914312849067432 -6.667685248861294 2.607339778090174 -6.471748636897158 3.333030198758525 -6.352239417871492 4.0339024890407185 -6.149391139360196 4.7277806672423806 -5.999371554801475 5.402961806347963 -5.816148562714086 
10	0.7	150.003	6	1	10	10	10	7.67596570277245	7.809865711411252	0.5982827969388081 -4.110496614699644 0.9955917197764204 -3.7056600296581137 1.3960432439756074 -3.140268126005176 1.9160586438684593 -2.6192848491023075 2.3206710010656404 -1.988397019341849 2.81639848854281 -1.4287845300836586 3.17188134132405 -0.7760925383948506 3.60914996466502 -0.19050070158462987 3.909963955555554 0.43438199822448137 4.229973240571704 0.9597241542178505 
10	0.7	150.003	6	1	10	10	10	7.691238746174971	7.8057537023733286	3.9137500253931448 2.269934114041514 4.286146932656378 2.621633631639174 4.881747047324202 2.9913816566693168 5.403193894010532 3.521165180720577 6.022673912241163 3.9349749855573695 6.538989736167955 4.469843742702716 7.141638598933139 4.899916247907534 7.6555413543917545 5.418924479801485 8.215218465262993 5.846475149675144 8.709604895891756 6.300406151904626 
9	0.7	150.003	6	1	10	10	10	6.920910261936635	7.7785304525023	-8.47763985034811 -5.585312254770634 -7.999824262183888 -5.245154201373467 -7.463635446880724 -4.714180773213825 -6.891214990252908 -4.277126717508194 -6.4058166940276315 -3.707147392213415 -5.802826943296929 -3.268141855414274 -5.302539744621534 -2.7204254661878826 -4.716936439275741 -2.3375169647099248 -4.34171222061314 -1.9723774504378107 
8	0.7	150.003	6	1	10	10	10	6.315981700247335	6.874244832745347	-12.339418043578393 -3.0238741598731727 -11.635044089185476 -2.9918770676017905 -10.940067402458562 -2.9154821124871044 -10.216455683842451 -2.9101752615811507 -9.492516996064897 -2.846731514991108 -8.779019712690342 -2.8847158569429876 -8.028257053179903 -2.87564999524372 -7.432935379774582 -2.9050835415612277 
8	0.7	150.003	6	1	10	10	10	6.277520806173156	6.938537491689318	-8.305624257284904 -1.6330887206089861 -7.708892194159582 -1.563117110863124 -7.047621384094081 -1.3814844125230281 -6.323759744176316 -1.299481688937534 -5.623199199867587 -1.0701922877467345 -4.899549926278487 -0.9176913525254611 -4.189421915874862 -0.6523684531880986 -3.584022576952607 -0.4865436393362555 
8	0.7	150.003	6	1	10	10	10	6.271624891257039	8.817181868758215	-9.789253596410536 5.554390885087422 -9.116485309867452 5.380131828922628 -8.422364966587965 5.225769642580787 -7.726160957888133 5.0409318497860385 -6.997003936918969 4.9529199725263995 -6.280102338806924 4.8429492325193975 -5.596679153785496 4.839375306901541 -4.995653230260377 4.803669115833703 
10	0.7	150.003	6	1	10	10	10	7.771828859395397	8.238764399415887	-7.264248280282157 6.252955718747919 -6.57410780798319 6.244228376176908 -5.896164628465877 6.187644332557747 -5.19453515201716 6.238672370235413 -4.471524014404528 6.20826543572493 -3.7461680867603837 6.309413686673247 -3.0143929877582 6.339426233791511 -2.3048451956005054 6.480753074072924 -1.609226163230426 6.560050971829313 -0.9347300873616056 6.684194225277779 
8	0.7	150.003	6	1	10	10	10	6.154611873101876	7.1842150467093795	-10.572744036727535 4.353015546770334 -9.94976220306401 4.245635450477945 -9.281106782228942 3.991502621228856 -8.543133154797918 3.9244143510436227 -7.877397116629694 3.601332601972636 -7.153341168343191 3.4946020967563913 -6.578403547168489 3.0910836206197394 -6.106197036255038 2.953560173421966 
9	0.7	150.003	6	1	10	10	10	6.8255174292335585	8.830707450917835	-4.806815443236555 1.889523199583388 -4.410362681983241 2.165151568661576 -3.7229699605462607 2.3724695274779233 -3.1308443076241326 2.813804975586806 -2.4299420907844733 3.0565372679441327 -1.842922080101603 3.505078880836593 -1.158972898111156 3.7611302371981497 -0.5476028293881161 4.154918568423804 -0.03255569179955153 4.342515339489812 
9	0.7	150.003	6	1	10	10	10	6.9575558647913915	8.268241769205178	-15.857920105124984 3.0355182853771114 -15.214876750151896 2.848450858595426 -14.557877456668747 2.5931217380089304 -13.845710754636677 2.4303271842112903 -13.157924484513755 2.158580152467064 -12.427825847261179 2.0353834529712858 -11.73530233107289 1.792518137171371 -11.041839751609043 1.7181266260206276 -10.51895725081885 1.5785588142568585 
9	0.7	150.003	6	1	10	10	10	6.9393305276298936	8.130017122525281	-11.013361818189075 3.0834716204994725 -10.398670972358984 2.8790445580651944 -9.686685138868075 2.7497333507900676 -9.00923460564404 2.4596115127681397 -8.277047799378566 2.349697590285456 -7.599150280591644 1.9983841167935041 -6.8720565060833465 1.8685112141493647 -6.241698744244338 1.5161585130957793 -5.7799836186177 1.4510860268613621 
9	0.7	150.003	6	1	10	10	10	6.774947906456397	7.227595491286265	-12.034554536900046 -1.7314607839271219 -11.563763865260464 -1.6758114182198267 -10.99055835057137 -1.2777265588161388 -10.272670914084385 -1.1955419810082721 -9.672635539813623 -0.7799467336513326 -8.948708938467986 -0.6421989614538129 -8.314899369215095 -0.22503579571152565 -7.615211541065606 -0.04218383132670513 -7.164876990334743 0.2403790175760318 
9	0.7	150.003	6	1	10	10	10	6.777162565161557	8.439217652914076	-5.912641940227212 0.0845981835064159 -5.421624062433934 0.3303989399725253 -4.713365532421097 0.4695734871581386 -4.080832988166674 0.8640605668848207 -3.353829018303128 0.9979605984514007 -2.7747276576433952 1.4392934942105766 -2.063056401312591 1.5627706734816733 -1.5107673570095883 2.0027486192393624 -1.049535445744578 2.062082820960241 
8	0.7	150.003	6	1	10	10	10	6.016079881318907	10.328857365975914	-5.200764761141712 3.1613335064537202 -4.855202292244728 3.4717046653169548 -4.164265580862106 3.6767506339863383 -3.610401953510487 4.157589197034705 -2.9080412484834914 4.37106555042145 -2.330637064576353 4.823068164813212 -1.6509085320069368 5.035222885748053 -1.221301608983216 5.324598439563065 
9	0.7	150.003	6	1	10	10	10	6.927009557127013	8.79374005881187	-0.01397501337290815 5.629909851858209 0.43409294030615053 5.85366958968048 1.1107454373207828 6.026514199406634 1.7535576940250548 6.382440669862246 2.4614255918226604 6.601066761448684 3.103986647151532 6.96922979555965 3.7968866054616788 7.213449998477998 4.419565291187129 7.545590320636873 5.039217443669304 7.8035480908965775 
5	0.7	150.003	7	1	10	10	10	3.831452221221189	6.605619212692009	1.555447595720995 1.4998924507504614 1.0738999032855334 1.722479334576847 0.5725185616456476 2.20871127086322 -0.03524609225134783 2.5000747066798903 -0.40797674281776725 2.874786382528907 
6	0.7	150.003	7	1	10	10	10	4.827004997942729	8.775806115566013	1.0865418427412081 3.6376341318261547 1.5823009392301688 4.066288621504246 2.1292832943910143 4.480332173028696 2.6673825952056505 4.931689003269669 3.236888351819824 5.334480879378309 3.7835580622781344 5.748444160044307 
4	0.7	150.003	7	1	10	10	10	3.2037562211256216	7.544342233894387	-3.329313184321958 -2.7922819346020535 -3.024407874425669 -2.2310016765482357 -2.736603512459822 -1.7187834044056096 -2.46931903118703 -1.2068953174704373 
4	0.7	150.003	7	1	10	10	10	3.188100616975313	6.710696697690417	-1.845135434926364 -0.011308514227967045 -1.3832935092237693 0.34905537481678045 -0.8791235172846459 0.6767580433628838 -0.4069683952370978 1.0485888427431531 
7	0.7	150.003	6	1	10	10	10	5.364673347156055	10.65373382022768	-16.468490486824003 -3.1834642151607033 -15.848519492983527 -2.976164791322658 -15.238796579139551 -2.629930382909009 -14.531340489870635 -2.4631703885043934 -13.946671104338781 -2.035633510939939 -13.27947496967678 -1.8711690717266902 -12.926472261320203 -1.5586428288324337 
8	0.7	150.003	6	1	10	10	10	6.230394934033887	11.030731714036081	-13.047342302876913 -0.3015425316245804 -12.40746248010192 -0.141889029774916 -11.71389060299301 -0.03250627732296053 -11.026673695424064 0.20977561453743127 -10.303213293595121 0.34616582391663936 -9.601974441171258 0.6713737041189981 -8.924061876973656 0.8395993851936936 -8.439618820465569 1.0604802126493766 
4	0.7	150.003	7	1	10	10	10	3.5052936186701857	7.926913059373796	5.47943326518831 -2.335899884157608 5.813777648426176 -1.7136137832657068 6.144769826839465 -1.1151314139012725 6.489256900968468 -0.48863284133489915 
4	0.7	150.003	7	1	10	10	10	3.497745800825274	6.714236956372668	7.013663108753646 0.8104545766162303 7.2067192554836526 1.4813355269059216 7.399304557942717 2.1593038187697604 7.588673164106862 2.8278505227168624 
5	0.7	150.003	7	1	10	10	10	3.945400121831486	8.174149500394272	-1.0412878916981505 -4.296906842972964 -0.6922504287348211 -3.767206472443806 -0.3780092484764348 -3.1476833955811134 0.007821490860717067 -2.604724297508173 0.26792530351699767 -2.1197813395261953 
6	0.7	150.003	7	1	10	10	10	4.616982509144894	8.04246812507149	1.2343102540153026 -1.2351072298510628 1.5835593569915918 -0.8006981080992726 1.9175508382456623 -0.18674645178162577 2.3733685551206016 0.37463742408952455 2.674231637013033 1.0245079146424012 2.9686549280986765 1.4548286283157787 
5	0.7	150.003	7	1	10	10	10	4.022459624593942	6.774492059186061	-10.6597372352587 -7.045738004096558 -9.9823170619585 -7.005068727942506 -9.31991461922218 -6.942334906397918 -8.678694405019364 -6.916075370666084 -8.044448561478088 -6.86027663153944 
5	0.7	150.003	7	1	10	10	10	4.102661199345413	7.60015191401166	-6.750886193374438 -5.942357240206909 -6.244353132079175 -5.479751674953616 -5.749330491314575 -5.009968135390655 -5.254888524894538 -4.551493623472563 -4.783544830335534 -4.089610068516411 
5	0.7	150.003	7	1	10	10	10	4.026620940766543	8.301377479912391	2.9081425055663077 -3.564869289781182 3.2999768811337544 -3.0485941944058523 3.679169969365106 -2.50437677216204 4.076601220961701 -1.9700031236489064 4.445925401603622 -1.436054083753514 
5	0.7	150.003	7	1	10	10	10	4.008850465311037	7.900785223985752	5.138978644412712 -0.24542874640719886 5.355658002389483 0.33623440520812753 5.606435527288538 0.9606726999996164 5.805548431326499 1.5901296132976752 6.025934235948498 2.206969461096601 
5	0.7	150.003	7	1	10	10	10	3.8707563234302302	6.7223832742495215	-3.6601531292215745 -4.777291635389827 -3.211280572119487 -4.4423992890513855 -2.7450434758116717 -3.9437546360178506 -2.18651179725292 -3.515682593672436 -1.841111227043632 -3.1211617136594305 
6	0.7	150.003	7	1	10	10	10	4.605277037631049	8.238191604361333	-1.3434686611950104 -1.9397529959508146 -1.0217306992549902 -1.5037149201977904 -0.5008316813780007 -1.0320120417610252 -0.075467497476457 -0.442557506590177 0.45354795428623523 0.010869945207589105 0.7798722766390686 0.4373452095977126 
6	0.7	150.003	7	1	10	10	10	4.6442099411208275	8.332877828430538	6.851183914574467 -2.582011658841309 7.170006293144107 -2.103586188297497 7.462343033214529 -1.4718290596619301 7.875355428824828 -0.874533753896463 8.15565426162219 -0.24386958921291116 8.457579713660136 0.22400817819310326 
6	0.7	150.003	7	1	10	10	10	4.724262704888837	8.137183799524596	8.627195912940726 1.5258173199188207 8.821815606118744 2.0459076019426816 8.978714617631377 2.7068511439177416 9.240035522836195 3.3723937787827687 9.413688949853498 4.05109536369759 9.63329457409212 4.688387013610419 
6	0.7	150.003	7	1	10	10	10	4.733860006329996	7.143471178538679	10.412926340971337 2.576640884390751 10.794390946516236 3.1358170159474312 11.227942087337144 3.680900087613883 11.603471014383354 4.275754499360174 12.02747474829522 4.7954748349852325 12.350892101431704 5.284469906984787 
6	0.7	150.003	7	1	10	10	10	4.744894100465148	7.806810522672944	13.264894065221826 6.264609850437941 13.600171064722895 6.743447631539122 14.038968617601455 7.255393200805412 14.433050716610303 7.841464558811064 14.882450800312407 8.376436596161874 15.28340210090795 8.92708476140766 
6	0.7	150.003	7	1	10	10	10	4.615370961527891	7.41564857076489	2.0764543399089765 2.7051441965652328 2.5317665488048977 2.9888701846574732 3.04293077101065 3.4687738982180822 3.671918715118265 3.8454588621853047 4.180527753411337 4.329405078920189 4.636680058953567 4.623126399413496 
6	0.7	150.003	7	1	10	10	10	4.70293580497629	7.579053120747945	5.492086002577763 5.59149263176118 5.942179182594922 5.886110198142711 6.451863681284844 6.331515386973384 7.050853070126641 6.718118581591493 7.583417350282439 7.172778880470328 8.131319760198236 7.566943430837043 
5	0.7	150.003	7	1	10	10	10	3.9599892638541725	7.718204351748508	-15.465259520895975 -4.289933079636029 -14.771844679720358 -4.289478547666039 -14.073231229351613 -4.288304609434028 -13.412986238688488 -4.287543580428809 -12.905273790535702 -4.286132970256444 
6	0.7	150.003	7	1	10	10	10	4.576125457640698	8.478848597791686	-11.658437904496825 -4.4558309170307355 -11.149129188575712 -4.3533013897539865 -10.444590001560407 -4.388252541644443 -9.73431477996325 -4.214932702940232 -9.027316650919145 -4.237115336515942 -8.531902221264879 -4.104986507646555 
