N disks	Disks radius	time	Gen	ks	kt_bot	kt_par	kc	current length	div_length	X
13	0.7	200.003	7	0.1	10	10	10	7.967767545178088	8.387550057595371	-20.799384665056856 4.826108971246495 -20.44113574036008 4.3072357569103 -20.11586814728781 3.84592317086163 -19.72954445319946 3.3859075035677875 -19.3891071206578 2.9782216386155693 -18.994616994554384 2.5986300636570108 -18.598536856355988 2.1635752193706335 -18.180611172934004 1.8098130721446168 -17.79312041280144 1.410387860076029 -17.33090644935313 1.1162182940679655 -16.88305834074379 0.7842070084633058 -16.360871645118035 0.5873381101869376 -16.065605214061005 0.42359119919047383 
10	0.7	200.003	8	0.1	10	10	10	6.510331910877914	6.842085804934813	9.102262731921892 -12.244157920599154 9.357220278129912 -12.008623068142073 9.910104886334752 -11.668375354614815 10.339781748706228 -11.223360439815904 10.826629463360925 -10.871764043854471 11.248822708892012 -10.431706892195463 11.755384298763463 -10.095552883422798 12.213823090127244 -9.697822133348334 12.7267400657588 -9.385638273687832 13.10062517398493 -9.101255301528573 
18	0.7	200.003	7	0.1	10	10	10	9.548587625861128	10.133438447104938	-5.018423200434943 3.073200225051488 -4.800195030827507 2.8351976676426944 -4.364758322297337 2.5789922829624197 -3.979826028284981 2.2451219842880237 -3.503036359638363 2.099984631919852 -3.084504015423825 1.8500137630990288 -2.55630167021472 1.7704278396190292 -2.0874511699984835 1.58319144639603 -1.6087304337439163 1.6575327339911712 -1.1123980505020035 1.606424766981503 -0.6476007952154099 1.810285444300105 -0.1473900025449273 1.8548027236844649 0.2760901146159883 2.115589627473914 0.7684184040545737 2.1662812365293296 1.2117025761348625 2.3990865523148073 1.7095738582717188 2.370713183625703 2.159844469201292 2.538835960042328 2.4783150444141966 2.5021238549686857 
10	0.7	200.003	8	0.1	10	10	10	6.478532141582788	6.844366347884179	-5.161346690766224 -10.731371614779658 -5.181554303534272 -11.105147175922406 -5.436908542205934 -11.661058999073292 -5.548677090734433 -12.25080251744788 -5.871605220833432 -12.766276278891397 -6.068767732090363 -13.342755442028169 -6.418878001686074 -13.842180948467343 -6.660206452495759 -14.40067149149052 -6.995754441633004 -14.893638134060827 -7.199618786678811 -15.306028618942923 
13	0.7	200.003	8	0.1	10	10	10	7.783943730805452	8.062012511728206	-3.968488679157923 -10.804172853140669 -3.865982946994466 -11.133095713836399 -3.95127369080706 -11.666084697099494 -3.8189872791847232 -12.199522610502433 -3.869078826279786 -12.748234678973537 -3.694163964035506 -13.26569866618603 -3.603002038811944 -13.820729277256023 -3.319721204850471 -14.304514653767995 -3.0751827785768326 -14.809365244160345 -2.7208151533322376 -15.261345767746695 -2.39542813365149 -15.732002682285358 -2.0429019297956534 -16.15605813141828 -1.7546857552819797 -16.528344480324904 
12	0.7	200.003	8	0.1	10	10	10	7.35092282545231	8.584275704211077	8.449221637633691 -9.692270487405064 8.830327739869176 -9.551010430283934 9.370279083421666 -9.452758471196576 9.903257655145891 -9.223866517218575 10.462091775882348 -9.072792143038114 10.970517949029002 -8.785017644178561 11.507530943670776 -8.562374909176803 11.974523204217515 -8.227276779302773 12.505827114322448 -7.947440348211989 12.940483535879137 -7.577525572741806 13.42361951619131 -7.276950222557625 13.67942739777556 -7.029182761951888 
10	0.7	200.003	8	0.1	10	10	10	7.044181888087994	8.036199218070609	12.103763765132635 3.303069735403918 12.4531418863759 3.3651379518337214 12.922692597885717 3.313412923593912 14.474216755460507 3.526322426726914 14.978840580076035 3.556010941031841 15.532603312696937 3.6797343116910746 16.127641253113232 3.7057776799513884 16.765789021714546 3.8000617260333427 17.30492312632251 3.7837771780800424 17.700984802666373 3.8220107568353785 
12	0.7	200.003	8	0.1	10	10	10	7.431887491845631	8.779073723061364	16.381169391969653 2.550592847119785 16.55631134656715 2.251783077582254 16.96232948028307 1.8581881514551168 17.2532721707465 1.3690181669015773 17.651430805808392 0.9601638772951007 17.93244030916191 0.469420470554935 18.30018883710412 0.02255195439213339 18.552695419228893 -0.5062091585452819 18.857563490652375 -0.9865406201172974 19.07991359039885 -1.5115939392024549 19.34868939253226 -1.9969868385235805 19.587610441619216 -2.4991052496814925 
7	0.7	200.003	8	0.1	10	10	10	5.121511518485319	7.10709596285847	-2.419963616187267 -13.283476755604601 -2.2016569799420442 -13.68109161106961 -1.7628057021186232 -14.185438196177243 -1.4410432111264355 -14.753539842009538 -0.9350982294565815 -15.330034555067966 -0.5516728424541534 -15.844591643985652 -0.18095781183240145 -16.234121358053464 
14	0.7	200.003	7	0.1	10	10	10	8.342321396052947	10.291712732552167	-20.777502323621217 8.160764399341344 -20.316614478798144 7.680897455813197 -20.005315281356904 7.32672045715832 -19.628032295656464 6.943648297267751 -19.273874964498788 6.522443754415774 -18.896612204056535 6.153435015423405 -18.525371858528214 5.745979669095233 -18.06367380831729 5.367017715537774 -17.71240053885881 4.994082933056445 -17.264240779399415 4.649608522378685 -16.892148017769895 4.254628386604341 -16.420452057827227 3.9476666267626843 -16.043639434820474 3.5696384036543294 -15.763617832178914 3.4057545324187712 
11	0.7	200.003	8	0.1	10	10	10	6.883440387877661	7.705317077016385	11.331604296158599 -7.077856620745559 11.668378550286594 -6.926542390014085 12.07377450929004 -6.512261513945478 12.619488761350482 -6.254168082449487 13.035646545321798 -5.818963405369185 13.562671725426645 -5.557979986004696 13.957293804718715 -5.1192323283695895 14.47067766507736 -4.839929153309176 14.887411334660966 -4.377962693056485 15.389948907135402 -4.099221339668522 15.627451641098636 -3.8164234917766713 
11	0.7	200.003	8	0.1	10	10	10	6.916773255288126	7.453942471599975	14.755996588900071 -2.923183006942619 14.79803781314315 -2.568936414436714 14.684610918718697 -1.9944713977457933 14.738702516491337 -1.4044626596939958 14.617285842079003 -0.7967395238833072 14.59855680910705 -0.20439817136983487 14.370942877284557 0.33546284211476896 14.244841373818193 0.9231516213595163 13.960585930598711 1.4491235782264071 13.807391976901881 2.0429860167476206 13.634237671974217 2.3716770110055094 
9	0.7	200.003	8	0.1	10	10	10	5.9755383882955755	6.477025694352488	-4.144561637638878 6.752488434582103 -3.854301691833063 6.4815863067521935 -3.636747316945737 5.8965196425067905 -3.172294775377049 5.464255737424818 -2.9635399185156617 4.861754521610547 -2.5406923274459086 4.3868981910664475 -2.458211576886354 3.758255362251637 -2.190384035750054 3.2003641364658377 -2.218601186129485 2.8079227933034856 
11	0.7	200.003	8	0.1	10	10	10	6.873183445940169	7.634972085396285	-1.1510069979616104 2.8961163898551012 -0.8683204392210753 3.124065440859396 -0.2874541066672515 3.2448432170030395 0.19179556422613536 3.5766949815415208 0.7726091177660648 3.605217740670908 1.3162584154635624 3.8119311495834265 1.9012886514730625 3.7099347758266528 2.5010073891448195 3.7923218856414116 3.060662951077846 3.59994911591865 3.6515439561348244 3.585717295560593 4.010949481766333 3.4378567783258758 
9	0.7	200.003	8	0.1	10	10	10	6.015206076647882	7.24198359443261	-13.877825217902409 1.7330122348485135 -13.562182920617744 1.4975487295892287 -12.953413757087322 1.3760756848835678 -12.424010613294493 1.0247308258245607 -11.748288780423762 0.8524401495098968 -11.269347187219276 0.4651826145278247 -10.680162420115677 0.26929340173195665 -10.2533088941052 -0.1852437208087821 -9.87727053950603 -0.34241358915570097 
11	0.7	200.003	8	0.1	10	10	10	6.884628485806257	8.575704270692276	-8.945034828607149 0.1653569201981186 -8.791432608855517 -0.18758438021306983 -8.360690248389254 -0.5540871617343879 -8.119469550426947 -1.1008658774264672 -7.682726296260246 -1.4910604098681823 -7.460701707799426 -2.0438656779345576 -7.049595685441194 -2.4758833253500856 -6.857637233406435 -3.043931063300231 -6.480336693772243 -3.51180287001403 -6.318897824361468 -4.087183357317406 -6.103265862441028 -4.3761122352572315 
11	0.7	200.003	8	0.1	10	10	10	7.088533304134295	8.587664141664504	0.5891943779502101 -11.366245316685786 0.935458270334379 -11.44364780894272 1.3932457758123749 -11.769751598660982 1.947234708392393 -11.879364668915914 2.490782480737196 -12.144921170845437 3.116581835894112 -12.234680840447915 3.652313825560321 -12.453834406227278 4.220710164808496 -12.58679430449589 4.6878321405152175 -12.853255184815813 5.2897750454131245 -13.15032572064051 5.800801177524903 -13.461248404440544 
11	0.7	200.003	8	0.1	10	10	10	7.283921321571844	7.771963510480684	5.759552499534441 -12.001017523975882 6.105117745831089 -12.170643113167573 6.6601971844137395 -12.441459304375764 7.153289954732889 -12.686660861408939 7.699693446266496 -12.945330348653018 8.179861421456545 -13.153527605937496 9.03953595807409 -13.457068159476556 9.530624449794583 -13.59048448138657 10.09003391908856 -13.709411739345718 10.59786380480774 -13.807237149613782 11.28007168094849 -13.92962403557362 
12	0.7	200.003	8	0.1	10	10	10	7.6526165930001735	8.572414049107834	15.94432783980948 -1.2890611509768188 16.03982285968486 -1.6186723470344415 16.324178005994955 -2.092884414965607 16.492200122692275 -2.6400783029568844 16.720508193878906 -3.13271671694499 16.81155719793553 -3.721920431880645 16.88688044037707 -4.315194638920397 16.82757284673186 -4.819328567854382 16.76231234251284 -5.3803460951992035 16.560796676184516 -6.2071224206890605 16.414697051050368 -6.721939145421879 16.23244957289186 -7.281368051203886 
10	0.7	200.003	7	0.1	10	10	10	7.067946217250713	7.9282833967144075	-20.8352263743862 2.603103900086195 -20.850204196870568 2.1507425023381392 -20.86869763292429 1.6593818391566517 -20.894474022819985 0.8620584786308697 -20.926819622731045 0.09169670197482739 -20.968396185930942 -0.5803225198197685 -21.010714965657243 -1.185443680454219 -21.10034766186846 -2.2127758597361016 -21.111558253768347 -2.66622742342147 -21.14277892392709 -3.055095794194858 
10	0.7	200.003	7	0.1	10	10	10	6.483465928952283	7.6883834528496635	-19.863014724895685 -1.975795303680462 -19.571285193188096 -2.2417723722540375 -19.0489943999017 -2.5473747558880846 -18.58207273330925 -2.942917225662506 -18.02542859204232 -3.2162152476397203 -17.521201704211 -3.5692655359614562 -16.9375188683659 -3.7734319248037314 -16.39527597575711 -4.083454083907229 -15.800815082904432 -4.262007184628602 -15.481606835837008 -4.453601334002146 
10	0.7	200.003	8	0.1	10	10	10	6.512566665482144	7.463135366901532	-15.861745149362132 -8.927912133249169 -15.413726748035465 -8.790640146175964 -14.886390514137096 -8.562086553199482 -14.24188784278323 -8.360758280288616 -13.710562402262585 -8.095406525550732 -13.122169020242644 -7.973483868308042 -12.537875166646135 -7.775529746571247 -11.933363634883055 -7.788161869250397 -11.335200850615557 -7.682637182291459 -10.967200231245595 -7.723719283300673 
8	0.7	200.003	8	0.1	10	10	10	5.61401377289366	8.13925512313931	-8.883578895181547 13.49765459605575 -8.710212406883315 13.848965668931088 -8.26931764982735 14.338399085508694 -7.9585189807432295 14.922103050381788 -7.5423627758286464 15.428431750963194 -7.242511799932215 16.007675535137555 -6.881968899286022 16.51394092131694 -6.60407240957678 17.01509115407999 
10	0.7	200.003	8	0.1	10	10	10	6.601278095623144	9.64217935470519	-5.617128077921755 16.05214642423751 -5.25091074505573 16.129845771803435 -4.640750587517546 16.18656772794228 -4.050314385243205 16.305278649884283 -3.462215115624777 16.36529760584334 -2.807889347595034 16.48513930052041 -2.2308359554500288 16.536498632547065 -1.6599505038772333 16.626355443344547 -1.0341451953966954 16.688848136092183 -0.468993588858077 16.75774819173906 
10	0.7	200.003	8	0.1	10	10	10	6.526362647426074	8.296386057012189	9.537862249137516 9.571444951419016 9.858104298062552 9.355661199129193 10.440949744475152 9.17286009619741 10.96687598943886 8.887489930005561 11.583190905200633 8.780474622909006 12.164577994338467 8.59379197641313 12.765229019495882 8.587421473419688 13.345147286925672 8.50202441921859 13.995756918437921 8.509004696685537 14.451141440122585 8.466747120645664 
10	0.7	200.003	8	0.1	10	10	10	6.639014087300987	7.967195861431175	13.64637397646319 7.262020630550606 13.982412458203225 7.0708768633519625 14.534073656755185 6.861220860906112 15.051243407623415 6.554124988782804 15.607855998382231 6.319596313298092 16.13619532852132 6.005616516358292 16.680869667269477 5.76416148304229 17.202604177665616 5.480352442092927 17.744533463374733 5.248974395358493 18.348196445185124 4.974329418288553 
10	0.7	200.003	8	0.1	10	10	10	6.5594199302188	7.964726607485434	-20.089951138050722 -6.891229721061077 -19.527442122489276 -6.969576046493338 -18.96442916154783 -7.090864996392112 -18.36391965505198 -7.143794609772445 -17.770985182619448 -7.277560325476919 -17.162797266736934 -7.291292727484905 -16.57376241797238 -7.394399525448408 -15.958321630823816 -7.3328100967604355 -15.34234374160766 -7.35880836358844 -14.988414822129775 -7.2759294870785025 
12	0.7	200.003	8	0.1	10	10	10	7.285377582916208	8.92140208658116	-14.050836615799446 -6.548499446422243 -13.695404862620702 -6.458976255846346 -13.12676516504792 -6.494873813196878 -12.568038101445 -6.367958347695606 -11.999552075652764 -6.4420988969552795 -11.426971677878846 -6.336845584119926 -10.84938099416698 -6.4490302799728365 -10.288953891477233 -6.386504966477922 -9.749460723005702 -6.586163853838809 -9.179609510641253 -6.603001725457809 -8.679450413855122 -6.879259770661185 -8.329609216408397 -6.914528121509037 
10	0.7	200.003	8	0.1	10	10	10	6.444845328717403	7.137226265369252	3.5935441142432265 8.871983128606557 3.982019922465849 8.940772176642993 4.5739211534050686 8.811473653534794 5.180521164636063 8.851065751441102 5.751144898042037 8.607083254985056 6.361682497050955 8.576080060500113 6.882803401570359 8.25117732666239 7.485115871177605 8.11460768325054 7.9184819950217715 7.715117197319665 8.288582812458266 7.614472182483227 
12	0.7	200.003	8	0.1	10	10	10	7.260323817775227	7.928624608243714	8.679925029170347 6.706302940271618 9.03968872209404 6.728548464250371 9.534874742913303 6.487384157168655 10.096466658283063 6.458004555612192 10.548838549244682 6.104460873500666 11.089300132799002 5.89934100993653 11.465472611481971 5.46673955214518 11.989577318613762 5.235702214639523 12.407104747481252 4.845805970312722 12.954932966224211 4.693036034298883 13.439073563590794 4.368801320940318 13.796303626973096 4.290188816994474 
8	0.7	200.003	8	0.1	10	10	10	5.497315572785409	6.676389719799932	-9.006877987051373 6.878047209238172 -8.8772096733161 6.499478272492179 -8.366846358711438 6.083937795571484 -8.133183769386793 5.469397709556565 -7.611911089623538 5.064889095852267 -7.353326480775318 4.45761883112444 -6.82222811346894 4.1011364656994065 -6.631483316856566 3.724632182321369 
10	0.7	200.003	8	0.1	10	10	10	6.447822854064627	7.620967047966982	-7.457483062540256 1.9770931826081508 -7.119191431665146 1.7691043361626293 -6.7869558176987175 1.268448770805351 -6.253017052531866 0.9408941759506168 -5.939065110286167 0.4084048406009256 -5.4662823488264385 0.036397173129277774 -5.285346644167884 -0.5292910066910403 -4.91728970672226 -1.0121618151451177 -4.833038025514263 -1.5986120328948237 -4.627887306307936 -1.9537758173753517 
10	0.7	200.003	8	0.1	10	10	10	6.445700283299111	8.344741318577722	-0.12419189524229517 -7.885644107238575 0.2609814723301267 -8.004283030699439 0.7509326343453407 -8.339484277389772 1.352749969164163 -8.422249512282267 1.9382555087992714 -8.662490665590633 2.545755975456879 -8.603569787061174 3.1841939550082157 -8.671512933745982 3.7134926426106145 -8.375552194719926 4.268899074721436 -8.273374271706581 4.543772537367289 -8.003625266712008 
12	0.7	200.003	8	0.1	10	10	10	7.303069630517619	8.718276096795973	5.285388779701254 -8.215427509194422 5.671823712211966 -8.130172244023907 6.077377399478467 -7.825073057117098 6.634335780063864 -7.742260555516298 7.117915341940234 -7.443506056769565 7.683258952113023 -7.323080424229699 8.200391671667909 -7.037561206727609 8.770074698068157 -6.877002616265019 9.292862444853794 -6.596272800069817 9.851706473788399 -6.40259821990722 10.357844892054933 -6.097049313348826 10.668033585543691 -5.979679718549088 
10	0.7	200.003	8	0.1	10	10	10	6.427445123197568	8.486594774341867	-1.6065746043311178 -3.795504046228159 -1.2487572773171436 -4.002212388772903 -0.9079838941256639 -4.486274027479427 -0.3469381132792243 -4.712978712784702 0.072899038313683 -5.147448751589393 0.6664368555124037 -5.271475631632642 1.1332604521007374 -5.659166516925337 1.7210737605319537 -5.776467164780019 2.13460725781275 -6.181378157257027 2.535313713807423 -6.312450566594644 
10	0.7	200.003	8	0.1	10	10	10	6.4161268263921585	7.9906973189146875	3.032911988689926 -5.564096097507761 3.411559312200562 -5.659153622595435 3.9537385848806617 -5.459790462655037 4.555509492398749 -5.543478757747387 5.0783179595175785 -5.2452747231294845 5.68025324988754 -5.230344371592025 6.196926263963283 -4.911223447495969 6.798659167553252 -4.9045862476322215 7.348271480965998 -4.652273947396148 7.770960777752505 -4.653156627124053 
10	0.7	200.003	8	0.1	10	10	10	6.741047169450701	9.03215447613704	-11.962710680402042 7.487838053387063 -11.73463427339113 7.630757952203276 -10.855207367548159 8.361032618032803 -10.430707210680287 8.575675790001936 -9.938068741850266 8.921077900431072 -9.340332952851668 9.182216333863703 -8.790635005953249 9.612255341162966 -8.269696099409078 9.852111072915369 -7.899040696689008 10.290947584888158 -7.5761689743443466 10.434383046785065 
10	0.7	200.003	8	0.1	10	10	10	6.6263688791969155	7.850032756894846	-10.191346214743149 9.979125007625901 -9.807652122354263 10.304658791177191 -9.472656394287009 10.730579995982774 -9.024104457838163 11.118963425134863 -8.675181354813452 11.618576036326997 -8.265612971956857 12.083525243099986 -7.948723495046907 12.574160649703618 -7.487130475351777 13.169985085015078 -7.122336820993629 13.664529105432395 -6.858903441250941 13.974323921676852 
11	0.7	200.003	8	0.1	10	10	10	6.88456169959769	7.904436337972735	-0.7598505179348924 5.844011202086269 -0.4543999057188329 5.600393213938134 0.09955110273613635 5.453306202409619 0.6027342355719851 5.160278964290748 1.1855890007075283 5.155371916942752 1.748762240663407 4.978538132230863 2.349513839827389 5.052410908873705 2.9247660418967514 4.881397575420777 3.5057631212422473 4.893695896141641 4.011502055459525 4.628574728793696 4.413742891322023 4.562014930342689 
11	0.7	200.003	8	0.1	10	10	10	6.9035698677455155	8.049844462270233	5.106378730010764 3.3941311919426886 5.2743818007397225 3.043693923309365 5.371163775380804 2.4759706232433345 5.675907851793616 1.9760390370535885 5.846796994251806 1.4065523161954572 6.222862194438891 0.9412728075237435 6.483569611727101 0.40303626969306666 6.95024192788474 -0.004253413033387658 7.306618357184669 -0.4887986407457566 7.780392020294034 -0.8174042389341772 7.996733396830912 -1.1116005466752141 
11	0.7	200.003	8	0.1	10	10	10	6.8925623367986955	7.553041961954321	7.847009903488607 3.7228206573018543 7.914751238324403 3.362362214099851 8.222166158311126 2.856703802212217 8.323300389547796 2.2736173555517456 8.602203712778485 1.7563991116458932 8.653045303346715 1.1391021641305112 8.87489646578468 0.5818358302216933 8.892902724860685 0.0005071771496510669 9.167197711243091 -0.5288298511813369 9.273596835514155 -1.1165576774979311 9.474888311468872 -1.4154366535866774 
11	0.7	200.003	8	0.1	10	10	10	6.9157912698979	7.621402879554925	10.165054852564827 0.30720642096637696 10.350599050777198 -0.004058179402659574 10.465993080271012 -0.583529816536514 10.769930271428116 -1.109329083976585 10.91424730810942 -1.6682891139633875 11.252230548873786 -2.169359586332134 11.471054470112776 -2.750094821302382 11.829942644550448 -3.19835939346341 12.09625108499643 -3.721456460170832 12.497375814443057 -4.126911910744092 12.725091210559631 -4.481482792675989 
8	0.7	200.003	8	0.1	10	10	10	5.547370002074668	8.821699484943316	-16.5436222526443 8.419809004368869 -16.06283505138994 8.568485212404365 -15.437712349513635 8.65692718134534 -14.849391431262072 8.928688495584096 -14.213754598647565 9.08174006148626 -13.674493553497348 9.457313399448703 -13.063635202855975 9.6810708792793 -12.758771892204276 9.944949083215704 
8	0.7	200.003	8	0.1	10	10	10	5.65066310960043	6.835791535931303	-12.582443158382274 11.091323948332134 -12.300051276343284 11.35960179183309 -11.9593508307105 11.913029810495033 -11.50795303939604 12.391629563401926 -11.15586904527641 12.950940696059194 -10.71434826944724 13.437107007373326 -10.37114568757794 13.93491856380823 -9.965924062559402 14.418719278750306 
11	0.7	200.003	8	0.1	10	10	10	6.90822511662698	9.174792499376188	-3.7488453485647444 -2.1621388101380177 -3.4709759954093875 -1.8810716939903689 -2.9474353132977815 -1.6894645602248122 -2.4728887297813746 -1.3056516984984579 -1.8747635861517273 -1.1620788267495366 -1.3822160466808653 -0.8732309686634949 -0.7741156951015649 -0.8187195567079492 -0.177061048183951 -0.6528345283756374 0.3882914834353324 -0.7827395436056515 0.969370140346946 -0.7728131199553897 1.3100636925458613 -0.9108266446555797 
11	0.7	200.003	8	0.1	10	10	10	6.865350300667545	7.416867543679685	-1.6286937897566918 9.490485853848785 -1.4156485225342814 9.183140570478074 -0.8853100764848578 8.883777937543087 -0.4667316438850351 8.454956319265385 0.08970319145491054 8.310429951011487 0.5688662650046213 7.970863257338713 1.1548799154397429 7.918694920102744 1.7050811266671302 7.691059655883255 2.2868879310506554 7.771474075483525 2.855841741701151 7.650563717631422 3.2140193538469313 7.735889862741924 
12	0.7	200.003	8	0.1	10	10	10	7.314810751151056	7.864720988402125	-9.830537303005144 -7.914077773083952 -9.475356787930918 -7.96286946897413 -8.950147758394811 -8.189886134440151 -8.370868970613264 -8.238434598348261 -7.826479245238035 -8.412346934760821 -7.257602885203447 -8.386031617288172 -6.700843129496943 -8.49345466270549 -6.117339760040887 -8.384757184402794 -5.509995022925135 -8.395454149416873 -4.952950598565349 -8.248054367130742 -4.398100646031521 -8.34381614621743 -4.047440743015553 -8.29139986385806 
12	0.7	200.003	8	0.1	10	10	10	7.352790296603937	8.194937484936725	-3.6748438589418346 -7.037811626504554 -3.4148785520652942 -7.2547533950577625 -3.120655220181731 -7.7771097866216365 -2.7186444087061314 -8.199862890343532 -2.487755556663592 -8.716711415028596 -2.095834485085132 -9.135830846437845 -1.8393261080495518 -9.662270444230689 -1.445659785072349 -10.096632229352725 -1.2010859187229068 -10.625327918682059 -0.8256693603012433 -11.079875404443548 -0.6084179725927084 -11.580027958799347 -0.36575946475825893 -11.900817089363532 
12	0.7	200.003	8	0.1	10	10	10	7.3222834376573225	9.309779687624118	-2.587487608774347 8.689456824317022 -2.284072078963949 8.431378031011267 -1.94418026472861 7.972769920475937 -1.463343400394454 7.665561996678703 -1.0534761551740142 7.277523688863596 -0.5182345475838749 7.103426425659198 -0.004578511150795276 6.798970051414743 0.5626309510632604 6.700801560281862 1.0836897324719303 6.460736973744407 1.659454891209119 6.437135073250038 2.202932068610114 6.2448246706537445 2.5589934819378195 6.247348408758295 
11	0.7	200.003	8	0.1	10	10	10	6.838478605072101	7.596897033326433	-6.403901256370651 -7.324535132120226 -6.023368739549351 -7.275247944071953 -5.560025419459812 -6.930275545561802 -5.006626974240458 -6.7664814516102805 -4.673759426041683 -6.293137060463784 -4.164850372724026 -5.9861874054679545 -3.897803456438204 -5.472262052166745 -3.390823736142731 -5.13755853170046 -3.1173438089249115 -4.6276473493308785 -2.6279404413688274 -4.321580832533109 -2.4426493440327532 -3.9846896234134785 
11	0.7	200.003	8	0.1	10	10	10	6.874051849022273	8.370380314820526	-2.884498065734483 -6.031686774272502 -2.5739927162148377 -6.230948447562713 -2.2882703298693716 -6.743867813511157 -1.823828001092129 -7.106914629068084 -1.610949148111404 -7.652256112229163 -1.2066429298880341 -8.069418684227184 -0.9989948050029016 -8.642719994519078 -0.5673654952212622 -9.06272552141375 -0.357902070271713 -9.607263581566446 0.036854376213435035 -10.04174391920664 0.15906224306121888 -10.401192521066212 
9	0.7	200.003	8	0.1	10	10	10	6.025699975651522	9.005818486351338	-6.209392697300157 -5.91499046330765 -5.863985496869823 -5.737802047681801 -5.4749959561694865 -5.241819117160381 -4.923712234215076 -4.92282182853122 -4.568220278303093 -4.412698201370761 -3.999162605196622 -3.996107984945275 -3.6689449604749402 -3.488808865742493 -3.105612393695936 -3.1929247620387837 -2.83857196412092 -2.892960299677457 
11	0.7	200.003	8	0.1	10	10	10	6.85219765892553	10.178181957015475	-1.98946421366161 -2.329717015075477 -1.6308576890946944 -2.4025772307780775 -1.2082252553280046 -2.7830244646080415 -0.6158463368457879 -2.9750148599734594 -0.20970094289212007 -3.403299191837451 0.3415318751561245 -3.6063872764716725 0.7649484429257315 -4.018688844453957 1.34830646599305 -4.1332083542470945 1.8480456923020683 -4.439879483483915 2.417459384725609 -4.446757044536787 2.7558413984192223 -4.6105425166235126 
12	0.7	200.003	8	0.1	10	10	10	7.305340120397165	7.995935053438893	7.405153988399238 6.440785791201253 7.681773363366179 6.220065291263744 7.9871137454716425 5.715269641581274 8.420316971277659 5.338128577317292 8.635895661223941 4.814185085536924 9.009850610003152 4.365534961694569 9.164732335611177 3.8039839453953204 9.481480558230233 3.3246372864321634 9.571200694777568 2.757281310526515 9.831057094371493 2.2436918807402324 9.860213998332213 1.6761768237337864 10.001877158053478 1.3439364853095446 
12	0.7	200.003	8	0.1	10	10	10	7.305083895442202	8.665323216404458	11.210760092480802 1.4116287115978619 11.261729251466761 1.0561451013841956 11.55176548681849 0.5693047622018652 11.643289216351615 -0.0018877805063561084 11.94336022837921 -0.49611293608758356 12.060204717466974 -1.058663276748668 12.406952215595545 -1.528912472954531 12.608460837532748 -2.0725494422923894 12.99771671264988 -2.487427922189002 13.235692461998172 -3.008817467098444 13.625367645810034 -3.4263602150209764 13.780451411629661 -3.7632233728643616 
11	0.7	200.003	8	0.1	10	10	10	6.876773176375435	8.369978672495199	-5.438904170080828 -9.511281178132988 -5.064875649479471 -9.566501962599837 -4.46989043494392 -9.510509145323029 -3.9043055164724514 -9.68363572555004 -3.349217786002926 -9.830407690286915 -2.964157347129446 -10.274473901733266 -2.5411940131024386 -10.703707236098294 -2.3239146011377634 -11.259915431478099 -1.9445251968311825 -11.715067002327135 -1.7312891422866652 -12.26092855458766 -1.4768433709267204 -12.528637822054765 
11	0.7	200.003	8	0.1	10	10	10	6.953881426873563	7.380687207371655	-0.6982532540007625 -13.266331993679259 -0.326954494564244 -13.162939560659344 0.25722539584790083 -13.18408972529477 0.8287436089838458 -13.093212472777207 1.394451886358173 -13.231239778786026 1.9846290279830796 -13.262187796680484 2.543634672076807 -13.490501005711591 3.1345599303016165 -13.614575909867343 3.665332006213541 -13.872645255448711 4.207482576396149 -14.030425027341769 4.6345369037709 -14.225336842513622 
7	0.7	200.003	8	0.1	10	10	10	5.0381894778456555	5.506993686113472	-3.6135977681974074 14.226274192315953 -3.9218423615019278 13.91361889603264 -4.5586530910018 13.611950463117237 -5.080142321581374 13.169553304366351 -5.728153185542793 12.948713584011406 -6.262363110816709 12.503627632748687 -6.668657359009206 12.360739469841697 
9	0.7	200.003	8	0.1	10	10	10	5.996287666645511	8.34193647063811	-5.263078837003029 11.764533089458778 -5.357540527311217 11.37583322206538 -5.261050059370945 10.755464029091605 -5.3610694937374985 10.098166776447245 -5.1960185970634 9.463413448862218 -5.27734265580749 8.860767576493199 -5.023264083253014 8.265805020230026 -5.051127674208987 7.668325185788831 -4.857373104104623 7.324637504374453 
10	0.7	200.003	8	0.1	10	10	10	7.455830605917333	8.576061940592236	2.7156436866559734 1.3449852775474496 2.985787871998171 1.1116634534194578 3.2474773020471153 0.6060352901842191 3.670471626524687 0.21966958388497376 3.9204387944332972 -0.2964102537731437 4.334268288200771 -0.6984530103023152 4.525345849136127 -1.2332544196156283 4.771527547400295 -1.5939470585676911 5.246440229112511 -3.710399505034814 5.333350318813157 -3.9261126616846274 
12	0.7	200.003	8	0.1	10	10	10	7.3167310273778465	7.908097601542487	6.468832766477826 -3.506883619470072 6.820322872984264 -3.5577448547488792 7.385571114653944 -3.4529058592582174 7.974170296141892 -3.5866535531405987 8.556136601147601 -3.5853098502959346 9.0779792045386 -3.803119276973841 9.653833751939064 -3.8548051731017434 10.168834767470932 -4.1465111863833455 10.7027771781309 -4.320817617007879 11.097698081408037 -4.7234523683132945 11.589961237103562 -5.019785192704172 11.81654901136528 -5.306406469446506 
9	0.7	200.003	8	0.1	10	10	10	6.085009651859409	8.103086800957211	-3.9219787787302587 -0.639831747659573 -3.5628904382894797 -0.5984622632629997 -3.024064118117179 -0.2927751781144421 -2.236665753601414 -0.04365464281933973 -1.733017050810329 0.27961026016455165 -1.1184463887171139 0.33360047668771203 -0.5174610804033983 0.5739364818783623 0.11850931011236199 0.5306008245346396 0.4749015901011521 0.6567851371144722 
10	0.7	200.003	8	0.1	10	10	10	6.481758861263582	8.43030218468273	1.439606176419193 1.1726798494785784 1.5576874169781252 0.8065537688780018 1.9541418181034609 0.3541554675259656 2.204719323368366 -0.20846537314422103 2.6529254265480056 -0.6338574470859353 2.928030665051035 -1.1750693140034076 3.3815053319348145 -1.6083673589837022 3.6561790123180065 -2.1640308945867783 4.097726911050393 -2.5975916866007003 4.274946619262668 -2.9435455359877345 
7	0.7	200.003	8	0.1	10	10	10	5.137672002255014	7.280317646587054	-7.676645862951299 7.178735983930101 -7.508201513931249 6.833177898397841 -7.029291066548527 6.177774462886826 -6.608113531905207 5.5768753319585285 -6.136322983388859 5.108094583856948 -5.725924866132641 4.510570783851206 -5.4338142744839475 4.211953413507033 
9	0.7	200.003	8	0.1	10	10	10	5.951569654880798	9.694826582670554	-6.538895670281615 2.9063264057177642 -6.351633363012459 2.552610764709812 -5.827668154750495 2.226043327225248 -5.514108597215048 1.6636389960126725 -4.944807275293935 1.3886562057412728 -4.535956042921011 0.928146109962839 -3.930617959943646 0.8823488796346228 -3.380569757623233 0.6307051459471672 -2.9542475572564046 0.6870974016255741 
9	0.7	200.003	8	0.1	10	10	10	6.009443181323315	8.475059012843865	1.0625257849242158 -9.694047136357248 1.4188754223968227 -9.83361334933942 2.037325156870153 -9.772041937061202 2.669198133515646 -9.88494138228855 3.323094587467816 -9.723511338971425 3.9637305478011213 -9.750115649544245 4.538742531272371 -9.48567828457967 5.140291069153239 -9.43747353234964 5.497980218630543 -9.232504940920881 
10	0.7	200.003	8	0.1	10	10	10	6.462836549830943	8.214476564482768	6.205598693843803 -10.025566724124277 6.53721228169269 -9.770863882799489 6.870859420252253 -9.288251638979304 7.386493102947375 -8.986971008960268 7.826607957903631 -8.568486810104384 8.431349943961251 -8.398679851309268 8.958777346894331 -8.07511666248885 9.568389678579218 -7.97453235019146 10.096395491266529 -7.667153384683301 10.47041655944251 -7.61416938368428 
12	0.7	200.003	8	0.1	10	10	10	7.251890012040951	7.705164514082986	-1.988635846918375 -5.121706949164412 -1.7948773717518345 -5.421293418931414 -1.2900012238939678 -5.685347045693486 -0.9414418044454841 -6.134512049051584 -0.4034193710470739 -6.296000932717949 0.024883158069820124 -6.659906883712041 0.5956920348786279 -6.738156972550814 1.0546359511449703 -7.0813415094708985 1.6196575758222214 -7.141494198649812 2.1189658222116576 -7.436197983790163 2.684052782717852 -7.421003515864365 3.021738384955668 -7.573526049263483 
13	0.7	200.003	8	0.1	10	10	10	7.691529790009167	8.19959811147813	3.683932127627156 -6.827988569896082 4.031073528201715 -6.892618485784327 4.553052529084397 -6.725839434158569 5.10350675781403 -6.774219205341353 5.599343533350255 -6.532834607258202 6.152650408223042 -6.4921349009772165 6.6351426115880505 -6.2122658186534405 7.189692274101901 -6.144432752967548 7.670968203489162 -5.857640085387273 8.238028202183882 -5.73562285282267 8.707653601012725 -5.411983389977219 9.23890916806387 -5.279311605125832 9.53686287469072 -5.082785870234498 
13	0.7	200.003	8	0.1	10	10	10	8.781721752987236	9.580188688013383	18.28038643840842 -4.4678179252358765 18.211115570435396 -4.745097850101183 18.13385078705246 -5.315372405476432 17.973884444851368 -6.041536119210764 17.8154329473254 -6.693908040380593 17.63029428596369 -7.251547304487703 17.429133974689933 -7.737320983017788 17.10898460464468 -8.351463119763187 16.80300414955627 -8.874305781746592 16.464023313306043 -9.415677685613653 16.102472149221782 -9.976806110501826 15.726492942203732 -10.554435825994176 15.345160703045327 -11.139448628977156 
9	0.7	200.003	8	0.1	10	10	10	6.016643751173508	7.0893918277994805	-3.128737188715277 11.131627328076647 -2.7352393612403354 11.27898917878058 -2.3265029403508115 11.681664806035135 -1.7235194363477184 11.858515271238248 -1.1905243511367363 12.201819260468652 -0.5673219164914516 12.346463320840268 0.04410685213706245 12.621849726313055 0.7009682823372729 12.767041730894162 1.047722410702932 12.915624474922343 
10	0.7	200.003	8	0.1	10	10	10	6.64939012250365	8.040806063778247	2.137687792156669 12.460412701854674 2.4665788397510857 12.646106462330795 2.9213838385575737 13.006971159698145 3.4927035674088995 13.26203747857139 4.036464792407298 13.527304333865448 4.635642927262035 13.6560855509784 5.220393120241061 13.814308997504476 5.821383491000977 13.886965375881553 6.399063832830713 13.984973969627784 7.044844978489768 14.063117643595811 
10	0.7	200.003	8	0.1	10	10	10	6.481566099178762	8.081427675137899	-1.835408152785035 14.315203133493535 -2.1298598564639017 14.050784039454047 -2.448352943863507 13.54944616793951 -2.933565533759739 13.147123307430343 -3.282596359338965 12.643230409953702 -3.708368750353792 12.24018711326116 -3.90795565095654 11.66806686633107 -4.12261268690158 11.023639517965941 -4.098694450741961 10.42073520876606 -4.1688056007885095 10.05362082068681 
11	0.7	200.003	8	0.1	10	10	10	6.909820453010244	7.815155428115498	-3.9985360880550522 8.813027041908894 -3.774127795552003 8.53067119310168 -3.5599345791447887 7.988129916709816 -3.1381134977895058 7.550759517394941 -2.838605680116735 7.016137456632719 -2.4211639109802143 6.602239999204498 -2.194408145429285 6.058791449411588 -1.8304295262445642 5.60137188103352 -1.5910750523545654 5.003409004334487 -1.1929925791922071 4.568727521766035 -1.0560205852684406 4.245954117775211 
8	0.7	200.003	8	0.1	10	10	10	7.374502650800819	7.589447870526987	-5.67283055548405 14.66876816001914 -5.332394986634624 14.72521728763049 -4.875500511255677 14.832616846669463 -2.8286332404210093 15.166158278577301 -1.1594550651338775 15.341281987502214 -0.7203374824984645 15.345511237297368 -0.17084547789406998 15.408833394518608 0.24466515450772558 15.417456017531249 
10	0.7	200.003	8	0.1	10	10	10	6.559948315081854	7.690128696308562	-0.8104191895521949 13.672681072875214 -0.48217023318617913 13.835137748948215 0.11166183329908537 13.959431480169192 0.692826693262026 14.185224187609391 1.2996802507454381 14.268030166657013 1.877745325297218 14.44911403713773 2.4794322305496768 14.532348596566818 3.056648497097905 14.70702581944104 3.623881400142331 14.81337815961654 4.1614201807123665 14.961856296385742 
10	0.7	200.003	8	0.1	10	10	10	6.404075848185	8.371042132072397	3.4213229287706195 2.4629144243379035 3.7605537217801257 2.2748049572194886 4.017126655373626 1.751684422082762 4.491457484316058 1.3895191334161183 4.66787467950856 0.8092424765398538 5.112818039189859 0.3901341071698585 5.317505026629624 -0.19074060549683364 5.800993509587296 -0.5689887893109444 6.095723424069116 -1.0910312135638474 6.434308288237209 -1.2840634782320635 
10	0.7	200.003	8	0.1	10	10	10	6.473470856365232	8.218244374158566	5.316677087286806 -2.4661327350033755 5.69037155086998 -2.4956800480317662 6.238837838213726 -2.287201518912574 6.909299521901288 -2.324613102100001 7.474591841658208 -2.1793538325015342 8.080528964281886 -2.3345145885842125 8.671948615938913 -2.3145658208957443 9.270445071119292 -2.554093401379227 9.895230769746638 -2.6154911703041535 10.22330218611148 -2.7800040510333623 
8	0.7	200.003	8	0.1	10	10	10	5.581248019581638	7.8962848687177	1.5959906995592257 9.05370916975262 1.9711386033043816 9.205787450425271 2.4774823351632547 9.588103147995113 3.1183191349563093 9.889062026354022 3.6943098070722478 10.287097946652032 4.28098895575662 10.540778850145403 4.792894659317549 10.908882436114737 5.216636632850845 11.0983197467348 
10	0.7	200.003	8	0.1	10	10	10	6.989486195087906	9.279158977420037	6.619702850771279 11.08026416489116 7.024013454129266 11.001607690158743 7.602728452192685 10.922639178914615 8.217440884682404 10.82901080535526 8.816310351461148 10.77942233579054 9.296269559548207 10.711127798925974 10.546367265225458 10.481655007866257 11.052722911520378 10.326369301988919 11.532081246425092 10.178839965240625 12.078734366736478 9.97380563832566 
9	0.7	200.003	8	0.1	10	10	10	6.041890218784248	7.180139771829117	-14.701093512491788 -9.97227692698103 -14.249528622108627 -10.061357232197025 -13.6562306953251 -10.232217190824622 -13.048524027510817 -10.32500346726018 -12.3912061124071 -10.476959557032107 -11.763363551608666 -10.506479090517177 -11.138699734794187 -10.618488917797261 -10.509773232225038 -10.614002972159115 -10.133671096191735 -10.684781613521025 
9	0.7	200.003	8	0.1	10	10	10	6.055223163984179	7.787098412138543	-10.949603701365357 -12.260517511143531 -10.461039509141678 -12.144984878306005 -9.891721814325633 -11.94494198340883 -9.262290702276694 -11.808756003966415 -8.674672918002585 -11.577584919824776 -8.05209479248714 -11.46818551003996 -7.4637505723011035 -11.235684399844432 -6.838878097931621 -11.1520606504489 -6.4908879142708376 -11.001620673275054 
9	0.7	200.003	8	0.1	10	10	10	6.034922772606064	8.557452262524372	5.708763726017556 10.019150837952708 6.06412480314019 9.877301510587401 6.722284458038759 9.79318550399725 7.292663660840544 9.517850767013865 7.897737439420049 9.34921775558669 8.360049487988658 8.957722574650754 8.95199348350623 8.604581692497963 9.39131461083591 8.101071266540703 9.698843023145583 7.90636928795787 
11	0.7	200.003	8	0.1	10	10	10	6.91370652289851	8.670885720584181	10.731591506850464 7.643371376319384 11.061804803891896 7.504092586306684 11.500587510788735 7.106310494609493 12.034461114202092 6.8456776181536 12.466582544713267 6.4410910419353415 13.005749872490691 6.1830765790659905 13.486020889114885 5.812859206957033 14.042276099507372 5.6058213953172595 14.560738639374708 5.2658340183787375 15.111737890632426 5.068672237758776 15.429502499589825 4.871159930794471 
8	0.7	200.003	8	0.1	10	10	10	5.534298834448084	9.46639372921608	-10.278569331453818 4.104006087548206 -9.953096558742153 3.8624554779430875 -9.654999309640125 3.263748316997042 -9.152748209058254 2.824757612321123 -8.935535698858686 2.195583676433757 -8.486378355674129 1.7243151521325313 -8.300090721695591 1.091304148302994 -8.002559308365601 0.7996789447831723 
9	0.7	200.003	8	0.1	10	10	10	5.967347585169938	8.349120166006932	-7.296384288695244 0.19867885590553894 -7.149231832851107 -0.1758104417817169 -6.679345085978985 -0.5836642850665025 -6.488952736272008 -1.1804473508823659 -6.049070508176383 -1.6318822540722235 -5.897566301033796 -2.248457731826008 -5.442285027485766 -2.711820629488861 -5.272977211416919 -3.3011064959775407 -4.989717221953758 -3.566856802624317 
8	0.7	200.003	8	0.1	10	10	10	6.109099787353832	6.779607493346628	-6.743910969247903 11.287902493882605 -6.597302248415373 10.968891854354988 -6.534005969256184 10.300133307142112 -6.39028496308732 9.840276486608838 -6.392059458361166 8.257593216978162 -6.282645373711605 7.762193184268747 -6.396615907424231 7.236439588736145 -6.327313150707846 6.664134994669241 
8	0.7	200.003	8	0.1	10	10	10	5.494001177085815	7.721181795683796	-5.5836798806336265 6.719702309628331 -5.4735182518119645 6.292920825281476 -5.020737736096553 5.9100500788755665 -4.823926038823735 5.29255832686457 -4.329378245820939 4.834980550531433 -4.1213543559932475 4.20471611064271 -3.6652765360365973 3.74341119664271 -3.5205750238910096 3.3427318700478224 
8	0.7	200.003	8	0.1	10	10	10	5.964598344425461	7.999404986021734	-3.4822453533478455 9.702478162471834 -2.905524063784573 9.990475228720102 -2.5603794907706012 10.029099417218971 -1.560849603580856 10.582412254412278 -1.0074327096318316 10.768780445963824 -0.399019571129746 11.053735243673227 0.24180642128539426 11.264987812104533 0.6968464472950681 11.471398398573191 
8	0.7	200.003	8	0.1	10	10	10	5.672917439139358	8.300735025484629	-0.7019443134770155 9.59080711822896 -0.12241406867124258 9.795759855642977 0.3410228649558785 9.781868999366493 0.8811463679184014 10.194708994954576 1.5396206979467457 10.47134450404597 2.0891619351976702 10.882172805089853 2.716481873712683 11.169057013662576 3.0574482078100664 11.422053206396102 
6	0.7	200.003	9	0.1	10	10	10	4.516425093460596	8.33609370710917	9.931889952212035 5.215577838263898 10.095441266100247 4.774095099049494 10.551483523962023 4.203060940604935 10.707462600510345 3.4934104584475714 11.087850057191154 2.847016735410486 11.143666904714738 2.412357977363049 
6	0.7	200.003	9	0.1	10	10	10	4.568969966755264	7.365984891308427	12.419606080972676 1.980192178369988 12.532906196731107 1.5103538217019086 12.854428199338082 0.8519787727432993 13.017893422670051 0.1248457814696289 13.328205321262956 -0.5236604066483453 13.433379847467087 -1.0009783443536149 
7	0.7	200.003	8	0.1	10	10	10	5.352125680504093	7.566440572114135	-17.549070004472235 -1.9611255873092066 -17.17178977544947 -2.2186530433668747 -16.667004375830523 -2.4690495606770138 -15.956219714874587 -2.891377268789514 -14.917665455028818 -3.324812897174515 -14.399438490230569 -3.614410918087242 -14.032157881986887 -3.73329302488226 
7	0.7	200.003	8	0.1	10	10	10	5.042947875929734	8.716568003709547	-12.822382104861383 -3.432439257971769 -12.402901654130913 -3.5828074691212084 -11.716650581113404 -3.6328823191603696 -11.157831767429345 -3.985929143633641 -10.5299125577698 -4.3039823416051695 -10.128592272657396 -4.8955572978950315 -9.811120773172899 -5.184872396689507 
8	0.7	200.003	8	0.1	10	10	10	5.539672450937124	7.2629010199380915	-12.823595307397863 0.07251536629674639 -12.502195648090138 -0.257090321682262 -11.916398943733023 -0.5459583479196823 -11.459087014101717 -1.0113828051274696 -10.838925652534138 -1.1726080793425617 -10.245168335022898 -1.521826928810408 -9.613884681161034 -1.5013502851031142 -9.226784035532026 -1.643649107168856 
10	0.7	200.003	8	0.1	10	10	10	6.458854694059482	8.388627456187645	-8.740255800803373 -2.396137504256333 -8.448734164968114 -2.6392541106211116 -8.235722791122207 -3.1979327751172875 -7.801256938715501 -3.6289541446442612 -7.658355031078136 -4.2259172333214385 -7.3386804074885115 -4.741350643103313 -7.365517671614804 -5.336322809727555 -7.230421908079734 -5.957712047795676 -7.341337383672985 -6.518104348103085 -7.291792276051138 -6.961609413651887 
5	0.7	200.003	8	0.1	10	10	10	3.9498154842773876	6.319846640830234	-19.572548038159624 1.3637452642702845 -19.491640503225756 0.8813343596348507 -19.204200360580643 0.16063568004479611 -19.07363779765209 -0.5889742463574672 -18.87990920268067 -1.075703737063754 
5	0.7	200.003	8	0.1	10	10	10	3.961473298078948	8.221872246178785	-17.71131610433785 -0.6271564103173514 -17.213569050147743 -0.6020482177752439 -16.47776497428649 -0.7710113122522984 -15.64410288126757 -0.651930227308395 -15.183316409301797 -0.7215419488801043 
7	0.7	200.003	8	0.1	10	10	10	5.083748126717474	7.358852400370461	-15.559329093603155 -1.8512973297279318 -15.11507849416824 -2.0387174132164665 -14.457868090571015 -2.088810395855388 -13.841970674247836 -2.332903499449337 -13.165557426478317 -2.272389354735891 -12.336196155458826 -2.306716837158193 -11.982265718380594 -2.196230648161509 
8	0.7	200.003	8	0.1	10	10	10	5.535590901756027	9.100190258177552	-10.96031285549671 -2.445133487067206 -10.664827268164146 -2.7220186619397895 -10.062297369066167 -2.975041497938598 -9.660652039599551 -3.488371038986928 -9.154649203023222 -3.90523743311308 -8.92173637657314 -4.530693213234164 -8.580973634900753 -5.12141115526331 -8.5117927063034 -5.536064867210521 
5	0.7	200.003	8	0.1	10	10	10	3.9821833919295435	8.601280342952364	-20.281783511866774 9.672257056237608 -19.866067242500193 9.237253345903808 -19.287034512730923 8.756048986555646 -18.77471046858084 8.18990505675199 -18.406075703130814 7.90803080729859 
5	0.7	200.003	8	0.1	10	10	10	4.090476217501262	7.8028906131252835	-17.809237084753036 6.757041214934605 -17.452586405082723 6.437903447427112 -16.742325376358135 5.7888768446121235 -16.162249682404948 5.281850641519009 -15.809132796539338 4.957728451702302 
7	0.7	200.003	8	0.1	10	10	10	5.052502210742133	7.546846748619136	-14.69110044081435 3.1486418118915496 -14.25757232892593 3.1482981322027364 -13.64234159387844 2.862929568749613 -12.954758790580502 2.768640974829676 -12.389988308218198 2.3547117582949753 -11.738920862258293 2.1412975810434434 -11.390024001555437 1.8393761155338537 
8	0.7	200.003	8	0.1	10	10	10	5.536673931273588	7.562958367414687	-12.298327150604957 3.8464246416471837 -11.942538033037698 3.5957524353980803 -11.339636963831298 3.3881976943147043 -10.925057228370495 2.8910440093835934 -10.397426318061084 2.4458509834758146 -10.15514552475888 1.8131039016868613 -9.73824549698141 1.3167635696144102 -9.629097064406128 0.9315389533305254 
9	0.7	200.003	8	0.1	10	10	10	6.026030930020367	9.148859549218514	-21.225208840309662 -4.442672899284612 -20.75661849618913 -4.4915386992539315 -20.157009655418253 -4.647088207789137 -19.527681257833763 -4.6908235160039204 -18.92421723452553 -4.878321968448638 -18.293284080774075 -4.910648355906112 -17.69850470141879 -5.120961325913228 -17.07172875920648 -5.1435465806356095 -16.71476654529533 -5.281977224748864 
10	0.7	200.003	8	0.1	10	10	10	6.442758586541244	8.073959509431726	-16.00013898747277 -6.133712232581256 -15.618319544811555 -5.9807382973910705 -15.15826034527818 -5.617536869892803 -14.555972838154496 -5.408748802761639 -14.039533377554271 -5.095169098757786 -13.436657801675166 -5.062371483090394 -12.857371430966527 -4.906036030959237 -12.272006579804431 -5.052725334937862 -11.673403311985599 -5.039977085810743 -11.304886422388268 -5.1894252527784985 
8	0.7	200.003	8	0.1	10	10	10	5.541422223536706	8.331768201899674	-14.78031930075362 4.408041444033035 -14.352216050267785 4.451766293402402 -13.756914028076592 4.7173999800636865 -13.108929236965697 4.748540025298203 -12.474183738296233 4.979107733820172 -11.79245683769569 4.903102341393063 -11.16734153967873 5.064557113978241 -10.7702248905798 4.992639210801389 
8	0.7	200.003	8	0.1	10	10	10	5.514779818510885	9.25017664627329	-10.13504746212977 6.145327629193097 -9.973310085076488 5.780918018723665 -9.459415912290075 5.354009787842919 -9.190356769202872 4.753525489214006 -8.67974671613605 4.328974251100527 -8.409001698660584 3.7200720083207592 -7.911501456004221 3.294313985081216 -7.7622264968067505 2.918094149114802 
8	0.7	200.003	8	0.1	10	10	10	5.493775655097608	8.355972900662984	-16.709310309609407 7.15693705745027 -16.307694296124307 7.101541276372099 -15.68837217591204 7.342037686620273 -15.016234369782154 7.311763538074279 -14.437779263328638 7.602309500473924 -13.793381933531002 7.673595484377327 -13.275623923130938 8.066766020077251 -12.881286753214424 8.160774441036166 
9	0.7	200.003	8	0.1	10	10	10	6.006530280597907	8.908613458963105	-11.988532511945095 8.765626486240635 -11.888595025689128 9.134082422204528 -11.504814707787311 9.64370404735261 -11.35778968227225 10.249774293791134 -10.962609217577963 10.772539338320946 -10.706231832339213 11.351779895804992 -10.240328500653957 11.791407437653449 -9.924435289207896 12.343557810187914 -9.628287893056825 12.608967002722823 
8	0.7	200.003	8	0.1	10	10	10	5.51960253862768	9.666475590367192	-15.526623358122034 6.130279779362246 -15.108107146232562 6.013198667411375 -14.495930745190797 6.1432907318517245 -13.853694513595777 6.039362533340593 -13.216879278477029 6.221410303892335 -12.559246121608604 6.130478852337897 -11.913104386467932 6.260461703758422 -11.497694567249544 6.17922352882448 
9	0.7	200.003	8	0.1	10	10	10	5.966374604417949	10.96625223187447	-10.850579025335772 7.006974103846997 -10.466939217329848 7.113831507298559 -10.016286724444763 7.538657740276814 -9.38714735582251 7.712251529248803 -8.899896552594953 8.126202802971864 -8.292683156972029 8.241893603455708 -7.843928013791439 8.678818213005256 -7.267134167722345 8.852750705762979 -6.986972892006025 9.151954998033329 
5	0.7	200.003	9	0.1	10	10	10	3.9574253734320277	7.376299845341116	4.246892085535181 7.652752644743011 4.684650538349172 7.463981310730944 5.453451926016743 7.513127931775032 6.222123110230016 7.175105050928059 6.692716508528078 7.170277366365547 
5	0.7	200.003	9	0.1	10	10	10	3.9689616792642446	6.5877572882172295	5.489231991338438 6.360586165581082 5.944818666348185 6.1154161189625125 6.4042404725611455 5.503235385879338 7.063523860253057 5.039252420092907 7.307395003423057 4.625804700365256 
9	0.7	200.003	8	0.1	10	10	10	6.024719860542541	8.448375924641397	3.933422576303002 12.132802840868656 4.318330335622027 12.149005601599601 4.918269613053887 12.361937345153692 5.565836321641643 12.35265680441934 6.180882229732788 12.460546981716549 6.808497563348553 12.352439704056112 7.448540100277019 12.348085549241977 8.057510595531578 12.171655684538315 8.475476280363715 12.13174875220892 
9	0.7	200.003	8	0.1	10	10	10	6.433161570070112	8.404820242705183	8.778314672584074 13.414272248226787 9.488921533748028 12.897935258303727 9.89514352300699 12.582141862223557 10.406201717150443 12.269666464989543 10.913600681061821 11.943055124981079 11.452006877917327 11.68464152757786 12.00757986713947 11.405067404584596 12.590892071455237 11.147212823527498 13.115055467597372 10.896884532198074 
5	0.7	200.003	9	0.1	10	10	10	3.9549554410200725	6.534074000658128	-12.62166755190715 -9.106236248144583 -12.086004479824863 -9.167284813440101 -11.324397380254208 -9.100400610566844 -10.555812251088067 -9.215377175905536 -10.083690846070082 -9.171575339534058 
5	0.7	200.003	9	0.1	10	10	10	3.9356165404974073	6.757202174507081	-9.093079903901975 -9.983809838693675 -8.629730277540544 -9.852594317164996 -7.853912004070548 -9.901111003876238 -7.1025075625824465 -9.714327225766976 -6.602296101155538 -9.76159903413039 
6	0.7	200.003	9	0.1	10	10	10	4.57178061153936	7.479533150435362	11.917941503330997 -11.886939409270227 12.361692915877208 -11.499999339628864 12.915465805964212 -11.075950578476691 13.45461545011195 -10.593473570244171 14.031805700457006 -10.17908669713138 14.368849924823271 -9.878679393925351 
6	0.7	200.003	9	0.1	10	10	10	4.537845475482504	9.618606099494933	14.444594785691825 -8.559800823868207 14.557224937212986 -8.103664614261794 14.851438650543034 -7.43832904281006 14.99778883707458 -6.691117924198303 15.291618112767821 -6.027366506923964 15.385298906023543 -5.5839166281413775 
6	0.7	200.003	9	0.1	10	10	10	4.529524075383218	8.155821046611518	3.549029395694787 6.55689983256501 3.95801827369537 6.355246906890309 4.377265955997197 5.815589560315892 5.0477013591364805 5.379494035062489 5.478591388197277 4.734060911940808 5.822749601315128 4.503384978793549 
6	0.7	200.003	9	0.1	10	10	10	4.536509323503812	6.7684557804723475	6.397751734567128 3.7191957204779262 6.637957999854176 3.344026116807011 6.745163826989121 2.6185937681378744 7.159705870912684 2.0068103117737923 7.326121368915982 1.3032797097694593 7.610904392262288 0.8974608595676875 
5	0.7	200.003	9	0.1	10	10	10	3.9742396172946695	8.158864372142054	2.677104296374957 -10.96021908918565 3.203293067803037 -11.044466723575253 3.9556641875928285 -10.921600620872622 4.731588810684457 -10.968936122290096 5.217109351561964 -10.84277337628652 
5	0.7	200.003	9	0.1	10	10	10	3.948700384239462	7.5028428797206335	6.600469152873091 -11.123018974476214 7.073301839832065 -10.995721226315695 7.834138708143219 -11.054028529999938 8.570772524397889 -10.838536752094056 9.099207496002514 -10.833664150064017 
5	0.7	200.003	9	0.1	10	10	10	3.9513388442803197	7.299432914515319	-0.5284985849088667 -1.805287051773291 -0.02516803469128634 -1.8884649183320403 0.5402931744093278 -2.386069248644723 1.233789241086463 -2.665451676515631 1.5823969337576032 -3.0782351296609347 
6	0.7	200.003	9	0.1	10	10	10	4.637002442289592	8.824773234288706	2.0626019397741193 -1.8987376954947863 2.378508487200871 -2.418541969437284 2.868764549745933 -2.9597754115317367 3.206475089418682 -3.534338644887239 3.8679961648772143 -4.0387571252419 4.090068863771318 -4.371583502004375 
8	0.7	200.003	8	0.1	10	10	10	5.569151247290945	7.970381310269912	-19.146968316944005 4.611715601601201 -18.771764837169655 4.319186152759706 -18.366655026114397 3.7988971217341696 -17.81197653046515 3.431990332484637 -17.416083129887326 2.9030093053012545 -16.85263669743664 2.562352635429476 -16.49394132996034 2.0331122827961154 -16.145282508368265 1.8165329674265691 
8	0.7	200.003	8	0.1	10	10	10	5.526876514525512	9.246379324542378	-15.177804283575512 2.0442522837162125 -14.989347763839985 1.635168844143226 -14.885117501016305 0.9895400167760444 -14.494011703234534 0.48555619892629587 -14.253038882041235 -0.13468544932295784 -13.75815163248022 -0.5613796325553227 -13.39929371326549 -1.0975226798210524 -13.028608027798702 -1.2961380168549874 
6	0.7	200.003	9	0.1	10	10	10	4.47294170989675	7.875240419641758	14.926410961561208 2.435130975467681 15.231260908704428 2.105606761500076 15.413140332945911 1.3881861568249543 15.886602450841119 0.8408289743001844 16.039518261219158 0.1434792615516699 16.327964264906804 -0.19705683029180804 
6	0.7	200.003	9	0.1	10	10	10	4.50773496607527	7.987289595327411	17.16710929129138 -0.6555590969675613 17.417386761836013 -1.0391647709221006 17.57325980622953 -1.7473464897661164 18.006710724988285 -2.3343274842934583 18.25236261627467 -3.0153634544234276 18.564028577320368 -3.3683803794941674 
5	0.7	200.003	9	0.1	10	10	10	3.922024975838538	7.334896068588127	-0.17333086590982397 -14.430980460293313 0.2864502857026953 -14.592003042810019 1.0604717756435391 -14.539998306366194 1.808001932089279 -14.760028780003838 2.283684977327235 -14.696879758424634 
5	0.7	200.003	9	0.1	10	10	10	3.965104261936153	7.3028993603507635	3.122614865664899 -15.356549303815644 3.5744375900630225 -15.330163985570906 4.314781920583388 -15.54570899066343 5.086317975588381 -15.560965440791469 5.640902540464725 -15.69150854276437 
