N disks	Disks radius	time	Gen	ks	kt_bot	kt_par	kc	current length	div_length	X
20	0.7	200.003	6	1	10	10	10	10.31654755568602	12.251323515164025	-0.3706093707504838 -6.584062572654357 -0.08647103061456571 -6.728038933236594 0.3712031774647224 -6.823709166631818 0.765873105459315 -7.112303089474898 1.1859197018022167 -7.320093329458406 1.4656177272838455 -7.704222767853056 1.8302566406138512 -8.021529821203183 2.0652306076270293 -8.446308596576085 2.4105001274558857 -8.790014498076236 2.6496020890965317 -9.21413025807599 2.9995727742290703 -9.5542443771252 3.250737436485461 -9.974625874557614 3.5995632051668025 -10.318133489522673 3.8574640840741097 -10.731320818961729 4.210766596681021 -11.076036475041176 4.497189401273005 -11.476776401156666 4.849307719714326 -11.801574932961964 5.140748003034603 -12.181010986075766 5.469628056553017 -12.499704604751033 5.723391770524051 -12.807448629389848 
20	0.7	200.003	6	1	10	10	10	10.34351731269667	11.54452632348301	-4.735077151209765 7.95072017042664 -4.600722756321262 7.604773227846458 -4.363007460747811 7.215013512222665 -4.213794315409309 6.756930716813132 -3.9597806955915336 6.34132486221786 -3.8115255063608764 5.8783728863026665 -3.5570585193405138 5.465857186735631 -3.4004702657235613 5.0082390237308845 -3.1315792593549885 4.579582534520236 -3.000661423116614 4.11526875635916 -2.817725315728429 3.6892037471330044 -2.8426886669768985 3.213326103609968 -2.826914689483936 2.71021971458127 -2.9789745772610114 2.2490546869020878 -3.0361305487758266 1.7894637722112965 -3.2338714777462436 1.3297607145092116 -3.3614784782263554 0.7949853261684052 -3.558524563324701 0.3741495894088989 -3.6334532981274474 -0.06047490372085257 -3.7743172157397678 -0.38730408512966036 
12	0.7	200.003	7	1	10	10	10	8.619956440492777	9.174846140263186	-18.213491764379924 6.472204100345339 -18.284368467520196 5.858536895627458 -18.361619367072112 5.244779972148273 -18.444252024045614 4.620550338949825 -18.530797979079892 3.9425967332938123 -18.604567888167526 3.299582187857542 -18.68309029132662 2.65636332501054 -18.774818720498867 2.0094923243089973 -18.881710194674113 1.358420433525318 -18.995687245841257 0.7047571798695949 -19.101799116332966 0.004320705375049269 -19.19115294498178 -0.680039333289752 
12	0.7	200.003	7	1	10	10	10	7.702895471071892	7.959047659909119	-16.52744135091514 12.875136111644151 -16.482963845293668 12.200533569875011 -16.438695565153385 11.55172858290726 -16.37058831976974 10.92928014660223 -16.295844171577883 10.307649406249185 -16.17440581711786 9.75265560688778 -16.107888514537827 9.198079641872516 -15.956077553965635 8.66437075774787 -15.899648654802307 8.115603416724284 -15.718671380460266 7.584313290283811 -15.629344881892946 7.034700852292274 -15.494479101617344 6.687006237475576 
9	0.7	200.003	8	1	10	10	10	6.019062096397578	6.964814954231981	1.2822538010293967 3.9097143862223236 1.0949310744930962 3.5531160659248298 0.9905588470052388 2.8984511109118407 0.7323783385861451 2.329410297557812 0.7286751001006261 1.6842109273539216 0.5328493213034735 1.0625711006813263 0.6507811619544985 0.46204667234494856 0.5450682194902006 -0.13436908773428088 0.6709196902004307 -0.5285471558909097 
11	0.7	200.003	8	1	10	10	10	6.938906254821962	7.633177026892795	2.367367425500174 -1.1096107431296975 2.3766092154899514 -1.5098778914605664 2.5145725969682373 -2.0748631982660672 2.518324545021825 -2.6712058030043204 2.6591471606201362 -3.258658110784958 2.6824119338499868 -3.85518274581972 2.8992650110676257 -4.395401271393228 3.053588819691311 -4.9657400154537426 3.3911400778109804 -5.463071717887238 3.6149705146099538 -5.99515612376598 3.8517913470018126 -6.327685067898822 
9	0.7	200.003	8	1	10	10	10	6.2977990326300475	7.084184678736207	10.836664846354687 11.932500183534495 10.942500294252095 11.252856196232937 11.041507403910737 10.62822970746409 11.137332604452087 9.992321890651786 11.234995478891511 9.353330389200712 11.333116452149127 8.708431104012154 11.449795838632356 8.080599350659176 11.563708133773721 7.5001977208461 11.652978784077796 7.104479042623746 
11	0.7	200.003	8	1	10	10	10	6.917110238004087	9.038997447550537	1.7490019671583483 0.20531932994961039 2.0998318054997114 0.09614118326246769 2.6882777587391815 0.11447506063112188 3.233311996462404 -0.07848783053393313 3.841237018779379 -0.1352969706303458 4.410542717689543 -0.41055382587355305 4.976388215502837 -0.5191619937502719 5.502571927985067 -0.7858584151984117 6.103894538731677 -0.8521211854556463 6.642523609294767 -1.0433099725740724 7.039045315602553 -1.067108174867567 
12	0.7	200.003	8	1	10	10	10	7.761350018454236	9.691298021059607	-3.7907366007128016 -8.242485411520658 -3.3299532055216745 -8.571188815526853 -2.8134899007692176 -8.894950891382356 -2.4082022237336127 -9.149919699227667 -1.9302198871494067 -9.390545579384149 -1.2504746786765473 -9.718666877492112 -0.7287059970301313 -9.926344526831812 -0.2751456523887303 -10.192058265421432 0.19152184933094274 -10.48522286765086 0.578200825499511 -10.857599593722421 0.9996289171456223 -11.272651917179731 1.4262276665131333 -11.763546235875786 
12	0.7	200.003	8	1	10	10	10	7.32577647486886	8.177950394527015	6.559645126925156 -3.3428935883919952 6.848464255036337 -3.599329399691126 7.133121512201984 -4.07331866619432 7.589666658182227 -4.4307109196893935 7.950948629777852 -4.869914724384328 8.459358422542035 -5.121336889687245 8.90509594354959 -5.482921705059075 9.472165825843904 -5.699307248950024 9.937865269727473 -6.030304064725 10.48983576316012 -6.166976339407745 10.981897524141058 -6.412826374876946 11.37653080379311 -6.478208064795452 
12	0.7	200.003	8	1	10	10	10	7.4580837478281	8.645101676222792	11.227713342012745 -7.627990745850337 11.543530147054016 -7.844589399726755 11.90553140341932 -8.256747358572207 12.349854174817942 -8.606843772087954 12.681084103997247 -9.06890403535043 13.087793101446112 -9.476233295960538 13.393566476618112 -9.964408011869242 13.757221695012726 -10.40238150307516 14.023005534776106 -10.900693838615549 14.335114142785075 -11.367353279005306 14.59777095538868 -11.870541917619066 14.890941376328197 -12.368292490503535 
9	0.7	200.003	8	1	10	10	10	6.022385703162254	6.9158728666953815	1.1413091901009942 -1.3294497870906967 1.116604144196199 -1.7445639205800103 1.3310386321910583 -2.3246880165425017 1.2945250922885152 -2.9699224919280818 1.4685651934970143 -3.590200753730506 1.3149583186383624 -4.196903820884382 1.2916878445403475 -4.807166288845094 0.9890136276494259 -5.360420790733445 0.8906343629956935 -5.779387795596923 
11	0.7	200.003	8	1	10	10	10	6.937790184243395	8.227103290337407	2.064021306760298 -5.785123918109184 2.272300721178352 -6.108455767166319 2.4474348227284035 -6.648492092410187 2.8289238104462253 -7.101518312822352 3.088888482003553 -7.628685089390114 3.511268376996172 -8.05481411705418 3.831207328871356 -8.576597032884544 4.262797578073116 -8.981152732878575 4.56759778858038 -9.484596059347952 4.945398400255845 -9.900727295433011 5.171252263776727 -10.291381427853008 
9	0.7	200.003	8	1	10	10	10	6.04241831777329	9.153230047830624	12.964020343149912 2.1914543159384525 13.02545228565015 1.7350916334710165 13.222872446743361 1.1473126111307939 13.29769717843343 0.5216318235590335 13.552523318580313 -0.05451051712239052 13.689450433452008 -0.6700264120576983 14.016389902521077 -1.206958060300422 14.217510531573573 -1.7867552104479567 14.459061450881277 -2.1411472201218325 
11	0.7	200.003	8	1	10	10	10	6.975059797737485	7.320359941107713	14.155580065993544 -3.191637568556009 14.041241211123914 -3.5556181119867194 14.027466899745553 -4.1382906560091754 13.895097934767117 -4.720518598473047 13.944935943071098 -5.3134782824167655 13.86718554110919 -5.905324066412111 13.944142070462178 -6.498342410498844 13.902648416611328 -7.093001992102902 13.993201411589443 -7.671941265736882 13.997758934109294 -8.231459890633436 14.072940940205335 -8.707589690735498 
10	0.7	200.003	8	1	10	10	10	6.48298539730942	7.584375614878638	5.1621005664332245 -3.23910063946785 5.30184733775077 -3.6189911703136617 5.660278895686595 -4.090370148835389 5.930425975346467 -4.6493744060428766 6.371030387193029 -5.089079249667764 6.654867588485347 -5.634809972319392 7.0530021843489425 -6.090663020323265 7.243696313215812 -6.654957087255103 7.557036801491009 -7.218214188578516 7.648192783738161 -7.589322888108507 
12	0.7	200.003	8	1	10	10	10	7.524477006395465	11.727640606951441	8.502248450296323 -6.512975168813634 8.751586441121168 -6.839669275841937 9.155995308214308 -7.178345156171916 9.485159453581563 -7.6358257705506905 9.912659191080769 -8.010816535595895 10.2508741308336 -8.472591156305596 10.692714698031885 -8.85891829114275 11.049344525135245 -9.302921067145862 11.463513974506139 -9.693265403338735 11.80610627574448 -10.144813442010317 12.177094890661573 -10.577809380841794 12.551663892471897 -11.070418425346368 
10	0.7	200.003	8	1	10	10	10	6.487985117857079	8.016992310531599	-4.611540353949243 9.444900840146087 -4.268451712573729 9.19342301529386 -3.9039045869635114 8.729078341821578 -3.4588268383010083 8.304715118948225 -3.229106967517223 7.745205279858251 -2.8550305139396808 7.227174478816407 -2.6974348220416697 6.650949299755053 -2.367895746797188 6.126887932753481 -2.2696482823312514 5.554069431927999 -2.0825775642091964 5.18266901717676 
10	0.7	200.003	8	1	10	10	10	6.553138220368757	8.909427665309869	-1.3385080513703391 6.755105417792505 -0.9541688370838135 6.632942952746982 -0.4320037284853685 6.348686616030499 0.14110054895841842 6.118121235812602 0.6396317415637423 5.779760930280453 1.3099118865399182 5.413916881948793 1.7183588679818427 5.044297031308636 2.2137010715268133 4.681516499661818 2.5807390923900586 4.240471377807875 2.907180280908882 3.9562805585711396 
8	0.7	200.003	8	1	10	10	10	5.60426227844931	7.357600162683047	-12.890945223148348 9.664788162793597 -13.016495753030897 9.192286271894707 -13.072601947957402 8.565713979055714 -13.284720104105492 7.915360892511311 -13.366694644460303 7.260560934318621 -13.628564716328142 6.659879833179931 -13.710566843559574 6.030677474060541 -13.852763463138166 5.601102433101731 
8	0.7	200.003	8	1	10	10	10	5.611694788083776	7.79115838542112	-12.350751753357324 6.367762114244831 -12.464684622924448 5.890767952695402 -12.703617560567059 5.234146416473348 -12.775209798191675 4.600228312928747 -12.944407149866626 3.974047067733636 -12.938931390617915 3.326187584244024 -13.07468714588908 2.6920308007359837 -13.082067937386455 2.2525454684737642 
8	0.7	200.003	8	1	10	10	10	5.66254152231204	7.093090938557701	-4.015845190501117 18.97088207861425 -4.222197542072765 18.37442472508271 -4.380046227458449 17.765473547027447 -4.622660001692655 17.16997019088376 -4.762956317070768 16.536950848648033 -5.022568402108986 15.952359636761997 -5.159240332737163 15.31697994808265 -5.330364925821145 14.931939376722646 
10	0.7	200.003	8	1	10	10	10	6.486547052829474	11.45241978452011	-6.3351809627141815 15.85251618237725 -6.76050719941652 15.71062445069126 -7.278721382988739 15.455499853714748 -7.869849976435039 15.326404340205436 -8.44034149639788 15.118245844276057 -9.04692482627492 15.079021161598538 -9.643706768874472 14.952297646983808 -10.255826941063324 14.969884272628224 -10.83908223009223 14.87719663591433 -11.266396335891637 14.881778043038915 
6	0.7	200.003	8	1	10	10	10	4.624564745592986	7.105746800864128	-0.9536917473504753 15.76274832099388 -0.46804445411991225 15.322830648389766 0.07666198474197833 14.909776405789652 0.5507971677194209 14.393841163713379 1.0864923136416806 13.926481946922992 1.379191185242335 13.553566388684846 
8	0.7	200.003	8	1	10	10	10	5.87777474270422	7.439659653763503	1.8681159237947211 14.976076391881847 2.344397071210884 14.491330054717954 2.801346294411113 14.038834594228593 3.2826773330949823 13.58521037821869 3.7663511182929006 13.157931788690396 4.247819547083785 12.74647117243621 4.732959438074483 12.36620104564309 5.201900995885064 11.994170855521077 
8	0.7	200.003	8	1	10	10	10	5.551168341985397	6.080598282194251	0.4853318355490738 10.226230143290147 0.9095016704671123 10.12323030181019 1.4323141786529388 9.764583083754275 2.040177072054211 9.530776826277519 2.491113276689299 9.055385539822408 3.044874418145736 8.692665739769767 3.4151138119239035 8.142154902984618 3.7499316136705336 7.843382662819282 
10	0.7	200.003	8	1	10	10	10	6.492765795887529	7.311587990047982	3.8976059317921 6.754969715637403 4.1342583110185585 6.420324624678004 4.588022896452992 6.036357648332205 4.945050195151876 5.5285573676522315 5.446687088386194 5.161372768073205 5.819872691032931 4.679410458998427 6.30811275949735 4.321781360913435 6.65280572013772 3.804420589687593 7.097615264273673 3.382224650024941 7.295820409238176 3.03897982565043 
10	0.7	200.003	8	1	10	10	10	6.442629154327369	7.153270317760022	1.7015466579951375 1.5474799142273838 2.0616930976323076 1.4133732820432094 2.661033671452219 1.4688993321971089 3.219683165622443 1.224072047907886 3.8287539045066294 1.2143579306700092 4.359507693029728 0.9054887672956349 4.973546391767898 0.8526158451115892 5.496911206067684 0.5259712293616264 6.0762982765767015 0.4470465222971287 6.406986335201316 0.21278010167280115 
10	0.7	200.003	8	1	10	10	10	6.470025043562309	7.249204234620537	-2.2786510773778725 -3.8332364015991334 -2.134915297820186 -4.250137855006357 -2.129805490974929 -4.835256624594239 -1.883302363813323 -5.3827600069841 -1.8671206027321008 -6.000464589516866 -1.602086449504096 -6.548800261198593 -1.5691519982660331 -7.166990482591863 -1.3106392348636804 -7.715722271649176 -1.2767917717110375 -8.3050795611094 -1.0912718156733012 -8.66007299662788 
11	0.7	200.003	8	1	10	10	10	6.965615137851239	9.205287217166402	-0.1312163336342448 -7.959808828342558 0.16495068631138107 -8.218511345642018 0.439433923744073 -8.705466148080713 0.8831676269251129 -9.084780154661026 1.19025190010796 -9.586726798597823 1.63879116407768 -9.976578313640402 1.958081738274264 -10.481915328440618 2.3832431294618655 -10.90241712971181 2.702722554932429 -11.414941177326666 3.0806832166190383 -11.823814228759856 3.3675801291943843 -12.22155984294493 
9	0.7	200.003	8	1	10	10	10	6.028936553879847	8.024205407180126	-4.879031368489936 0.832608955680123 -4.823455841561221 0.44302103992373193 -4.9992781220036075 -0.15940146514888137 -4.965492485807824 -0.7914972528363106 -5.239093916108556 -1.3792323747298363 -5.328638032448283 -2.0361320060248214 -5.617260977454423 -2.5845891457001393 -5.6297281713312 -3.191801128503593 -5.765404953605002 -3.606651443740395 
11	0.7	200.003	8	1	10	10	10	6.975209144069057	8.205896795639337	-4.002725575217169 -1.6304408522670424 -4.0738990001427 -2.0340696883255833 -4.286314057160311 -2.553072377367073 -4.384627360556003 -3.132575814482115 -4.595739298399131 -3.7665453342168376 -4.639378485281076 -4.361785165862343 -4.7365662994965625 -4.928365103233135 -4.6214467675743895 -5.497819666399417 -4.557255050162912 -6.071583924315697 -4.355391796496904 -6.595162943226015 -4.2442633247547885 -7.0388882681684235 
9	0.7	200.003	8	1	10	10	10	6.145383885223275	7.100165966259279	6.2859761410566835 -9.75834825612659 6.431516271338288 -10.141755321462774 6.480803165795582 -10.740222526466832 6.687379298775887 -11.326657409258123 6.76407890091677 -11.942077002428425 7.000708583742882 -12.553827834721087 7.1315372572567926 -13.149087090939702 7.346396544282805 -13.715442202843228 7.522066986662121 -14.311832043763475 
11	0.7	200.003	8	1	10	10	10	7.278285580177105	8.42601821695413	8.035062830185687 -11.759254142762817 8.288955740057716 -12.153286333399615 8.531946910780366 -12.614927399744968 8.837794371141175 -13.082597964035072 9.096849495947838 -13.591326051656411 9.392857512310808 -14.088537305108007 9.660073399593236 -14.617444114393804 9.94978099798828 -15.1573896745628 10.234167355571165 -15.726075506442951 10.531581301430045 -16.31362259056185 10.834848995154584 -16.922041733778325 
9	0.7	200.003	8	1	10	10	10	6.020010315145743	7.2179038488346015	0.2397659156359851 4.789325557711041 0.18248446859922748 4.3919460260629455 -0.13457577848902846 3.844483268761502 -0.18700097038481373 3.211918140502518 -0.445563955552925 2.623886579690111 -0.4369483126131407 1.9809011701477142 -0.663920710324757 1.3685786575448486 -0.6622498970235222 0.7518099947255582 -0.8170100641943348 0.38738418306910755 
11	0.7	200.003	8	1	10	10	10	6.8673576158302065	8.675528875668363	-0.5854698328730159 -0.5739081605478283 -0.38585116736167396 -0.9203387742385857 -0.3081516347105102 -1.4949508307923243 -0.020752799318879578 -2.0060501648336375 -0.007457420862149108 -2.598652083677668 0.20823024349879565 -3.151974508585183 0.09926212665444706 -3.7299053867272116 0.11998247669574542 -4.319022795167247 -0.21339570634747174 -4.807550088490471 -0.39505613141627244 -5.340774366125249 -0.6696528699977543 -5.6068308560433255 
11	0.7	200.003	8	1	10	10	10	6.816703042151069	11.004305019839855	1.967829709151979 2.787464769661443 2.3303287842786666 2.849606332338318 2.8777845603340704 2.6475517308368293 3.4594719041506 2.7025093506932287 3.9574576403683315 2.407026166383495 4.536714408055874 2.34118674975048 5.000129197757547 1.9750554819723265 5.589709487149406 1.9539203963513185 6.119541401897246 1.7640866811852123 6.639228612764445 1.979362679589006 7.052396108293424 1.9795050460113268 
13	0.7	200.003	8	1	10	10	10	8.23852054745757	8.966911401825454	14.353738135092588 1.8434632887582028 14.467638135773807 1.4552224646924745 14.65005137821734 0.9932119643579063 14.808965928598154 0.47796504613529 15.018210538733799 -0.0371295250194059 15.206304703708017 -0.5649846001653153 15.419953152249214 -1.0873060645863672 15.62773689493279 -1.6383658224216666 15.838778434383757 -2.1799780585235986 16.0469525212814 -2.709318430353095 16.264795972238375 -3.2544846156488574 16.521429023577593 -3.9234144651558998 16.747023084307717 -4.559362320296008 
14	0.7	200.003	8	1	10	10	10	8.43338805891648	9.818402079009022	15.258790993164238 -4.00366151174668 15.24408627029019 -4.4292151460839255 15.2936244982881 -4.932053501644191 15.251830109957298 -5.461811267570655 15.312428039131253 -5.9944338482071355 15.278720678422046 -6.529708153243118 15.345303563612498 -7.061560842504866 15.333751040120433 -7.597735319797021 15.399904934119538 -8.133812864656269 15.415621024983437 -8.68150333614394 15.476631518919904 -9.231299406545826 15.52168190030995 -9.799890288092366 15.591510254771665 -10.389464759094286 15.663597251015043 -11.006174682506458 
7	0.7	200.003	8	1	10	10	10	5.110547514018407	8.934181493715831	-8.511244230499974 -10.355835780013615 -8.157776893020568 -10.676034195310486 -7.59759167445297 -10.995761088103496 -7.02536926832757 -11.455562505739202 -6.387731846709922 -11.714992255004212 -5.824036910290607 -12.053462622772606 -5.345523042751029 -12.225913180320333 
9	0.7	200.003	8	1	10	10	10	6.100170393712052	11.005399908904144	-4.437277685317977 -13.114354813625589 -3.932927146008953 -13.03316675781583 -3.345998719851875 -13.008633942919918 -2.7132840988633897 -12.877169465696667 -2.0617233519294436 -12.821309745698336 -1.4684805617308445 -12.634874013843524 -0.8687688975406223 -12.552160522363213 -0.29530365197367303 -12.316041019141187 0.14245583510996748 -12.194582020657867 
9	0.7	200.003	8	1	10	10	10	6.301248906044961	8.779594010289095	8.350446423862376 10.62678232628208 8.441579148366152 9.948165509906785 8.541168399320057 9.286962636293426 8.591409214782999 8.63894899735598 8.650961864183868 8.004426115219054 8.59581758958944 7.373184830038216 8.587294279883421 6.746078070014141 8.442954022442617 6.166310024091026 8.418217873743039 5.764737022954053 
9	0.7	200.003	8	1	10	10	10	6.3241734639302205	8.121825537295376	9.1031086935698 4.758497286358212 9.33479460631498 4.384958734723968 9.755162158561546 3.837258698570284 10.000612105805702 3.326687507226979 10.28421304121404 2.839673737009231 10.450134912019763 2.2090901695046874 10.626223374952831 1.3206079003914037 10.681893565680951 0.709280485547978 10.73220788454974 0.21940752611595518 
9	0.7	200.003	8	1	10	10	10	5.99697266885223	7.945807470748111	-7.549247771872986 -5.499533030497175 -7.380975127955506 -5.884747167456156 -7.332026225344044 -6.497117161381802 -7.033514014603802 -7.049718405369411 -6.918510091550291 -7.668347958275159 -6.527806693828838 -8.161860955991742 -6.302532987223842 -8.756387977553613 -5.857696601637274 -9.149623230270779 -5.643711363659038 -9.540972425521725 
9	0.7	200.003	8	1	10	10	10	6.026389201615103	6.747912738652516	-4.722671757575382 -9.046017905919104 -4.358510759796323 -9.296204457244219 -3.9777267132520673 -9.758053997443488 -3.4012887221681005 -10.0065455993838 -2.908944702446826 -10.414979916171113 -2.2788709597771857 -10.601997721690138 -1.7663733910248829 -10.974266047386807 -1.169832819317598 -11.111666754518158 -0.8160475379618021 -11.329990182756006 
8	0.7	200.003	8	1	10	10	10	5.5333959834177	7.14644684212853	-2.09873323739886 8.179713665666737 -1.6885470497827493 8.033920268169682 -1.0578774105751838 8.053684145304466 -0.479603737290402 7.732004065444051 0.16824291394358132 7.598844885030558 0.6591964785673478 7.15024371994188 1.2652348326224554 6.908320516162154 1.5501317906879135 6.591070394612796 
10	0.7	200.003	8	1	10	10	10	6.413655829712516	7.917700446193358	2.5364753482707725 6.399288341456167 2.696504738310391 6.044305148361769 3.163201501107326 5.687386311581036 3.431315754543702 5.1417212145534945 3.9309909930876947 4.780683802762629 4.212851329006056 4.243243351611101 4.72789307041572 3.9345152356525745 5.089401964979369 3.454905837836534 5.633929888384372 3.227814590622673 5.924747833698983 2.9326447507920808 
8	0.7	200.003	8	1	10	10	10	5.9219433900346985	7.234476042706791	-4.969315993450231 -14.508732321599386 -4.277605020570857 -14.440028486790364 -3.595308049077883 -14.368744971935595 -2.933779373559692 -14.278966658235978 -2.289890125344429 -14.194808512789608 -1.6722288180479812 -14.087058041940661 -1.0696191690543693 -13.995042521055924 -0.4913538154985498 -13.892563027363995 
10	0.7	200.003	8	1	10	10	10	6.690766886228312	9.034299243662929	0.6582168681916157 -13.205613377567984 1.0535378676381737 -13.260236138649567 1.6204452121697492 -13.226310647842707 2.196934894042775 -13.360349030347374 2.7886235811512448 -13.399677085621848 3.3781583297532434 -13.572570096240637 3.965748625999554 -13.669286226203724 4.54820209341355 -13.845059832280912 5.160043779448005 -13.994908515121748 5.825582676983837 -14.179724835806175 
7	0.7	200.003	8	1	10	10	10	5.019391107203893	6.6475694506344745	-9.66384761607529 -6.663648299653112 -9.408625118885665 -7.031574406516094 -8.847689587613482 -7.396591442441896 -8.514524938064406 -7.994552857525764 -8.007273351246825 -8.45635033637208 -7.745174947566399 -9.077971776511637 -7.435726471018416 -9.41461841464041 
8	0.7	200.003	8	1	10	10	10	5.570529586807011	7.918078595811933	-6.714345572931526 -10.21182104872375 -6.346005547084006 -10.424628559052467 -5.680410705645465 -10.600234097042485 -5.115054659808153 -10.903668820215229 -4.47556441322285 -11.052540225337202 -3.904523602142916 -11.379120744861595 -3.2928141418211263 -11.531144846916431 -2.871716197570809 -11.740762678210382 
10	0.7	200.003	8	1	10	10	10	6.466150527350333	8.300212343616117	-9.614078685679914 12.427986673554836 -9.22778078959793 12.320039993159122 -8.722802618442103 11.985314692082989 -8.164529772417389 11.739976691659837 -7.7714992357507615 11.286007528965483 -7.296057624645251 10.912060535270689 -6.934411933590325 10.378541082664631 -6.457122745870326 10.002540866493714 -6.105101670889935 9.539648704042618 -5.777299713482253 9.292752601006816 
11	0.7	200.003	8	1	10	10	10	6.941738193893222	9.92302573400356	-6.022631564732725 8.19799977122011 -5.957223585890608 7.812706121880657 -5.716738028750082 7.241529839645345 -5.609578358628854 6.6540124521680495 -5.316195113493771 6.140631212128878 -5.173852573467826 5.56132995398742 -4.841171920358743 5.069365139367689 -4.680998308818257 4.5012983957687 -4.335828176008504 4.028039174767249 -4.184424253172897 3.479607010001744 -3.962600991544951 3.1379675367373068 
10	0.7	200.003	8	1	10	10	10	6.46582293120586	7.413236695555983	-9.35737315195753 11.001508980147586 -8.969504125261528 10.701785553429367 -8.608455226412827 10.236327866667336 -8.129741624920666 9.851834118373024 -7.876402541462973 9.303966232844047 -7.482476479224641 8.851783316631407 -7.401353551403349 8.260821069191472 -7.080230558640226 7.745370607492081 -7.0771788386159 7.16318037403008 -6.875156844216553 6.837495340163706 
11	0.7	200.003	8	1	10	10	10	6.797454324834723	8.390692002141337	-6.816390220294752 6.137148860079274 -6.76785203848395 5.760727987137355 -6.408106463485043 5.339256695611452 -6.360521382984477 4.760811833284809 -5.9906850774808085 4.315496718134548 -5.877819556529689 3.749289903116428 -5.45803836965371 3.3536469895821797 -5.251966678477065 2.784315311543193 -4.792012304481686 2.3953129881760966 -4.537277098138357 1.8919019136671649 -4.226820367711728 1.675787715441048 
9	0.7	200.003	8	1	10	10	10	6.0406040412141895	11.630006610087788	11.526509200200213 3.1290232456369473 11.569013521237283 2.7085422613147574 11.752973815410343 2.122606990321431 11.789114005462103 1.4674433112340959 11.970789926134799 0.8465988842852226 11.976357530034065 0.2028265170319596 12.116242506132586 -0.40716784279392443 12.094721855631205 -1.0105977851240928 12.175410230242385 -1.4302789335394699 
9	0.7	200.003	8	1	10	10	10	6.212685603197139	6.578282436178567	13.05171492583263 -2.2690749243751402 12.962912757986278 -2.640321709032126 12.884706953427312 -3.2796878586761684 12.717775582318284 -4.012992436611418 12.68245379030347 -4.590275018457437 12.586334881549538 -5.2007301490336 12.609615020671658 -5.825931415495383 12.580601142269552 -6.433796950612081 12.602500336334588 -7.037639197276008 
7	0.7	200.003	8	1	10	10	10	5.400914753730966	7.119243410575504	-6.872783012329124 14.152313378100235 -6.233436246475442 13.951624087580294 -5.52782151175868 13.743503809104292 -4.874640938068934 13.6086131942242 -4.222103257751215 13.48683912435375 -3.5844094247916494 13.396250899128493 -2.9714571005806665 13.301187353144243 
8	0.7	200.003	8	1	10	10	10	5.563529320600297	8.643288758767408	-3.9537444672173527 15.07717147952742 -3.524196790490341 14.946706348225712 -2.980774013768239 14.63213914955702 -2.3399272697620424 14.44645363137071 -1.7793030186050116 14.101182662115713 -1.151910461700769 13.92078609982563 -0.6181822955701214 13.61486836302047 -0.147221987653904 13.468822093654873 
5	0.7	200.003	8	1	10	10	10	4.008385746191108	5.114049073818527	-15.063545784678643 5.5704790362473435 -14.877323230439018 5.031411418152389 -14.515088132812231 4.3548535686059235 -14.404247033556286 3.648338324341646 -14.22099984318131 3.123960238616379 
7	0.7	200.003	8	1	10	10	10	5.080677306124337	7.115262598547041	-14.34101225173556 1.804341738650344 -14.116054678148602 1.346381575644538 -13.67776348900695 0.8606172277502446 -13.363252532233837 0.24630468301662461 -12.847216270314153 -0.20376164338738323 -12.50622043400045 -0.7656544780676627 -12.14343322826811 -1.0860937589441908 
8	0.7	200.003	8	1	10	10	10	5.993081263450053	11.449876974918581	3.8298634139285928 14.877999632602409 4.338188692640425 14.444078841864929 4.834553850581692 14.029407180699051 5.332665675714313 13.634659397292394 5.844189786310418 13.254417718134736 6.374507409413689 12.885690420694472 6.920782497814595 12.520320751690429 7.504021434939209 12.129791032247438 
9	0.7	200.003	8	1	10	10	10	6.073365960208276	9.93610033051954	6.384273760156382 11.325769341847751 6.565540062894549 10.863682601028389 6.842039727235373 10.337658395407166 7.010210747437336 9.737017802719912 7.241801835281967 9.154011613872493 7.292885039312277 8.53024316236285 7.3760805824922695 7.859481425589756 7.291005089049959 7.266434394057102 7.293706565954045 6.835648348425792 
9	0.7	200.003	8	1	10	10	10	6.1504506985330405	8.217580968234424	3.2458116627668243 10.219909696665908 3.6657867388441936 9.826198552946156 4.037451332252871 9.360948924292805 4.437468577243986 8.90442412932274 4.739603551897996 8.275316957151384 5.088069698180404 7.732992620662624 5.342991545331051 7.15986613264422 5.740334265356878 6.722032803479479 5.936653842508809 6.3606237789342135 
10	0.7	200.003	8	1	10	10	10	6.498823211135408	7.703006193755379	6.860651682830954 5.708317179850479 7.053890404745607 5.368864572732085 7.494354371924062 4.959041788437895 7.7745559678738045 4.420116910211223 8.199074963610052 3.9652818401377523 8.453221795867707 3.3824601968708814 8.840834288641105 2.930128362081147 9.063309828349064 2.356745108626485 9.408872104671802 1.87207392360999 9.556325997234042 1.4626010858666516 
9	0.7	200.003	8	1	10	10	10	5.987617787685943	9.739867653753747	-14.971443860072721 -0.20599330531594795 -14.617648913579629 -0.39507613002796516 -14.273921475694316 -0.8870808196572534 -13.729858858401721 -1.2003776054337538 -13.367381450165153 -1.7122974518174119 -12.807953315873302 -2.0310927228195146 -12.449205347362547 -2.5556650378132506 -11.997466500138172 -2.945783978439287 -11.797012085476641 -3.354171432645308 
9	0.7	200.003	8	1	10	10	10	6.017958026750168	8.606156213481817	-11.050521881802908 -1.427343588572101 -11.033046708473528 -1.8450718088514122 -10.80550848005936 -2.394770602952113 -10.79013619907208 -3.0605305321343637 -10.576495256443419 -3.6826263260347076 -10.608581139263332 -4.304003186791434 -10.375143916295762 -4.889068072970866 -10.3724558903211 -5.510779755251874 -10.218038710658485 -5.887781720316866 
9	0.7	200.003	8	1	10	10	10	6.000518059398797	10.004659439001903	-6.190975739739817 11.350004165583602 -5.767500435556061 11.24940165854935 -5.228965558107697 10.944330411353587 -4.604780466185525 10.8402418193623 -4.076407117164203 10.490150302627248 -3.4838976180515053 10.270018357581389 -3.074269534138376 9.786328773148904 -2.5432017636715205 9.484476016681837 -2.302259919520246 9.161555501627006 
9	0.7	200.003	8	1	10	10	10	6.017095792290435	8.141177897669465	-1.3275053324085415 9.711760683988652 -0.9352763991545585 9.596277746515801 -0.45722371008412477 9.21857298627741 0.15648682305605227 9.040425895905774 0.6532698114496163 8.637503727664836 1.254238786048806 8.432995498856092 1.7070739242390427 7.990463027302349 2.2611776123053744 7.727870142491841 2.566618279232384 7.412375221315441 
7	0.7	200.003	8	1	10	10	10	5.19607318950904	7.660159096494896	-15.02123109155609 -1.9447595796158397 -14.850768458379582 -2.4951590120683247 -14.700222613452222 -3.0721158425800694 -14.419543783995989 -3.7931196482234264 -14.170396135941598 -4.416816938994957 -13.847225156722374 -4.95398752634705 -13.58547187243737 -5.439283982511945 
9	0.7	200.003	8	1	10	10	10	6.511607610489129	9.385521819833475	-14.145625080399302 -6.639406437970283 -13.908810015372492 -7.123351908369365 -13.640193387642261 -7.644378694086615 -13.326856467039072 -8.191580228128407 -12.989261832984182 -8.755254001611492 -12.633953884912232 -9.317410367187925 -12.276285385188402 -9.885766039947507 -11.92274388590149 -10.465283756140154 -11.577477318140916 -11.055312868551786 
7	0.7	200.003	8	1	10	10	10	5.178401845224294	7.125978092858952	-12.772484662242748 -6.527116596247699 -12.453346147156418 -7.051662813046031 -12.167376657185226 -7.673217062365645 -11.724127253832712 -8.188879191836886 -11.424836972787444 -8.805199882402121 -10.951268077544551 -9.270399481310104 -10.733355329353534 -9.665545525702091 
9	0.7	200.003	8	1	10	10	10	6.3640357975557205	8.440692233162345	-10.357576068274641 -10.692592191820001 -9.982404654281362 -10.956255369507732 -9.523565645572333 -11.296409201351327 -9.027798073214162 -11.643971917520407 -8.517672122444658 -12.003632938161225 -7.9650921374468 -12.355302161054265 -7.3827908804740705 -12.70615712510436 -6.78537879347321 -13.039952034814936 -6.182197843998953 -13.365683811704635 
6	0.7	200.003	8	1	10	10	10	4.537082106439634	6.062902105698837	-10.753813094636389 1.7552327690932932 -10.649910103000979 1.2836152345983793 -10.27527509157913 0.6824292215644115 -10.161204232946297 -0.05568209398767013 -9.890926212170458 -0.7003451559637124 -9.857520646846483 -1.1991187015883802 
7	0.7	200.003	8	1	10	10	10	5.1069238907981065	7.258686890192468	-9.63656527384481 -2.327517550815297 -9.501860034926837 -2.778785593777153 -9.481830037261325 -3.456645306115074 -9.254090789014954 -4.120614372536892 -9.176192650409948 -4.829371938504201 -8.885672844522343 -5.435478515077597 -8.777440391380694 -5.893589050492394 
10	0.7	200.003	8	1	10	10	10	6.5436192388060395	8.62841654907245	-2.2569328000288977 10.796944056582744 -1.831172700392114 10.818491871152531 -1.2239911153271439 10.957392294325354 -0.6431589666800132 11.001706871318756 -0.0791030493304519 11.239058157758388 0.5679983491376592 11.443871173790361 1.0360141058649934 11.774013798004425 1.569485564785671 12.037188759299417 1.9759537700166994 12.419214196714995 2.3850647288331053 12.699319690959284 
10	0.7	200.003	8	1	10	10	10	6.471612170670312	8.128649079243845	3.068594952451333 11.75731269286443 3.431523218393411 11.622553395975915 3.8930081031284964 11.24397954959077 4.442724744060051 10.961892030704975 4.8273379651053325 10.48812374465972 5.286138045981669 10.08879222379609 5.536282485769858 9.534251129350572 5.883838640064295 9.035875213932584 6.030690849008456 8.465435762605848 6.232021456990502 8.067190147570303 
5	0.7	200.003	9	1	10	10	10	4.042268928756657	6.0886850856101375	10.277358479902219 -12.850966551619846 10.723781982881308 -13.26029222233568 11.173767362381055 -13.798173716617704 11.692959063081513 -14.273478839375711 12.101434529032241 -14.754959471018127 
6	0.7	200.003	9	1	10	10	10	4.73377526030219	8.582352222864063	13.440064287915877 -14.532202938567092 14.00160363896843 -14.263912745385284 14.593859300415346 -13.986012723747772 15.204998578958227 -13.706304666424167 15.83388402326603 -13.421831749717107 16.467826646542132 -13.137264518902114 
8	0.7	200.003	8	1	10	10	10	5.523074398086409	8.999320098715401	-0.8986867498770912 5.372598060385386 -0.9584399199542499 4.950526448799116 -1.3102171194194083 4.379806350233968 -1.354501206060892 3.7402161703618897 -1.6388911163404765 3.15320798623452 -1.5696209683073945 2.48987327190379 -1.805257255602871 1.8897036397181264 -1.7451158246985246 1.4727518347855348 
10	0.7	200.003	8	1	10	10	10	6.454442019048146	7.380792998772812	-2.28498699365458 0.7111203818931633 -2.0517792727460837 0.39646045109295736 -1.9822445130601944 -0.16998955309743904 -1.661440179145169 -0.6815354882307834 -1.6529731355850457 -1.3222826098480969 -1.3988435766191953 -1.8690622189015549 -1.416158349494253 -2.477675309744924 -1.1682256992172924 -3.0256485889344127 -1.161909729933051 -3.615384028408493 -1.012829256379192 -4.0340632921957855 
4	0.7	200.003	8	1	10	10	10	3.3360401039475467	7.58709444339012	-11.194364463449672 -0.23731866490590128 -11.616873496088507 0.1525982071330761 -11.976699830595397 0.8533143422850912 -12.416616203658839 1.2210958629518942 
6	0.7	200.003	8	1	10	10	10	4.531361856919344	6.284958909159723	-11.734792621694684 2.2232558721062174 -11.748801583608468 2.7183127466557186 -11.53797014221077 3.3842605956564062 -11.61320136798735 4.106844980835853 -11.41997127969212 4.811013379362748 -11.47008706277063 5.289287775450018 
6	0.7	200.003	9	1	10	10	10	4.512870611747597	7.410597109265298	4.829770360523671 -1.8886103516298745 5.252917028467566 -2.082975426820937 5.971096059120574 -2.075842390624719 6.674505859111875 -2.3175684195436954 7.404261236165304 -2.2317357291751887 7.837567989801865 -2.3547638776573603 
7	0.7	200.003	9	1	10	10	10	5.072348317685174	7.246808490569105	8.274265713776298 -3.333702374047758 8.585064861566373 -3.657365310545277 9.16897326547086 -3.971845499625042 9.662387046145307 -4.4426535083741046 10.330058322541326 -4.709801631347986 10.93948351605616 -5.058682021727106 11.385049027040637 -5.160553959118233 
7	0.7	200.003	8	1	10	10	10	5.252405888287118	9.481088313777619	-14.790380774357812 14.824372772941553 -14.862000160098736 14.158460881819483 -14.896918853728225 13.455392386045123 -14.977402649146267 12.802034165548996 -14.989305493162991 12.1498425751199 -15.081710443792781 11.540907270690695 -15.109501698180626 10.989391924564483 
7	0.7	200.003	8	1	10	10	10	5.104214332497358	8.409252996591981	-13.745838490676373 11.327916136046882 -13.835298713100627 10.843502197044685 -14.091346960806034 10.224530099264744 -14.201130740461315 9.536824989456132 -14.427580359212113 8.89033343064373 -14.456305135662948 8.23315559505769 -14.567361325934096 7.743034637651659 
6	0.7	200.003	8	1	10	10	10	4.536799912795271	7.616756152636847	-13.50009016087307 -3.11795574520806 -13.136397648732508 -3.5164409093363496 -12.82022540372624 -4.1609425717516295 -12.269350614955487 -4.62670669841614 -11.930536695354458 -5.238092011713966 -11.566301824586397 -5.517473797040912 
7	0.7	200.003	8	1	10	10	10	5.070855618187771	7.403650261802532	-11.413034763013027 -6.521642123532349 -11.077282799033053 -6.825279055310333 -10.774385010554829 -7.424547193272905 -10.254716359675264 -7.900348018704643 -9.929168467297345 -8.515122073891048 -9.445905291089774 -8.980300939183458 -9.212632259333207 -9.394870680416352 
8	0.7	200.003	8	1	10	10	10	5.573277525043384	6.97332565356516	-7.409728347197343 1.5166304412797498 -7.394705503751253 1.05959000407304 -7.54583107765419 0.4507785430508347 -7.4302626643732825 -0.18744563957749388 -7.473598759731851 -0.8497755335294586 -7.227048483536833 -1.5136019938497929 -7.120102506925555 -2.158781082385121 -6.920565217473506 -2.5217921391801905 
9	0.7	200.003	8	1	10	10	10	6.056887578218831	8.718448611950626	-6.938298159846037 -3.589058006825435 -6.82235303932417 -4.000840893444667 -6.4906665479456525 -4.5248696785550635 -6.332149299391757 -5.1239566359435065 -6.021411659633142 -5.671821692198432 -5.90253901779597 -6.292318823734094 -5.621120159584769 -6.858796007077509 -5.471807550135722 -7.4529437722796885 -5.254701958298219 -7.8837560387568555 
7	0.7	200.003	8	1	10	10	10	5.071006251782344	8.513596752295932	-15.783653788971565 -3.6073792812315144 -15.739786141437817 -4.103846416893578 -15.549558858006428 -4.7348982586789905 -15.549310632776402 -5.419408516547673 -15.406541057119362 -6.0901236345048675 -15.459207068878138 -6.75611629033844 -15.3891209547276 -7.226100060373492 
7	0.7	200.003	8	1	10	10	10	5.185649267182548	9.401769370525184	-14.868120194525027 -8.297685996902914 -14.592457939462566 -8.661385637384255 -14.312962027869087 -9.243934052003302 -13.900598847619321 -9.782251125246642 -13.589594859271575 -10.382982922663981 -13.204250786941897 -10.925734021083956 -12.867783901146169 -11.496960390365162 
8	0.7	200.003	8	1	10	10	10	5.658298407830232	9.738415683763463	9.798397785449335 10.0687732935594 9.8492204569549 9.463391789917827 9.961626615016304 8.839913483736394 9.936547717531278 8.188828968676715 10.008860411514428 7.538212118230895 9.87540149632197 6.898410064595762 9.87296910641073 6.265993421043561 9.748976404328964 5.859407322822388 
8	0.7	200.003	8	1	10	10	10	5.530459163213214	7.503066992852709	10.363991028532903 4.94301702843415 10.702504923856873 4.701688641159144 11.331770700479503 4.575438670946398 11.88212053234909 4.2148260200019765 12.521365823031514 4.02585638359022 13.013768400992525 3.603177922739029 13.586632526784989 3.339230492716898 13.930304765565678 3.020562663772073 
5	0.7	200.003	8	1	10	10	10	4.078893517937285	8.037506301269207	-17.79552660932381 0.3432859985231486 -17.843992436286925 -0.3027611577247566 -17.789390692068547 -0.997610060144344 -17.845506039378186 -1.703882484013392 -17.815980527506206 -2.3287271755597385 
7	0.7	200.003	8	1	10	10	10	5.367489066999918	8.753054688002614	-17.160384088266333 -3.509599033154522 -17.07993881179856 -4.0988669906548845 -17.004843876186083 -4.735513940307255 -16.918443341065526 -5.40217435212588 -16.85586969190719 -6.077227541186289 -16.78795169271852 -6.755224860572922 -16.731638995147243 -7.45307765652194 
5	0.7	200.003	8	1	10	10	10	4.002775842504227	6.8994860037790335	-17.212865387972908 4.000639273439929 -17.226335985027212 3.4498828658885277 -17.09166389592453 2.736598288490122 -17.10425223707763 2.0087754222274996 -17.003281083351784 1.4193245923172173 
5	0.7	200.003	8	1	10	10	10	3.9890168126877605	6.854419108338117	-16.606600611057086 0.1020874638931721 -16.459404875682615 -0.4492949258262012 -16.4744826489126 -1.1768921009149205 -16.30511075963764 -1.889909828665689 -16.318858824354983 -2.447453803272378 
6	0.7	200.003	8	1	10	10	10	4.545455873757078	8.839347731481148	-13.622931226133453 13.800501866824368 -13.322900793434345 13.337683453437664 -13.075543444538475 12.686706228001128 -12.668228240464595 12.095271091817784 -12.49565082206901 11.40727645310292 -12.275635252654459 10.991869692304206 
8	0.7	200.003	8	1	10	10	10	5.54943617053506	7.311509986254199	-11.784418858729795 9.919814867340905 -11.555877944916714 9.550302424986572 -11.055891191925447 9.151585260901408 -10.733989023070167 8.56121174559421 -10.265774939379176 8.09286273130356 -10.012826739255745 7.483191725672668 -9.593346671203443 6.999232826529395 -9.429693605649682 6.590516256874428 
5	0.7	200.003	9	1	10	10	10	4.012561656718478	8.091261415183858	7.760166227932272 -9.906702840468377 8.133341311484957 -10.291251930442513 8.738927343250976 -10.694412280184709 9.24538023880402 -11.273761923808335 9.696462729307143 -11.63785902510915 
5	0.7	200.003	9	1	10	10	10	3.978830465284781	6.729125834713645	11.021254497530458 -11.712996671953372 11.471368548620973 -11.965661351754399 11.998980604849839 -12.467723291914739 12.630955312648322 -12.832644180460512 13.088679090601271 -13.227604703259406 
6	0.7	200.003	8	1	10	10	10	4.5280763738775605	6.839651197323459	-11.983532220431288 8.24826514875345 -11.80174776828183 7.79366359588042 -11.33341782117174 7.273764740713426 -11.043652427748588 6.597800054997525 -10.554607373031722 6.08713914989782 -10.34888849096656 5.635565838989869 
7	0.7	200.003	8	1	10	10	10	5.045914228078127	9.057018456571132	-9.234777561016259 5.4964988970987765 -9.202501564174552 5.043973640283225 -8.887811558272107 4.4450151802573545 -8.833527217577844 3.7550259419161076 -8.502709211746218 3.1481487199605307 -8.442819205095178 2.473098805015427 -8.236047085786739 2.068207321772922 
5	0.7	200.003	9	1	10	10	10	4.057314855132656	8.032509631190205	12.603914160730726 9.283682717206544 12.764748791530604 8.62794139594993 12.869186799609349 7.9311742412254596 13.062910028347643 7.267939715677704 13.16281275827589 6.689869810499736 
5	0.7	200.003	9	1	10	10	10	4.241568109424639	7.562601451694281	14.594695170846242 6.2191660666370945 15.061978569557404 5.694811655672887 15.537030253925389 5.147384044817586 15.98669418760364 4.588968784883785 16.41295338273233 4.036939873647621 
8	0.7	200.003	8	1	10	10	10	5.5581349023399245	8.647693884296412	-10.313720527513896 4.3597321868676895 -10.1542460138957 3.9168448311726305 -10.076613546944799 3.2971183106639903 -9.787458072249404 2.719328145919403 -9.629056437295352 2.074757604468463 -9.247366613835073 1.4949780250743063 -9.02587658974618 0.8892412540250859 -8.761603301043971 0.5707134505221413 
8	0.7	200.003	8	1	10	10	10	5.576097579725348	9.819947911713658	-8.743268820208865 -0.48383816174537847 -8.596245973125418 -0.8996995403870687 -8.577960085846327 -1.5461556633197178 -8.330903479552642 -2.169710716772329 -8.311482096118816 -2.8393717108916507 -8.09163670109319 -3.453089244903803 -8.081469982194932 -4.119468670061697 -7.9374487531953255 -4.523865917948594 
7	0.7	200.003	8	1	10	10	10	5.031299674222827	7.7621477344562235	-8.141158625723696 6.188218987574205 -8.095873366671057 5.753691394126236 -7.740029534301354 5.16750293269887 -7.669268149970287 4.474554971513705 -7.323914258159431 3.8774556673983755 -7.303104862067943 3.214435058124446 -7.117584564775969 2.7946001063992676 
7	0.7	200.003	8	1	10	10	10	5.060909662177725	9.61341777584146	-6.2216907588553445 2.4017066435218952 -6.086976243656642 1.964684077500468 -6.208844501512169 1.3186691537965212 -6.080048999601502 0.6409265667050803 -6.274302791352995 -0.026639082073617926 -6.174752276510067 -0.689541969405244 -6.279821469773016 -1.1688850270223876 
8	0.7	200.003	8	1	10	10	10	5.654543703035456	9.550039781317382	-10.229042657562356 13.688333314683737 -9.64432865497435 13.650191932597323 -9.0031289984719 13.496688176748075 -8.37799069675582 13.374883740449002 -7.791541202380297 13.084322337883838 -7.1511676705727485 12.919451610715743 -6.591244677120582 12.651019974645358 -6.16316378530314 12.569938867968451 
9	0.7	200.003	8	1	10	10	10	6.059290412321573	7.992363644263451	-4.986742910833414 12.232173267313552 -4.548028643689322 12.204371925813872 -3.9646304880621748 12.037675608222296 -3.340481441885067 12.080035580737684 -2.705475990731728 12.016284041009422 -2.0840058094496148 12.17561891729611 -1.4518163515635887 12.178550806181127 -0.8769695022181284 12.328769000819305 -0.39592216531561203 12.342748448571852 
6	0.7	200.003	9	1	10	10	10	4.506295062771031	8.141899305032066	3.5821334238312423 -1.2056600685039405 3.7633579931217116 -1.618631263359844 3.6992402963077815 -2.3546180832910233 3.991337818874734 -3.0124789458303436 3.9373226050285504 -3.732477232078113 4.128574397374716 -4.166968634080895 
6	0.7	200.003	9	1	10	10	10	4.508611345692234	7.663543565354985	4.530154593428155 -4.975521538540864 4.873644990449077 -5.291423792353968 5.132452156636182 -5.956111961416398 5.679786179620295 -6.428515484347614 5.985058073248975 -7.069550639369849 6.368800275012956 -7.383219127129095 
6	0.7	200.003	9	1	10	10	10	4.541664417301961	8.210777232080048	4.47012849614891 -7.34250787945248 4.797419461166475 -7.720005742103056 5.390773744907142 -8.05121878549363 5.982332161965254 -8.483313981432843 6.691848687940748 -8.640180568226207 7.15254744572148 -8.842807364213687 
6	0.7	200.003	9	1	10	10	10	4.535983293865412	7.152747185825098	8.37851603945714 -8.380757515220676 8.626483186687572 -8.773977905986644 9.19502254119063 -9.197157631512736 9.613642392200985 -9.800449018100657 10.195162678543133 -10.217170431412804 10.508778213958356 -10.622689610190152 
6	0.7	200.003	9	1	10	10	10	4.518292408578978	8.20146713894686	-2.8264147652287352 -0.899519401828545 -2.7205421385157282 -1.375475405919854 -2.916051403811376 -2.0581437046952042 -2.8942754596721 -2.764347420014609 -3.2862627428546896 -3.3670845264012192 -3.375408515489552 -3.8540539011055834 
6	0.7	200.003	9	1	10	10	10	4.520751533169165	8.098135872149284	-3.4705083989294545 -4.789097245470394 -3.269698959015817 -5.213944147326658 -3.2649467896348847 -5.929012069977124 -2.9250787216626084 -6.583601751564421 -2.8555976216849386 -7.291498025421908 -2.599043198621801 -7.70531580450345 
5	0.7	200.003	9	1	10	10	10	3.9767142319037685	7.444184901510187	8.047678142135666 1.9597652019714795 8.227442150050003 1.434361041803756 8.76393069132946 0.8620736717682559 9.09957678998507 0.1848083670005691 9.489809989106728 -0.09657623455852932 
6	0.7	200.003	9	1	10	10	10	4.487912348359529	7.85712096923085	9.997920431080109 -0.8893479668426981 10.378258746823995 -1.1497613434136513 10.70860260422497 -1.7690825800722605 11.275435433939684 -2.2238841171337134 11.542664703632461 -2.8683169830100774 11.883207831769464 -3.23533522506901 
5	0.7	200.003	9	1	10	10	10	3.9785574401530943	6.086833909845451	11.101386843834876 5.968577577401601 11.66015640552682 5.844415277312782 12.311971486020767 5.525116985885179 13.044885608926908 5.40450385782146 13.540080678996434 5.195314059444846 
6	0.7	200.003	9	1	10	10	10	4.565806798511849	8.720798526332125	14.502957370858386 4.445783135430474 14.719631686560236 4.000328343926459 15.144613947233095 3.416829877407654 15.371380073345497 2.7454425085103398 15.703003506309344 2.1346672412827346 15.850719205849003 1.610123900871489 
5	0.7	200.003	9	1	10	10	10	4.035168036621464	7.715544746544865	17.53931992878932 2.841829132313406 17.33339145929203 2.2057223796849827 17.185209801283417 1.513361427729668 16.9092249594204 0.8421954921543804 16.770632856516606 0.327711131258784 
6	0.7	200.003	9	1	10	10	10	4.642143272245377	7.729783641062213	16.79279636708834 -0.9378133832148695 17.022581492960967 -1.403647017643116 17.222068800592233 -2.043922597328269 17.531036443839962 -2.6768421437174865 17.73842979321344 -3.3332241679047354 17.991020227705334 -3.942339963185678 
7	0.7	200.003	8	1	10	10	10	5.091616926388582	10.518861246911127	-17.431678443831792 8.616962462703343 -17.243494692539304 8.079873206823619 -17.150944096301124 7.426702036422984 -16.87665954545443 6.794043187179402 -16.844825699022568 6.1066167392728605 -16.60432698518194 5.499923603583935 -16.619156495379773 5.067702297346609 
8	0.7	200.003	8	1	10	10	10	5.489507863260833	9.253904406259796	-15.811582164389737 4.4496389849107585 -15.864710168942777 4.01318629545586 -15.654878140737997 3.413287371735303 -15.756441236932352 2.7710223366101996 -15.55116529441245 2.155493123985388 -15.68229312593874 1.5112484308765206 -15.49615594007929 0.9173690460110216 -15.579910393342102 0.4901274499777175 
9	0.7	200.003	8	1	10	10	10	6.116820096127961	8.318679847960098	-13.18304485682132 15.763961800825024 -12.890945945825965 15.257329244701099 -12.654344771781748 14.712423677822562 -12.287381004914609 14.189674177026703 -12.031594519656712 13.614154205322324 -11.60879450926229 13.155244867620118 -11.31197450527766 12.613522256602582 -10.862440735176952 12.246971813904201 -10.60036618867856 11.883953512574555 
10	0.7	200.003	8	1	10	10	10	6.437528100516529	9.760011396418411	-11.128663200818178 11.008192586728313 -10.866709647573025 10.675059964192748 -10.370340813182345 10.366053895718998 -10.051578149171345 9.83898201176966 -9.554596419022504 9.486819381168214 -9.315028191189786 8.931878526192595 -8.878149048575672 8.51643506192165 -8.725754574780822 7.931253101310342 -8.351772078337213 7.481583330347472 -8.257109448878696 7.0856498158208 
6	0.7	200.003	9	1	10	10	10	4.416053090304084	8.207282927319458	7.06597222205548 1.1343250596796939 7.412508148952286 0.8237962008089015 7.483579490190738 0.12711287096325247 8.054435270616029 -0.2767355172985275 8.283976638122812 -0.9157951625972335 8.712225405572934 -1.1146005670064287 
6	0.7	200.003	9	1	10	10	10	4.474279263490633	7.600334053853437	8.775690265518701 -1.8826364427004434 9.201458889790764 -2.0654026481343633 9.536546368891045 -2.645311799049518 10.16591816487203 -2.967422169034016 10.519860062887876 -3.5739029213475604 10.972009369092321 -3.854165080908758 
