N disks	Disks radius	time	Gen	ks	kt_bot	kt_par	kc	current length	div_length	X
9	0.7	200.003	8	10	1	1	10	6.683525073221286	7.511788222502252	10.934222098413365 10.498974072529773 11.515376982694587 10.786999272096946 12.1279438007387 11.026023826992153 12.786003869727649 11.133006906299263 13.454553192423987 11.136384742775965 14.125628529574668 11.07558650533655 14.790743507874593 10.96044584759714 15.44139102594938 10.832147985746959 16.07100328135507 10.807427664318471 
11	0.7	200.003	8	10	1	1	10	7.73466418261793	8.322568428493362	10.74821959101732 -1.8706897866937604 10.899598313673408 -1.2515384168762536 11.26248112093864 -0.7393905565559252 11.792783306166132 -0.4062231093366871 12.38357799259323 -0.2089960427680298 13.003420382573134 -0.11493629256874749 13.629616837650934 -0.07599904473029583 14.261896109735599 0.019061326098783467 14.881856336536243 0.14772289077506934 15.497074056571956 0.33374912899267534 16.04901090350993 0.6786706380756625 
11	0.7	200.003	8	10	1	1	10	7.630543495186913	9.622368952057244	9.549717630325164 11.245087982603886 9.628945105737987 10.620798258004633 9.744922248301657 10.002350328662185 10.036885059961103 9.465501178672811 10.567273330895185 9.18103798242005 11.178548295727008 9.055151617412397 11.746390995932806 8.800449458275839 12.31569543506673 8.54042313450864 12.930866732854787 8.449969028784336 13.562884584112151 8.428165284543114 14.195420580947207 8.424185332202503 
11	0.7	200.003	8	10	1	1	10	7.139020329097415	7.697070579361504	9.74681618042478 -2.7904950327347096 9.613976560020115 -2.2551052458789527 9.477355800011251 -1.7067521708740956 9.556479062230327 -1.16966480193873 9.76920609109362 -0.6335676928016638 10.056993908304971 -0.15256068618436175 10.47982505269018 0.25342361259562707 10.946943957600642 0.6001005552794673 11.469297221044163 0.8782809493138101 12.022308907035917 1.0822075502646082 12.612299142082199 1.141847275738137 
10	0.7	200.003	8	10	1	1	10	6.846719960745913	8.311136219779598	5.661096359907202 2.09666298590937 6.260836944296445 2.2433431539749478 6.816243119173113 2.405151294253616 7.387999136635144 2.5186654962163892 7.930166705801298 2.3117689181451992 8.356655846941047 1.8941457523692535 8.478428966700369 1.313137412917435 8.526013879235217 0.6812109029322473 8.619400808628182 0.05898905621347462 8.608224416747504 -0.575051131410372 
12	0.7	200.003	8	10	1	1	10	8.07699137078723	8.65105309340041	9.541313226003105 0.9832222013405024 9.862395013618437 1.457128467510981 10.367962813474254 1.7368275412657164 10.915157532331484 1.968859885882391 11.412335235596569 2.2847824692647656 11.732277820073072 2.793054360197427 11.98770495605415 3.352589238032812 12.325518662585829 3.8720392912848625 12.698200611780104 4.376132510146207 13.095760903799963 4.850701129282807 13.345771734870643 5.4191441380231815 13.43442504125932 6.054063997796613 
10	0.7	200.003	8	10	1	1	10	7.081632872402054	8.19680922445283	-7.346284899497459 4.396816080979605 -6.823953540152864 4.748782597206475 -6.314283089327198 5.112997212319605 -5.883017009365539 5.5794547972768145 -5.510622544198621 6.099608198708299 -5.133447977843608 6.607300392929056 -4.737383806546289 7.089706942556726 -4.46352249698312 7.642638530120425 -4.265666973738163 8.241605831991533 -4.078065525179558 8.859655669236249 
10	0.7	200.003	8	10	1	1	10	6.691647062631898	7.73060156556032	-2.819989801714634 9.038626506821728 -2.9469126494278624 8.451925758891779 -3.1156406037406805 7.878764981224986 -3.2202110593894178 7.298049326396439 -2.72149880765643 7.020563777700599 -2.1454219442658538 6.957607060622283 -1.5632186720181602 6.96456208654141 -0.9745652809691422 6.938870171150255 -0.3875887148010444 6.924493872733702 0.20727392848677093 6.937684607597708 
7	0.7	200.003	8	10	1	1	10	5.19602294732634	6.547230628053793	-0.2454303530877287 -9.935811833769844 0.3730011630918641 -10.132342567962239 0.9713008369139419 -10.347912338998949 1.5888826828359852 -10.481861727718776 2.200478961819895 -10.3386119707836 2.801138042445463 -10.156007369889302 3.41905265114071 -10.074460318079135 
9	0.7	200.003	8	10	1	1	10	6.798349344325191	10.130720997056079	4.363662215440829 -9.73808933005488 4.866027218694729 -10.166595985295722 5.445336944393983 -10.50184178309232 6.047516952261656 -10.804661260859932 6.673663181358998 -11.067496629424292 7.3100323539223435 -11.295293736812322 7.957577925188215 -11.4919761639511 8.63186442422135 -11.581858875757082 9.314269386081973 -11.561502394243998 
9	0.7	200.003	8	10	1	1	10	6.048619805440833	7.787800650403073	2.2227704721279977 3.3757402365975953 2.701139355753306 3.0847855947663034 3.19551202290977 2.842606652570475 3.744123353712824 2.712676153650761 4.315117781979393 2.6846501286543836 4.864486677445644 2.8611074386912256 5.390401226762909 3.197299356572246 5.932737695238253 3.461897627316547 6.528555321397091 3.5141141902954587 
11	0.7	200.003	8	10	1	1	10	7.736872555679094	8.796740356389998	8.428640180442672 10.40844286663422 8.539248119928104 9.759976769217504 8.711677890875036 9.14938079627856 9.050260835258193 8.611936775484342 9.358948883456053 8.061023771953348 9.579531326920089 7.4714810580675906 9.971692947559273 6.982633627761341 10.465911048302676 6.589967646856979 10.998736118554387 6.254505239187716 11.545995969796527 5.943528109710613 12.103229840849789 5.646621658605615 
11	0.7	200.003	8	10	1	1	10	7.033434344624046	8.759823209402867	-3.3664342015602333 3.275483387532016 -2.8827950306701897 2.969847822005002 -2.3960925862369318 2.6487611840992895 -1.9066887936999617 2.3363337838342817 -1.378588804693194 2.1125348867723264 -0.8427007266762627 1.9114507142535522 -0.31293022189369624 1.7399345996798614 0.22467399716774972 1.6798611729583002 0.7315061674264175 1.8573615427297112 1.2131937647853261 2.1129021269589505 1.7222693309711103 2.3728304754518605 
9	0.7	200.003	8	10	1	1	10	5.892360112814105	7.249962044079443	-0.4272056252550503 5.703314344205321 0.13681103509359793 5.688335103223255 0.6965861853266847 5.726451782240389 1.2549413222860417 5.733503006587517 1.8219604017035866 5.726847558301358 2.3846938642929403 5.709532400842349 2.9261782651430797 5.777531905351122 3.4044733697783816 6.067653801201905 3.871088475675222 6.401028722821636 
11	0.7	200.003	8	10	1	1	10	7.114494490893852	7.4030042066195385	4.697160899978483 6.6361367889504885 5.234851795698592 6.489620609444281 5.750502642409138 6.296776101900285 6.262605239583565 6.079238062765975 6.804939973327115 5.91646584692795 7.351710725381126 5.773393935254897 7.8614158112924715 5.500134364540694 8.299789130073341 5.12323054198741 8.733592184276608 4.728061161541118 9.201050877176087 4.375549469279354 9.718361643790164 4.091595160740418 
9	0.7	200.003	8	10	1	1	10	6.509441187301061	7.465996142745725	3.4946820824520306 11.526130836491516 4.128859831421913 11.672482813456213 4.771108009617134 11.738263405491752 5.405966471389659 11.796437039353421 6.005950833287055 12.020931563009702 6.572105203986364 12.306892921168878 7.130664618054502 12.602372838871396 7.703823626798072 12.871551219158807 8.301000541234323 13.088798701713747 
11	0.7	200.003	8	10	1	1	10	8.008526658856798	8.307363715892752	9.375360029578514 12.651397989708176 9.959670623206094 12.416398903123474 10.548206651853597 12.176822731871367 11.178846477512936 12.124682514991964 11.804632939321944 12.28892199865822 12.444867299310866 12.434759010043134 13.110067969058004 12.485861557203481 13.785536627603474 12.46812135945935 14.46411853020705 12.398518749568986 15.143550375097954 12.29002194105501 15.825723367028317 12.163264353388014 
9	0.7	200.003	8	10	1	1	10	6.354611090122168	7.970829810917392	2.9586249218065075 -8.898344050853284 3.4702855968587487 -8.530179961518199 3.951202746188323 -8.127692824448307 4.47421256894514 -7.737205760840662 4.96857392084313 -7.36014537548568 5.364496374360509 -6.897464127616497 5.671856008642208 -6.380093167370355 5.968541868821719 -5.855604047607968 6.356349793305443 -5.385567035453973 
11	0.7	200.003	8	10	1	1	10	7.1382341854754365	8.167753648008452	6.499492977405598 -4.435853837352613 6.2977677693081295 -3.880870427402811 6.1984523700941505 -3.321282180628676 6.271402396604837 -2.732087468947592 6.346694158343028 -2.148222322494971 6.33203242212884 -1.5478422721037997 6.282556445508065 -0.9585599543571188 6.199340332392148 -0.38489595038349955 6.110102749511812 0.16916314512120914 6.03464957000741 0.7042532588706418 5.987709662503284 1.2259794604083116 
14	0.7	200.003	7	10	1	1	10	10.05592553025408	10.460356691030539	-16.290856060241204 -7.434255798122111 -15.73287388610611 -7.812257958328385 -15.187935503997819 -8.204515030602538 -14.650027404172647 -8.592608462498292 -14.090892510310756 -8.948474189340937 -13.53240209341334 -9.300861416421645 -12.942860567720134 -9.621291892816693 -12.329217085279186 -9.861104207078451 -11.74755989606249 -10.155742600803265 -11.252126181209187 -10.585171880837347 -10.847462909518141 -11.105918699959345 -10.430566696858314 -11.62715881318347 -10.011837299018763 -12.159950753923622 -9.51441468586109 -12.626521570610231 
11	0.7	200.003	8	10	1	1	10	7.555893510584246	10.298362061824895	-3.1650169873427294 -7.7016461620431045 -2.942318185870307 -7.121789670391587 -2.7461085441232855 -6.528246389647837 -2.55744279501397 -5.9329366764294775 -2.3721015553208296 -5.341574396132283 -2.172542362363029 -4.763081067087017 -1.904865275260045 -4.227541776961098 -1.4790859720938982 -3.817676015256273 -1.0198112425286874 -3.4889406554577542 -0.521520967381032 -3.212887376421388 0.14142621754080412 -2.9089714051300453 
11	0.7	200.003	8	10	1	1	10	7.145546892854078	8.812150296884877	0.05815250154376622 -3.341174170644333 0.6989965728689922 -3.4675174919843976 1.2373326014864658 -3.5903198552532465 1.7762775201030396 -3.464952817964256 2.1427863052752034 -3.0383554847013565 2.4378500174257467 -2.5454386905210495 2.6401911583409414 -2.0101874104516533 2.6415360986034906 -1.4351240109432783 2.5309673220479376 -0.8790341966854271 2.4448268869923986 -0.31616953090976735 2.4047057032478123 0.2486970239405992 
11	0.7	200.003	8	10	1	1	10	8.14717126727223	9.936979733518335	9.373261414956922 -13.36486138155973 9.808461345805817 -12.90103392622824 10.28603044296453 -12.413641170978652 10.670787024674619 -11.8439867245044 10.996898350352922 -11.242376192974772 11.29509405257064 -10.630165300999066 11.538300722236349 -9.988201347160272 11.775857254120284 -9.35780684847135 12.157855712845588 -8.807861406792629 12.65502176487373 -8.355384095961117 13.211330823018656 -7.974736144423004 
8	0.7	200.003	8	10	1	1	10	6.003574849325542	7.549679330369668	-0.6656874799849025 15.947460352274765 -0.22943137651906287 15.424232396602173 0.12505583604636544 14.85284067266457 0.38837680512835276 14.239340037604356 0.5777785553780751 13.60873731607571 0.7149000699593662 12.9741410118227 0.7170873141912295 12.340050071040991 0.5254016141900952 11.728882093059878 
10	0.7	200.003	8	10	1	1	10	7.677956087419906	8.204411746736888	5.225066534071569 13.069787792643043 5.8054069938596005 13.414147915515992 6.411233356254529 13.730908317329263 7.033406394838277 14.043103675034528 7.69613075161485 14.273413706612052 8.403182474110784 14.334117370621883 9.096137270816355 14.191490890880798 9.760845381019736 13.960584526713944 10.418658490359782 13.716152166996256 11.07987420344967 13.488755281158175 
12	0.7	200.003	8	10	1	1	10	8.028336413428924	11.347833839424215	-1.7145277815638513 4.795947270539264 -1.120386373072363 4.635361544595609 -0.5495952856835056 4.472153887981369 0.03251043028150505 4.398443461705832 0.6228425615091667 4.458828380875555 1.2319534254263915 4.5143839863822075 1.844275137032559 4.532607607713137 2.45692778895149 4.511362451142536 3.037687609501873 4.376138565062674 3.5740618252523584 4.100575735815628 4.1590164633921685 3.9836528311693042 4.76141507907076 4.049168225872404 
13	0.7	200.003	8	10	1	1	10	8.882433889378932	9.32021062498334	4.073517737529614 5.207746424602269 4.6724426097027205 5.275738878333154 5.266995104808787 5.127399905957031 5.8309244545729335 4.882469422756588 6.423113819475233 4.730323422527989 7.015278845677013 4.527017975679468 7.519424983907471 4.148135451539661 7.964158345850636 3.7136364930440457 8.469660340630343 3.3454137268172643 8.99578370996068 2.993878812090764 9.574756650066714 2.788219565155848 10.17861434455259 2.991430174930148 10.689401103840478 3.397361451612409 
8	0.7	200.003	8	10	1	1	10	6.263825671396926	7.3993357562929045	-5.980203333472809 15.110867009265212 -5.3210665970820585 15.32798335636071 -4.684139437727242 15.60320819645582 -4.057902250485843 15.904629997698551 -3.4340775244728423 16.20769024977956 -2.807512545280532 16.51166902795502 -2.1566483506774126 16.755747668404727 -1.509205066202439 17.010944241640505 
8	0.7	200.003	8	10	1	1	10	6.110843549761636	6.995041536129511	-0.18540108117469983 17.467706070951845 0.27879012877886344 16.952007228094438 0.7143165589224859 16.4194648432937 1.1012608203668826 15.857557497317373 1.4349147205396062 15.271251831520443 1.674089461051095 14.650656935763553 1.813339871577853 14.007010720741597 1.9297208681840121 13.368966410305994 
10	0.7	200.003	8	10	1	1	10	7.325702954011813	10.09155792727374	-1.609622623831146 -10.895460338964247 -0.9948459364630277 -10.999433887050154 -0.39556139253236305 -11.214368397688084 0.20737332952323595 -11.442244908400587 0.8183991716329914 -11.673702206063737 1.4145905817868663 -11.951960361818283 1.9825094448484133 -12.301593199385305 2.5867529858821086 -12.606177232486292 3.263878483363343 -12.681862945653506 3.947879391982047 -12.650442021363013 
11	0.7	200.003	8	10	1	1	10	8.102995958237276	8.205956152562118	2.9110852818982007 -11.378239810737151 3.5643505127764965 -11.327125697591194 4.213749640141325 -11.346735791515023 4.815063084178598 -11.60543489317934 5.388755155819235 -11.932444748415973 5.992934988041456 -12.21174388680613 6.62170067393227 -12.454732943615475 7.257679580067496 -12.69171180539775 7.858335088538748 -13.010280327548758 8.37184037894803 -13.440974935152878 8.861393233797841 -13.961511520460482 
11	0.7	200.003	8	10	1	1	10	7.531829513861094	10.04958576263843	1.604264788929137 -9.181927277794427 1.7684862120804385 -8.56862575150863 2.0282631552404387 -7.992531981023593 2.431549918896305 -7.53215224775297 2.9668677962858925 -7.23991670806168 3.5110386645734453 -6.945781591817756 3.9851035843940297 -6.545477268113977 4.332328381128097 -6.0560044546935625 4.653402452067747 -5.548418968766857 5.007027923309377 -5.066599718998546 5.364807704029302 -4.57798834253715 
11	0.7	200.003	8	10	1	1	10	7.418608163790903	8.685330061359663	4.1807321463749485 -4.217910454134748 4.5614058926146335 -3.7498304538947087 4.8953025470075815 -3.26800295469287 5.050441704927558 -2.6952852829454432 5.1026845175609745 -2.103633935460508 5.103432877523321 -1.510047853318252 5.039957010953318 -0.9132893211465436 4.940926836765063 -0.3157714719408401 4.840728657418575 0.2861405460326272 4.7621215371122165 0.8946143883134431 4.698053186701671 1.509933600949883 
11	0.7	200.003	8	10	1	1	10	7.535889030480883	9.703966657032446	1.203473537973834 6.970574276262147 1.803100427254443 6.939147851669682 2.405407291647551 6.987242495118116 2.968426003814308 7.241438543175131 3.505451134760017 7.561132944921846 4.0806174976778475 7.756356381639977 4.690976346370889 7.850196118727377 5.30633750529196 7.833143450444939 5.896093574665121 7.679621252896553 6.447394074756456 7.401998536753871 7.003046637085825 7.124030816904172 
8	0.7	200.003	8	10	1	1	10	5.651137131079201	7.870832766197413	-7.32528475611372 0.8494397559543877 -7.097468342827438 1.4037281167254692 -6.683671552518943 1.8145106207620596 -6.160910173064291 2.1212338941141833 -5.664559630972216 2.4708660515002014 -5.162243165080118 2.817277798910666 -4.659457891710583 3.1719994826979647 -4.252487150030175 3.6529794107976836 
10	0.7	200.003	8	10	1	1	10	6.728624754865255	7.821310558803702	-3.5844452135133 4.665942436788767 -3.0206855938066925 4.498085501750358 -2.5001687606779277 4.217592297710781 -2.0080957400235975 3.826894800049905 -1.4856584621830955 3.503290762166054 -0.9388300199890434 3.2678010569774676 -0.3743619730823802 3.1011733347063277 0.19985258290170785 3.0720862011692796 0.7476248757246947 3.2276932745146314 1.2979380831261302 3.404258140134769 
8	0.7	200.003	8	10	1	1	10	6.1463675327350735	7.115523096205807	-14.483815351153467 -10.221395405278868 -13.909870594369062 -10.590035646270618 -13.305984781116994 -10.901405301941093 -12.704092892367512 -11.206297555472094 -12.170867284344713 -11.616841378689854 -11.724967790373512 -12.124851076492474 -11.308249823249584 -12.660963750826323 -10.890972366971237 -13.20061803372316 
8	0.7	200.003	8	10	1	1	10	6.21056214033238	7.630385668325204	-10.156395489282582 -14.32194540500917 -9.531828633462727 -14.018826319989948 -8.880967083337111 -13.786931922774958 -8.212895395963558 -13.645516265772688 -7.537442680519163 -13.71820664577871 -6.915634765073508 -14.000154330327709 -6.424311703539111 -14.478591936934318 -6.063657986219642 -15.072258386091471 
8	0.7	200.003	8	10	1	1	10	5.798471402266609	7.401174991237047	-9.11434483977152 -11.333555861753997 -8.564429974210169 -11.605398671233674 -8.047722270160076 -11.945096794547121 -7.518573511889697 -12.275812940797488 -6.940016073868747 -12.521529105580585 -6.348221820584008 -12.74665359919459 -5.745478135335811 -12.95534778662136 -5.122618464713383 -13.115323256083478 
8	0.7	200.003	8	10	1	1	10	6.165915121846458	8.32544472887147	-4.993396626387554 -14.346163013115664 -4.328777096292798 -14.225222676604673 -3.6616488393865927 -14.245850274523523 -3.014964440390487 -14.43116327613984 -2.384264456031729 -14.684595108384766 -1.7575393251563767 -14.961503189282856 -1.1291204953766059 -15.246919069407298 -0.4969127710281131 -15.535935664238792 
9	0.7	200.003	8	10	1	1	10	6.5183881540697595	8.097479853474471	7.314082219765752 -8.551197750828212 7.839568905353372 -8.157290211454686 8.438826288906652 -7.9053699208199975 9.050591276432376 -7.677994073280706 9.629649069692345 -7.40668275893215 10.167310424124864 -7.062424415187834 10.649046043957576 -6.643962045958653 11.068562385367894 -6.177677014517113 11.35528246979642 -5.632797905222783 
9	0.7	200.003	8	10	1	1	10	6.411099360042529	7.396217055801675	12.39363872663592 -5.535163522712461 13.004427538590916 -5.41889519711741 13.622319323082264 -5.339182839544755 14.238130190875035 -5.231447633199192 14.773481395926035 -4.917308998591523 15.085232139524614 -4.370797997270251 15.354756105856211 -3.805303756649812 15.861907503230615 -3.4422082491765806 16.463018406146773 -3.21931095268458 
6	0.7	200.003	8	10	1	1	10	4.423701600339138	7.079072518188605	-12.642691144759006 -8.489656135442816 -12.028951066053267 -8.553665235116094 -11.443026461563408 -8.413841777185205 -10.892754097391823 -8.149461089828547 -10.33057741188532 -7.930285530980062 -9.749506747004496 -7.8258811124819765 
8	0.7	200.003	8	10	1	1	10	5.5529548783437	7.484863830798398	-9.310086486364575 -6.858897753492971 -8.80054279908813 -7.2220943055108275 -8.29117324498195 -7.519476669827539 -7.712125870655795 -7.63024271065989 -7.127672321913399 -7.564583746829375 -6.566719095624167 -7.374188090097036 -6.023643236189868 -7.143824860948087 -5.4791843433699245 -6.951532551544226 
9	0.7	200.003	8	10	1	1	10	6.12577134580444	8.666367280228279	-7.36392989027975 -2.51518734846046 -6.905598193303942 -2.1303216401096927 -6.4764170465803765 -1.7266518049156074 -6.052701312213292 -1.3159547331091128 -5.654702779640385 -0.8759388869283864 -5.255929084496785 -0.43572757383147837 -4.839426477931224 -0.023082845736963804 -4.382520160404509 0.33801101403827943 -3.930394894142928 0.720242077400512 
9	0.7	200.003	8	10	1	1	10	6.062870034609833	8.795327742604744	-3.025800845709321 0.31983255228738733 -2.5076740276843346 0.06521712579780035 -2.0047823277151546 -0.2412031856229747 -1.5076763593912563 -0.5442960480706875 -0.9823007637181834 -0.7540599048606674 -0.4083571910103596 -0.8383121131318255 0.18392220481727384 -0.8554707784861939 0.7487028129666851 -0.7323418148248104 1.3124937164428871 -0.5327483699458938 
8	0.7	200.003	8	10	1	1	10	5.677845270871099	6.949100468431739	-8.712585248250027 -5.873750786923111 -8.171000106857734 -6.137900676557042 -7.6078123307539345 -6.314805291300028 -7.012657435292811 -6.243544560045443 -6.495563834680814 -5.928564573680821 -6.236465695985822 -5.364933103160702 -6.07054125742167 -4.761036885831253 -5.858358522886152 -4.164159408034485 
9	0.7	200.003	8	10	1	1	10	6.217496850817607	7.5502559532154505	-6.120601862700702 -3.073185830204101 -5.617420988757173 -2.7388869157653324 -5.208427637723117 -2.2932265507323066 -4.817732933259806 -1.825526149892261 -4.428320133837221 -1.35977512236489 -3.9793045915389165 -0.9645412047605108 -3.4092003906995343 -0.8848487029912576 -2.8548815356194956 -1.1301325028503753 -2.3348242447830008 -1.4527448699748047 
8	0.7	200.003	8	10	1	1	10	5.685882058974791	9.055507553587073	-5.187097126181748 -5.991148592872782 -4.9818485296410975 -5.427106556337657 -4.808644552176279 -4.850869770861001 -4.690043309144827 -4.2481235519804335 -4.576458921296643 -3.647654498909237 -4.284436148341034 -3.1104084919968416 -3.8751996895082117 -2.635194764751289 -3.4275910623470933 -2.2063181596043457 
9	0.7	200.003	8	10	1	1	10	5.916985260508557	8.306096110772954	-2.533380625682822 -3.0097526383993705 -2.088558757634475 -2.668279894825351 -1.6136070181175206 -2.34406577150809 -1.1281677556332683 -2.0620847769844675 -0.5781581241775239 -1.9949576713139994 0.0032909123591329183 -2.0341882965300813 0.5914052032402861 -2.1296386767263127 1.1303432396633313 -2.1172224391753076 1.5192275405017444 -1.7311210059433209 
6	0.7	200.003	8	10	1	1	10	4.327315524803	6.939739920328051	-6.973622681021813 -3.851204006310296 -7.541862239891581 -3.6992301698262957 -8.10185449756173 -3.4960552223442125 -8.556278061399778 -3.1300525326448563 -8.719362378522057 -2.586998687453253 -8.606576031477708 -2.004933243105468 
8	0.7	200.003	8	10	1	1	10	5.561223531508652	8.966450300072417	-7.8078544226608635 -1.300247094615181 -8.129762538149391 -0.7584331601660761 -8.254758772361926 -0.1533956665309251 -8.366067851056659 0.4544377247154867 -8.425146962340454 1.0797699121373374 -8.43788903985063 1.673451705243613 -8.586868759543725 2.2086655013502168 -8.848998879394198 2.6551473486733586 
6	0.7	200.003	8	10	1	1	10	4.458302956846378	8.123454325693322	-13.420650381788876 -4.838786562751071 -13.323949760843824 -4.203606321805277 -13.067036230415132 -3.6564457609113936 -12.76119833597426 -3.136133882825268 -12.533784663890478 -2.580396213953582 -12.37933478053118 -1.9930423768085173 
7	0.7	200.003	8	10	1	1	10	5.073822265182798	6.971724812908212	-12.117843049652762 -0.9799234908040988 -12.085665253980864 -0.37893159870382875 -12.145850309294207 0.22214158969176123 -12.318105855776878 0.8054092558448026 -12.562118062816735 1.370219517458979 -12.833725806152882 1.9279951014063041 -13.08184548964237 2.5006119181283877 
9	0.7	200.003	8	10	1	1	10	6.732289519996408	9.286820998084433	-15.407311821281233 2.489504916546336 -15.41254426351968 3.1528133570312997 -15.211179300051215 3.78517649322054 -14.914839345496945 4.381074348512122 -14.587235542144272 4.962174087080975 -14.240491892438182 5.533371237672013 -13.893679380299073 6.104954159649546 -13.628585447505227 6.715550646134917 -13.519156257817427 7.376833819171677 
9	0.7	200.003	8	10	1	1	10	6.512673563638984	8.363651009317714	-11.811186199831313 7.267007658762987 -12.202896587536008 7.712554380143336 -12.536868817639915 8.220410061774185 -12.851367168678832 8.751654339852614 -13.125693333508565 9.320092992840355 -13.373968290561814 9.915410331934936 -13.60749295828211 10.531586470327605 -13.818387991798813 11.170603930981413 -13.974186000324748 11.838870542172636 
9	0.7	200.003	8	10	1	1	10	6.643871342896125	8.498606503087627	-10.635690590788176 -9.38656674632881 -10.00975574895566 -9.125874666625164 -9.36726290755644 -8.922836511762013 -8.724806550057107 -8.807374512670838 -8.073691923570758 -8.881846519682105 -7.424209299599741 -8.918433005417683 -6.794627765292183 -8.771552695845132 -6.185757359556362 -8.560594367483782 -5.593860823112558 -8.310618982711778 
9	0.7	200.003	8	10	1	1	10	6.043843961151792	8.332596505173417	-4.46998432511192 -8.074244153571403 -4.397428431611366 -7.493791224981717 -4.233012859004022 -6.921144996453847 -4.021026034997032 -6.3741469632360275 -3.824376952797771 -5.819481560276082 -3.6521052044551894 -5.260245785019846 -3.4964160034391925 -4.704372161479472 -3.3325990218631687 -4.161309403960288 -3.1337271851291293 -3.639637676010127 
10	0.7	200.003	8	10	1	1	10	6.975424628148968	8.259010742935846	-0.5011090481575071 -7.603338062689817 -0.2971990965095558 -7.008833483661687 -0.06409460470901558 -6.430127711596994 0.24218852345865285 -5.895348014189988 0.680077035827906 -5.464068162299925 1.1634949198483693 -5.073838831391514 1.7049651422753276 -4.804827724270949 2.300792092792992 -4.676039209322141 2.912686270384938 -4.750910406678634 3.515994615107576 -4.965149608500353 
10	0.7	200.003	8	10	1	1	10	6.820846829364459	9.046834568214843	3.1469766731936306 -3.6506533680874185 3.4958234074836123 -3.1369977564573457 3.771050711614087 -2.605800435913034 3.878247922672624 -2.0193585358426676 3.864213259514111 -1.4201477111532697 3.7830079440590243 -0.8236260225378422 3.680819685810612 -0.23458683456398674 3.5807889555603354 0.3562799710715631 3.5097032411623768 0.9460256015041891 3.5535550836286 1.5574378481151512 
7	0.7	200.003	8	10	1	1	10	5.356937479866072	6.8170990311743065	-2.4246027650347948 15.260389056785419 -1.7847915314739375 15.03671605367618 -1.270017452354677 14.60870755622353 -0.9477930726890476 14.028843994661573 -0.7306400764782001 13.412214847337985 -0.5925731079386157 12.778683652538149 -0.6096587864251539 12.134747304964003 
9	0.7	200.003	8	10	1	1	10	6.185411389233714	8.092950775715284	-2.2313955566506385 11.24737515928763 -1.6292371825365635 11.195077306924004 -1.064237410850043 10.988158133527422 -0.49146257053003384 10.804512005599328 0.0713951105748508 10.599481476711011 0.5917632732815965 10.299326169464642 1.0563434236138252 9.902165261359196 1.525050058597616 9.56123104226337 2.0782467052335845 9.364214640803594 
9	0.7	200.003	8	10	1	1	10	6.738731694147809	8.827884934360625	-3.816228792193829 -11.43103979750458 -3.1846722118153523 -11.535343077841375 -2.590350204524375 -11.762049491286033 -1.9842466007970323 -12.031593587922256 -1.3488395492535143 -12.250952120273784 -0.7143575269274673 -12.481250678523017 -0.08413748687399018 -12.735264496341328 0.5395796699585559 -13.013832845249402 1.1566723844054692 -13.321226497578747 
9	0.7	200.003	8	10	1	1	10	6.897467506601664	8.44632582453136	1.0715992947729385 -15.751449808193732 1.4863087807064976 -15.193258281751088 1.871371124344771 -14.622062995175693 2.4064710877711253 -14.208998917088984 3.061056219604456 -14.033539271868774 3.7442638330547404 -13.977458425520451 4.428898709730893 -13.886400917842261 5.099612460422945 -13.722733473581556 5.773182800356291 -13.559891600226965 
8	0.7	200.003	8	10	1	1	10	5.939293572868838	7.2042752791578595	-4.754140428740337 -10.61683827051071 -4.108689486312052 -10.419662862577706 -3.4482476508045266 -10.286180031078429 -2.812777914999056 -10.19851761956468 -2.21643072291422 -9.96771739353006 -1.6394364034513755 -9.65866078344888 -1.2019945647981058 -9.204150785242053 -0.816734876501655 -8.71291604690646 
8	0.7	200.003	8	10	1	1	10	5.635695479028817	7.7396327390006014	0.39232909729176635 -8.855988507672999 0.5582220302468812 -8.25666321191407 0.7821543071429098 -7.671408921702382 1.0417489039076426 -7.114367754185319 1.375601024061297 -6.617411011785169 1.82379797362242 -6.228731086827501 2.370038724831994 -6.0132643395477166 2.9548356303784207 -5.911996492344067 
8	0.7	200.003	8	10	1	1	10	5.727842601112442	8.385651233977004	-6.47437351832557 -9.9394907601724 -5.857284301560063 -9.8051436158183 -5.282781294939733 -9.54985521445395 -4.705376063579012 -9.316156257691631 -4.099396787013446 -9.163036196332136 -3.506411984963193 -9.009545818876061 -2.92020622625956 -8.871603927172288 -2.3475559717179615 -8.676568137110063 
8	0.7	200.003	8	10	1	1	10	5.556839343653982	9.65083472847066	-1.7901362305570372 -7.838906341341785 -1.6602527185403655 -7.248094578395828 -1.4882196507148768 -6.667981451349163 -1.2986801384794429 -6.098101196907475 -1.088495795506106 -5.540775321503357 -0.8116501264726286 -5.023303759979264 -0.3782902884093428 -4.635291609770729 0.139884531978988 -4.370162825615454 
8	0.7	200.003	8	10	1	1	10	5.824085073091281	8.126568029121547	-18.550752350074333 -5.898210035142624 -18.067994387584257 -5.432887335362536 -17.53175570161995 -5.04453324581826 -16.928802738239437 -4.815206335086058 -16.30591041957068 -4.71312274867547 -15.692017258072994 -4.667341989042889 -15.095678307783064 -4.609845415686252 -14.498773577134173 -4.544361142766092 
8	0.7	200.003	8	10	1	1	10	5.917630002801765	8.49093188761999	-14.38268877786986 -5.737656927047256 -13.788465198604408 -6.016526986048018 -13.15692701051233 -6.133411609244652 -12.514018221535938 -6.062494782138536 -11.879250813743552 -5.903961652914066 -11.341744059187114 -5.551592706901046 -10.950911931190042 -5.0487438056696154 -10.619298719082149 -4.503342032390686 
8	0.7	200.003	8	10	1	1	10	5.927056139918843	9.845904636684878	-14.167614999237381 2.9432664410642957 -13.869192172188589 3.5185518444134956 -13.572696345501527 4.081946989887773 -13.252966985171708 4.642909996393171 -12.913898395349698 5.186879611278276 -12.541094664024442 5.710441134492955 -12.0017407605541 6.058758375752839 -11.378453428415238 6.306916229551251 
8	0.7	200.003	8	10	1	1	10	6.1564653027718315	8.077720869928793	-10.391681768779089 7.19533134349041 -10.690478991862948 7.791100098018349 -11.038729843538398 8.369637190618638 -11.39901117498382 8.939542507253856 -11.707248208558998 9.542709189085686 -11.968542845765805 10.173223239821754 -12.22806317366484 10.810074417563415 -12.49934727083119 11.447649884262493 
5	0.7	200.003	9	10	1	1	10	3.938494462744941	7.532063577231093	10.213294253459045 -3.639006126187893 10.766373566178709 -3.2494237931274426 11.343350843297932 -3.025162380850914 11.953861896202694 -2.947533069788652 12.578904993241133 -2.8917706762954576 
6	0.7	200.003	9	10	1	1	10	4.498035261887979	6.878556155789459	12.052530311318867 -1.720640781466087 12.651995380430797 -1.5416238431391853 13.259368937881609 -1.411918449637454 13.876281102452992 -1.3268242728502022 14.483667745332765 -1.2292801954302677 15.079552972667873 -1.0836610893031973 
8	0.7	200.003	8	10	1	1	10	5.545076814634802	7.691444088575166	-1.7897153547337192 8.287413041238825 -1.1817977187459092 8.24564593030104 -0.5768504961976486 8.173373228120981 0.03466117860865268 8.160089201450724 0.6295269497867008 8.211692677337435 1.2008762063791498 8.25863692623232 1.7665099148208094 8.205863115441968 2.341095120460027 8.160713962762717 
9	0.7	200.003	8	10	1	1	10	5.969491678432295	7.676197691261542	2.9930149386508207 8.83826582954887 3.5225357864656157 8.945957252946956 4.071229292946019 9.038765247940345 4.632579008795629 9.099873949145968 5.200191268315109 9.116844068023362 5.773376240948423 9.119095085556571 6.302451138344004 9.350477356360676 6.84318336280843 9.610333706281676 7.402713760644211 9.796010018424568 
6	0.7	200.003	9	10	1	1	10	4.816761513453169	7.581297712231001	19.469227038055354 -0.7196613235934577 20.02642379604891 -0.3365130709230667 20.644329977523427 -0.06215591356043559 21.304109431991844 0.10886517236539943 21.982796144322094 0.21787212841619158 22.667847011883545 0.3379631682926254 
8	0.7	200.003	9	10	1	1	10	6.289219155556433	9.332276798862871	20.494192978864042 -1.5199261137657696 21.16588325187675 -1.3492786471446137 21.847968958252274 -1.1987973907617124 22.533918637966323 -1.0594866561999474 23.219688575739195 -0.9193047625161659 23.901830060385592 -0.7670138173297657 24.586768330216188 -0.6262992009912033 25.27421009446554 -0.49632576018395125 
6	0.7	200.003	8	10	1	1	10	4.665136085267678	7.591237883824805	-8.380641669738905 8.718626360722693 -8.067597854636425 9.292806557070055 -7.781126105083156 9.881700280739201 -7.483989660572648 10.461710843792641 -7.076063437780874 10.97300691361075 -6.598433794136053 11.414634801043242 
7	0.7	200.003	8	10	1	1	10	5.2704919698880275	7.514724957175743	-5.395604224309486 11.210263979634378 -4.743539653948318 11.306953184283437 -4.119601997359074 11.438486459017717 -3.538684490920906 11.687787247902143 -3.0197418252022192 12.065352691106566 -2.4445325887357106 12.3834674205625 -1.8371775874410239 12.592804135897481 
7	0.7	200.003	8	10	1	1	10	5.461052708163065	8.70444409150047	-11.984811383593183 13.447735579811413 -11.311142997764017 13.284522889608278 -10.658045958955897 13.06465703749774 -10.034060532776826 12.796141001773053 -9.372369826403357 12.718163061362535 -8.756063901156837 12.9599945779257 -8.222427205951115 13.367027239082978 
7	0.7	200.003	8	10	1	1	10	5.534356924846035	7.219153955405366	-7.514163914371832 14.460915308673254 -6.951908900860387 14.05086487277309 -6.31424079469885 13.791145656561307 -5.631155227919623 13.795418107102376 -4.972567030561754 13.981858871128338 -4.351358403498875 14.276928603271513 -3.7355269121765486 14.598285357940485 
6	0.7	200.003	8	10	1	1	10	4.838457026560744	8.352162967412898	-20.293589477655903 -6.534694577956335 -19.660226642118417 -6.822448564495794 -19.03689526138747 -7.1220513638494145 -18.414638265288016 -7.411979046678775 -17.84699666741564 -7.791038553195731 -17.346173103693957 -8.254170083603615 
6	0.7	200.003	8	10	1	1	10	4.85116796528296	7.871802658698285	-16.269501304366255 -9.04697016887817 -16.06416634891371 -9.695301444892507 -15.846901541978268 -10.345571806887872 -15.537796548893834 -10.964596279033376 -15.077608264589367 -11.486040777906236 -14.57524604919186 -11.970803652347952 
6	0.7	200.003	8	10	1	1	10	4.735066048692044	8.385785544133991	-9.112352717729697 10.076156351236081 -8.878623789688998 10.69137916780434 -8.554685169536565 11.266920038602574 -8.115311455109463 11.764976600558567 -7.614294642071455 12.21476738697136 -7.111060072134889 12.670674733752822 
7	0.7	200.003	8	10	1	1	10	5.267169185807502	8.272171928273583	-5.867901772192045 12.453156695427253 -5.226353826395168 12.53322930144588 -4.60530637919651 12.683220807665247 -4.027237246273133 12.954195448528706 -3.4648647548994913 13.274572620532146 -2.8887551990957525 13.575593340564657 -2.292571495888256 13.824537427879816 
8	0.7	200.003	8	10	1	1	10	6.092446557535913	10.540110854038023	-19.770054690041786 -5.247436552603011 -19.284821627209002 -4.7510611394458655 -18.777234245782363 -4.287624744677309 -18.224540917286593 -3.8932746529267623 -17.619282098029924 -3.6051893882159742 -16.981000331595936 -3.4283915424240536 -16.33183723979026 -3.3502949746532313 -15.68792254282985 -3.3045744880611783 
10	0.7	200.003	8	10	1	1	10	6.9897959457704655	11.850495836957068	-14.486167755681489 -3.4400246037274096 -14.143620852128036 -2.952724724653824 -13.868093142221607 -2.419047622409999 -13.657261412751662 -1.8514369890143152 -13.47971355332691 -1.262815365219034 -13.41003624065892 -0.6497892641817458 -13.445678505362444 -0.027004658614834174 -13.64346855184394 0.5749650170713375 -13.926949270630997 1.1543411762037044 -14.289001862232615 1.6987477254387537 
7	0.7	200.003	8	10	1	1	10	5.325824172891007	8.925011200074696	-17.022236437976687 -6.26085330431224 -16.365177657973547 -6.096979602926693 -15.714947585759024 -6.208232041998483 -15.1859053870995 -6.596893278033152 -14.65708963400146 -6.988248063745211 -14.11726054803027 -7.336419514213818 -13.622400985256743 -7.729931438916928 
7	0.7	200.003	8	10	1	1	10	5.082729081047351	7.585328778357211	-12.544638433801348 -7.293661307360718 -11.922394887819475 -7.214201168742105 -11.331414969497013 -7.0247676450573175 -10.78406572591788 -6.744185751680112 -10.353864484949694 -6.32170950796995 -9.999552369629285 -5.824705761550317 -9.681513520038465 -5.308362151160523 
7	0.7	200.003	9	10	1	1	10	5.4599371661302065	9.11079516147884	16.110053758546865 5.262353334201911 16.690178722553622 5.580920164465901 17.28581372150993 5.879135503846938 17.910221355135157 6.131506154127374 18.56469834383836 6.312211518666782 19.232680696924334 6.472998534135269 19.889054828255833 6.6936625323582986 
8	0.7	200.003	9	10	1	1	10	6.221044873215792	7.900484836731266	18.693337620518495 7.699002532063672 18.67378265764001 8.380867877013111 18.69895711037582 9.06563710793597 18.77407079051043 9.74647890647282 18.932950307711817 10.41524700299027 19.163707805738174 11.065992171180358 19.42802671518817 11.707412800658037 19.694123658949366 12.351746653053675 
7	0.7	200.003	9	10	1	1	10	5.515606903694021	8.292985115220855	15.544988545265422 -9.324371944975963 15.93693564130289 -8.749868299003401 16.319221075302416 -8.172006127499731 16.647655853422865 -7.567843611913123 16.910679971308696 -6.937049257784775 17.15464950091672 -6.302512003351139 17.41138696912107 -5.676786319464193 
7	0.7	200.003	9	10	1	1	10	5.538693721455701	8.309653767939327	18.73888262524517 -6.057981421702045 18.892215436303374 -5.37717550979616 19.02687994469132 -4.69531989435411 19.056918822188987 -4.003011442806203 19.033940797155935 -3.3156221919697595 19.010327394942077 -2.6319536731832813 19.00303497533709 -1.9509938829910234 
8	0.7	200.003	8	10	1	1	10	6.010545635686469	8.781193428002624	-15.17314423783964 -2.1312913395758124 -14.949239497054544 -1.5139720937907144 -14.782896392406046 -0.8818198160911371 -14.784348017646078 -0.23268264429241986 -15.0146576890842 0.37527743771412847 -15.416635895793718 0.8939110967802762 -15.929517978356595 1.315938035993174 -16.45590114078975 1.7473298467992722 
8	0.7	200.003	8	10	1	1	10	6.282668389761239	8.377994222398735	-17.34465615684881 2.74254897974991 -16.931806494744045 3.3033973607587583 -16.58885955961845 3.9094434439538364 -16.30271575404123 4.547997163642997 -15.999336875979496 5.177194880217221 -15.664208834148832 5.789095539653961 -15.312874167195169 6.391203748178027 -14.965800804282205 6.995493765323828 
7	0.7	200.003	8	10	1	1	10	5.108614002433962	7.882901086208264	-10.98495343270743 3.717027390396265 -10.468070253616164 4.048025758265309 -9.950976129714075 4.407150126925959 -9.404244224853361 4.716680876675077 -8.860381416603246 5.002402630770032 -8.334173705556903 5.306148837784559 -7.780781644594736 5.574584912538241 
7	0.7	200.003	8	10	1	1	10	5.221140586573441	7.292884497406598	-7.9620057414130825 6.71023975705909 -7.701244901063434 7.299928393203745 -7.395579904520691 7.84942413285468 -7.061323341037704 8.386120397161635 -6.762396698315289 8.943913377067307 -6.501838236255493 9.523567098791256 -6.235925523893327 10.113332097367602 
4	0.7	200.003	9	10	1	1	10	3.2650848533595727	5.447341510398049	-1.8020402222096288 1.001359475063933 -1.2319576092404894 0.7383686533654017 -0.6514952886254017 0.5227072999431659 -0.04891326139299191 0.3853717613867622 
4	0.7	200.003	9	10	1	1	10	3.2842491351552128	6.369300125690893	1.0333742470155787 0.5934484477685495 1.559866369165484 0.9051755181644895 2.0962006507478916 1.2628306146253454 2.533603381944842 1.7130997339920133 
6	0.7	200.003	9	10	1	1	10	4.473764561134908	7.556474181134723	13.669014911062574 -2.6545753862331756 14.295742310551532 -2.607400710958859 14.898648240897508 -2.4811764710859303 15.471431393394317 -2.2611410710125575 16.040114810475508 -2.0476353176033175 16.615387976200562 -1.8500711691460796 
6	0.7	200.003	9	10	1	1	10	4.611438671148861	9.969344505908937	16.111165981703852 -0.7775859286152621 16.6470797923588 -0.47952882919324075 17.044733016970458 0.004764896179133925 17.300979059390475 0.6057062533637674 17.52805892873451 1.2177233814988908 17.84102949377991 1.805043030550818 
7	0.7	200.003	8	10	1	1	10	5.589916994585749	8.715125452885424	-21.128856497865048 -4.66876856060677 -20.64162875094054 -4.166222090695159 -20.144408853905112 -3.674137500593558 -19.618587957233444 -3.2139983177617917 -19.05145182407147 -2.8072020439954968 -18.454685425490375 -2.445939938383762 -17.85629486005406 -2.090218369014156 
7	0.7	200.003	8	10	1	1	10	5.529910282921406	8.255811761384566	-16.483006206266634 -2.020578398621924 -16.33471474721825 -1.3509561175285307 -16.34249493072463 -0.6684947208119585 -16.592114704715915 -0.03337856899844251 -17.031923294986218 0.49585806907522273 -17.532879399584278 0.9776612333224755 -18.016419288481412 1.4782266296269138 
8	0.7	200.003	8	10	1	1	10	5.434013804915013	9.29632863645902	-7.369603189210555 -5.015056900123373 -7.936138539730092 -4.862014846157638 -8.496207463686154 -4.669422034824393 -9.010099612034503 -4.387789492293212 -9.465530886094788 -4.0269608959064795 -9.823250637587014 -3.57739766299177 -10.010720586506899 -3.0597270532179666 -10.048780402567687 -2.498241606285884 
9	0.7	200.003	8	10	1	1	10	6.001539976576492	8.43953886702346	-9.697302816496242 -1.7003922275584258 -9.504899037569993 -1.1683178985925156 -9.475517977664985 -0.628300116872557 -9.537072791659842 -0.07446456714624115 -9.607132351418143 0.49170398103287183 -9.673465165366284 1.0658071729996785 -9.797186058997209 1.6350512672882938 -10.04712030086258 2.1701587216008953 -10.39943902239531 2.6756313544730155 
8	0.7	200.003	8	10	1	1	10	5.660820522864093	8.668322691300023	-6.843682933907388 6.281940110315378 -6.51202006955201 6.816391091891477 -6.169462864449179 7.335551129059474 -5.835670254827434 7.851497919679095 -5.570335480382718 8.39385533833509 -5.354605561271527 8.949914528167923 -5.167425065598789 9.508890849253563 -5.057769588130868 10.104498659077281 
8	0.7	200.003	8	10	1	1	10	5.611535487924288	8.353733085652658	-4.083798878400745 10.10308231545748 -3.5412170073167415 10.229949648505897 -2.9770243479847167 10.270072449324708 -2.387415161778888 10.099143700295668 -1.8182844544685905 9.85861937532117 -1.2494946986662618 9.630851562599576 -0.6529558528946162 9.472017620543884 -0.04587899150738628 9.315513517459166 
9	0.7	200.003	8	10	1	1	10	6.566851183175492	8.593155988014596	-9.884996256896658 -10.356202481977466 -9.261203472709731 -10.156859759930061 -8.626473504001602 -10.102230520807241 -8.022330875605736 -10.2796362836321 -7.518258360437616 -10.672191944770034 -6.985176475614669 -11.049062848323924 -6.379351415000407 -11.291142628340108 -5.769712362534558 -11.509529188409237 -5.164940264069463 -11.757236459345158 
9	0.7	200.003	8	10	1	1	10	6.476421404891072	9.713218874880859	-4.156909788127214 -12.472652875434225 -3.6085201197920367 -12.787036781942826 -3.0244205584635755 -13.034101421188335 -2.424411419382917 -13.24566955130405 -1.8284225888406775 -13.461323677075004 -1.2421867034561218 -13.698100845384257 -0.6630708928171046 -13.952285611759441 -0.08630411024622904 -14.21778865663397 0.4936794716414456 -14.489439227080862 
4	0.7	200.003	9	10	1	1	10	3.459791939450803	7.340211170709569	3.034433207480787 14.397090610258251 3.353778637123028 14.999370495272307 3.691308559967809 15.596758606053736 4.030299707790582 16.199969765833114 
5	0.7	200.003	9	10	1	1	10	4.186677899329654	8.772667273335378	5.383367732291126 16.50203239587419 6.0624313194408 16.34544797334776 6.7305109321255445 16.135919558017054 7.3750729129773696 15.87476187538818 8.02651760138982 15.634988674309437 
7	0.7	200.003	8	10	1	1	10	5.342047380384074	8.119707557592768	-11.58384230512042 4.815576460239982 -11.00708143500569 5.1552267080944025 -10.440956219915709 5.525459817218522 -9.897486106079535 5.894356241690612 -9.400569458888473 6.3058181414097385 -9.132679086401913 6.890153704251241 -8.935465028454255 7.511036047165425 
7	0.7	200.003	8	10	1	1	10	5.292444064399034	9.029066004333984	-9.605983043173174 8.416369624611313 -9.896548081008035 8.9745037485473 -10.226307716453718 9.525430774395996 -10.469485033279163 10.126207676757069 -10.683285500408328 10.740731501551197 -10.942569571728951 11.34468458191751 -11.262895566677988 11.927554313073362 
6	0.7	200.003	9	10	1	1	10	4.679077568425058	8.657286854003429	12.789660191983323 2.300259863373021 13.130236689611356 2.8586342886508445 13.512254902082915 3.3941542861562395 13.959373086358902 3.872732992791538 14.486457567049845 4.255200622739134 15.103661359076595 4.491928253845523 
6	0.7	200.003	9	10	1	1	10	4.724763227503701	8.27698219331979	14.612888605863034 5.63295244460926 15.109184187956526 6.049566965008442 15.63696681336949 6.4541964525924245 16.19291383768353 6.820665985702883 16.786634473862883 7.13139529168357 17.408258389431108 7.396415740832538 
8	0.7	200.003	8	10	1	1	10	5.4277257230663025	8.608468208607443	-9.508613863615054 3.371284990927118 -8.930262829530106 3.6636362236471887 -8.332026292903759 3.698644117234602 -7.854199602406411 3.308429118098203 -7.431166801570066 2.921405729347558 -6.916160354352563 3.0703659398739926 -6.502064093011463 3.393951842478297 -6.126022196807124 3.765302329037782 
10	0.7	200.003	8	10	1	1	10	6.460383174889511	9.179291295752051	-5.412618973535763 4.080195470606269 -5.0992272661535045 4.521121882359284 -4.800257966360391 4.9569481640604405 -4.512584467612142 5.4428286313989105 -4.144004700759863 5.882595497154132 -3.6225423114969124 6.050028111410913 -3.0755216823362024 5.8734903363609305 -2.5459939372959375 5.695396691422803 -1.9771779169911081 5.694771258968611 -1.3823688737601316 5.790638415100094 
5	0.7	200.003	9	10	1	1	10	3.8776611102377503	7.789523222914979	8.11187359595558 -6.7973780857281785 8.634163753174416 -6.468710544839156 9.186178885118231 -6.199366663934369 9.693673077356582 -5.8296755272797425 10.088382647159051 -5.353532523294551 
6	0.7	200.003	9	10	1	1	10	4.600303599976656	7.392248437653105	10.771258556865705 -4.536056347853223 11.383563405734886 -4.376633380559898 11.997819789863101 -4.263701994966548 12.628639308530714 -4.16566357109723 13.267312824174233 -4.037662837387445 13.905778582877728 -3.899389289889627 
5	0.7	200.003	9	10	1	1	10	4.154629938880936	8.11594129000849	12.597960608703183 -10.923594709994843 12.90728364618299 -10.303979077627986 13.29273572626024 -9.733436176901261 13.764943762495271 -9.23531139626157 14.281443179565525 -8.782054492908696 
6	0.7	200.003	9	10	1	1	10	4.784955270154446	8.14077464641342	15.048586573050166 -7.684025622003055 15.37989881517522 -7.083990671187773 15.612793992678135 -6.4447439954737895 15.84835683023163 -5.812018757293711 16.134906001959074 -5.204703515757961 16.451917773342544 -4.6116062932609845 
5	0.7	200.003	9	10	1	1	10	3.835979246303855	6.934196615023446	7.00231404047438 8.469453819958654 7.600297165112106 8.35613677691329 8.03715583311978 7.941424543685066 8.245609618516534 7.367215919694734 8.185506513875165 6.756040350774814 
6	0.7	200.003	9	10	1	1	10	4.357531956258926	7.239606207835332	9.003047067450815 6.214126476533014 9.433101131649588 5.800184530974558 9.90343875699828 5.440921296827104 10.394657371502179 5.109643222605688 10.883599544697416 4.778832664040253 11.407252628825791 4.515914439543556 
5	0.7	200.003	9	10	1	1	10	3.993291078026902	7.759275738736822	10.769125526813012 7.898129477503391 11.328719443588737 7.558661180503195 11.905339139576421 7.262578552975344 12.533419211062984 7.126336725580007 13.179881643000586 7.169470718785629 
6	0.7	200.003	9	10	1	1	10	4.808062439179579	8.785254439071156	14.435259784180237 7.117898944588385 14.97865489119742 7.5310557680540136 15.50099221877683 7.96392798366031 16.089554590350506 8.296967240765944 16.729308049532946 8.532277995524911 17.36208039375935 8.805235639494322 
6	0.7	200.003	9	10	1	1	10	4.5674139553248	8.589928274081188	15.008105665607467 1.4243229690395731 15.53024620322647 1.77579882629652 16.086039650581277 2.066233685636101 16.60394046399594 2.428860139188793 17.089438541882437 2.840043009896812 17.650011606262332 3.1538627401478276 
7	0.7	200.003	9	10	1	1	10	5.386881145023317	7.010765873337051	18.71309809687038 3.6631295128651873 19.298259234468443 3.429006906360846 19.900735360500736 3.1176248732671015 20.419433541447894 2.6738065999214786 20.899934038280428 2.2377739462615147 21.45845173050532 1.8730199310755835 22.066968859007982 1.5698552031414452 
4	0.7	200.003	9	10	1	1	10	3.1985500734073615	6.498775643937282	-6.962503495004792 -0.46367476449911943 -6.548713453721442 -0.029764267271567883 -6.148356976362517 0.4260808369503165 -5.773918356367606 0.8849707785543173 
5	0.7	200.003	9	10	1	1	10	3.823185807213321	8.08702085040095	-4.961034984909823 1.4965238296574084 -4.4605180044395425 1.8478666871369158 -3.9010160918760897 2.0486337256842124 -3.3419080769543914 1.8300477856463933 -2.8307264571001056 1.4846844756267445 
5	0.7	200.003	9	10	1	1	10	4.086317376455614	6.8793139057227055	12.517153983384143 9.822362585364502 13.186637036093252 9.798555895642775 13.856078425661089 9.761637693031616 14.517446600456898 9.641212074422945 15.132327699106135 9.365882644851554 
6	0.7	200.003	9	10	1	1	10	4.811506533513727	8.364980278055741	16.3292851720373 9.670526580834146 16.891544637734253 10.066704713339476 17.33218744174697 10.587000657039368 17.669864529368123 11.167905145981559 17.96504787156473 11.780354667766447 18.235664193249978 12.415159190917622 
6	0.7	200.003	9	10	1	1	10	4.458890683207484	10.350988332149726	13.700256670008729 1.1182928302425754 13.857248064916162 1.7048512270631113 14.158241243567725 2.245017321972899 14.572720278919128 2.696640211878869 15.070004767391126 3.0476370863954187 15.621545787676958 3.3120614042831673 
7	0.7	200.003	9	10	1	1	10	5.393515595264449	8.356097686034257	16.42379364029165 4.035620565410687 17.014257075408544 4.280869193835146 17.603637081853172 4.554006512290654 18.2011718960974 4.835836554403467 18.860644486984697 4.968594645982589 19.537722681046336 4.902450544676845 20.21423831864964 4.762281667983685 
5	0.7	200.003	9	10	1	1	10	3.748968487430971	6.952326371337904	2.4117673669442174 10.530340939953236 2.9605653080787193 10.302432325600371 3.5360070617116537 10.241503012318335 4.1186474299693945 10.32414293776284 4.69746329739428 10.425352904352977 
6	0.7	200.003	9	10	1	1	10	4.497196005542424	7.3497256494138	5.647696651325235 10.438180222998403 6.187759493754889 10.705836347821036 6.752217753559834 10.94588187878546 7.315239220098831 11.196300719752587 7.863316344636593 11.502825806872304 8.441813869589506 11.7692406705982 
5	0.7	200.003	9	10	1	1	10	3.859752021824039	7.001290288230349	1.4575331483068361 11.124581256499447 1.841669326583189 11.619950227792856 2.2571597751568913 12.052870890698516 2.718730943509793 12.458908070582542 3.18394793182066 12.86587780335465 
5	0.7	200.003	9	10	1	1	10	4.009801290008657	7.083140572655668	4.027065283180099 13.505148584990721 4.356858094072183 14.055385713581304 4.828444835191357 14.493400911733765 5.41398463950114 14.790106568146303 6.0461199060048445 15.006826028563566 
6	0.7	200.003	9	10	1	1	10	4.4810890396096354	7.817530623428471	7.2192419591653945 1.2185940740355314 7.309890804595766 0.6072381282533375 7.383397463175957 -0.00465508735815107 7.466701630279207 -0.6165869323077846 7.551122056608137 -1.2255892427704116 7.531803580694172 -1.839640281399661 
6	0.7	200.003	9	10	1	1	10	4.410555792033076	8.113812003426236	8.411781576182976 -2.2134818933067204 8.535390362876704 -2.8184096883692202 8.75482576033605 -3.3986856786755695 8.97536429631981 -3.953166112414917 9.020486366719918 -4.5360683423650965 8.822809700537462 -5.093423845830794 
8	0.7	200.003	8	10	1	1	10	5.494684219216413	9.12843744994608	-12.30725482661759 -4.8274339842161345 -11.977169848886717 -4.3401506932562866 -11.655165751765635 -3.85662452463742 -11.37850810844632 -3.349033326470263 -11.276502764181117 -2.78070993304293 -11.1946047419996 -2.1914584938963833 -11.035412943938839 -1.6264119858162944 -10.801365504736827 -1.0872852112138784 
8	0.7	200.003	8	10	1	1	10	5.672982739734941	7.662300003493628	-10.783370769535411 -0.1867771245018496 -10.867720849858667 0.38998702106055005 -10.986052818036315 0.9685921617145523 -11.187114236160419 1.5311513649727926 -11.459082246757037 2.0765514536107696 -11.735077546059333 2.6320962626052573 -12.04622131225947 3.1849254470954005 -12.333576163291394 3.754486204566596 
5	0.7	200.003	9	10	1	1	10	3.927191158023579	8.138527451559373	10.249826991109554 -9.939583315057666 9.657379929647178 -10.196140867819903 9.037267376131725 -10.310155375459772 8.412336479209594 -10.279602263011581 7.814780265641487 -10.095089326685455 
5	0.7	200.003	9	10	1	1	10	3.706974513639591	10.26766516907271	6.921223320343461 -9.796458260802115 6.4115690536781225 -9.521526865400618 5.894871268741228 -9.293174351122335 5.381218507163109 -9.021923584867256 4.870810419263739 -8.742038812022045 
5	0.7	200.003	9	10	1	1	10	3.606051786701594	6.516424523529481	6.0059776496283135 -8.130317154226312 6.385339024607494 -7.737548690008112 6.719665708058665 -7.308807147012689 6.92483375687436 -6.804742988801549 7.1093945193909045 -6.263244547763418 
5	0.7	200.003	9	10	1	1	10	3.8736593935708195	7.66745293334173	7.713169686748557 -5.512678508619348 7.665353104820647 -4.903470851545114 7.683425277448738 -4.285894663154844 7.561443607319766 -3.6800601900157894 7.407823664655477 -3.0724336552272318 
6	0.7	200.003	9	10	1	1	10	4.6239520052741625	8.307666979838709	17.742249629619913 -4.428115697165299 17.70193225748489 -3.7688899781110528 17.696294068549648 -3.111421029483119 17.68861827183663 -2.4663385829976683 17.739624445098546 -1.8201776035531811 17.797302756521212 -1.2101961670050698 
6	0.7	200.003	9	10	1	1	10	4.575636472218637	8.154014406069741	18.15577929412965 -0.510725374512399 18.43292652661415 0.03885606843085754 18.740366896088027 0.611340743455215 19.026744854137306 1.212705771721935 19.23873523340687 1.8346622761469131 19.385659989617906 2.403132412623991 
5	0.7	200.003	9	10	1	1	10	3.9831769033346567	7.1141961917208585	8.306252822102943 -9.210058281310094 8.93097034016591 -9.038081145489246 9.55650020565354 -8.828500025707868 10.161907479471452 -8.57503981523468 10.703489464351366 -8.274895740425146 
6	0.7	200.003	9	10	1	1	10	4.645820003854669	7.648618744983562	11.304983435660553 -7.733129869206337 11.759595624297127 -7.313835938097834 12.281913429172025 -6.934566350695695 12.911460041411775 -6.747290049902446 13.572980388593857 -6.680581051371813 14.228729163920278 -6.604126729579457 
