N disks	Disks radius	time	Gen	ks	kt_bot	kt_par	kc	current length	div_length	X
9	0.7	200.003	8	10	0.1	0.1	10	6.852250519419266	8.074104135609865	-12.349792334447885 -9.457397991069731 -12.073715263782415 -8.838005748138274 -12.463905366081105 -8.287864875936256 -12.584814388703496 -7.624891242196272 -12.337057368400089 -7.001418031392554 -12.44275398754636 -6.343265202217756 -12.414091372550555 -7.035523650520242 -12.557532281482546 -7.716718068888196 -12.426527431314087 -8.403612585854189 
11	0.7	200.003	8	10	0.1	0.1	10	8.146185698728566	9.682596158555988	9.161319581814563 2.115679217287621 8.544703754166804 2.4428943918759045 7.923890635160823 2.7417375767511047 8.17721306245794 3.3697529643412882 7.734110472747683 2.8632457488278327 8.27463359295066 2.490400046955577 8.912484599315963 2.308352641055441 9.510191826044306 2.024207718601061 9.563800453611242 1.354428230605167 9.738578213645223 0.7028720845805548 9.88737090272704 0.038640557613933056 
10	0.7	200.003	8	10	0.1	0.1	10	7.404070693710263	9.780605202173415	10.806170237208878 -4.17166534907101 10.595705532634172 -3.5237835026332465 10.078197985865081 -3.087652513461842 10.270642613340339 -2.475943492482235 10.766925815999665 -2.0488272060751944 10.945013876529577 -1.4099392757012963 10.990943785354485 -0.7480467180970176 11.25609762182498 -0.13029740077106275 11.116598739235805 0.5297393495906215 10.996555610206396 1.195454824274708 
10	0.7	200.003	8	10	0.1	0.1	10	7.300520607803106	8.435374070813943	2.3296537918132665 -8.666612673701543 2.1927517537291017 -7.984759896488897 2.7990570668373818 -8.166834776247127 2.2054947516531316 -8.46600379259962 2.223817160387939 -9.129897075459574 1.90006004205256 -9.705512282976754 1.59631943067057 -10.288163269108843 1.2888447631686493 -10.857102223651419 1.354451188460074 -11.49088306822569 1.3190824324541144 -12.131710021318861 
11	0.7	200.003	8	10	0.1	0.1	10	8.247712449104792	9.464679505005886	-2.067839700816438 3.947134855264801 -2.3257633286528088 4.594926179932057 -1.7480428185161776 4.206991550689708 -2.328324461664614 4.595405039609255 -1.7465191480445048 4.210685133199913 -2.3363673398555824 4.582310379175816 -2.1879096771641597 3.8999812958852376 -1.633944593900139 4.249154940795231 -2.16539177921276 3.870972542752367 -2.2898137322203267 4.544434334614812 -2.794895212662244 4.98677108486828 
9	0.7	200.003	8	10	0.1	0.1	10	6.812950697326727	7.877784232191429	2.2522147757529356 10.881711866611731 1.5973457118563619 10.710047003778246 0.9231213359133057 10.632337820046253 1.6485858297303109 10.720716494239179 0.9816927710776179 10.645638388570104 0.32222224209512224 10.566626339882573 -0.18722717631275287 10.137559521409827 -0.6403560374249312 9.650591077890155 -0.6412932922850554 8.99068528175284 
9	0.7	200.003	8	10	0.1	0.1	10	6.794275986650549	7.579867174614729	-5.86999024984149 9.848423206554903 -6.343305752036237 9.361750822592612 -6.8745870695151465 8.944708757109865 -6.157800000940325 8.947402067678206 -6.797992840314104 9.098529007405903 -7.445694925190625 8.947514307737936 -8.106632029807074 9.014879979822389 -8.745196282042645 8.822786170439498 -9.21826348209573 8.349554266099535 
9	0.7	200.003	8	10	0.1	0.1	10	6.7423045150959275	8.33696361809898	-0.5046874075215309 -8.153135003440822 -0.5772453506006914 -8.85115163749887 -0.5158542011217597 -8.161080767658257 -0.8417132083349388 -7.550572828700211 -0.3960729444135393 -7.995902044137616 -0.47788133251279397 -8.637300692695625 -0.7812190969339624 -9.216254433129937 -1.2338107160472913 -9.70017197126023 -1.6306490788419494 -10.23117647577509 
11	0.7	200.003	8	10	0.1	0.1	10	8.214934699058361	11.501288277166847	-4.283736975186754 -12.618213183995548 -3.9263407821926273 -12.022514447803012 -3.498261600735381 -11.479537077590566 -2.9617163357133904 -11.05150646735335 -2.334815935078943 -11.30697560308982 -2.853390555284205 -10.908629724624218 -3.3618220619261163 -11.36264904805565 -3.802426525677696 -11.880393983393308 -4.186662706498365 -12.445487720491275 -4.555401370814766 -13.01952803993858 -4.9486535359723565 -13.579767985020604 
9	0.7	200.003	8	10	0.1	0.1	10	6.768264121146435	7.759689580313289	7.561643878751101 -2.0320472069007667 7.006924648097219 -1.6588312883461065 6.6057077271383 -1.1255757285248786 6.211664718507458 -1.6427042557203222 6.595197052223845 -1.1172726112033833 6.991514356097828 -1.6487331617122258 7.540664803208727 -2.0237832759990466 6.95419643904803 -1.6148837670182652 7.515970646207408 -2.0134002083205482 
9	0.7	200.003	8	10	0.1	0.1	10	6.657977943103532	7.878829718433707	8.597382249693556 -0.465051133283577 7.921835846316279 -0.4258737639235185 7.397288893132692 -0.015427979005026772 6.7625848740105035 0.1619128475026066 7.390145685649622 -0.010326429870978994 8.030888640614169 -0.1616696134127674 8.102514686682444 -0.8224971921266901 8.675415132582465 -0.5225556562259561 8.530516410644726 0.0964413152618587 
9	0.7	200.003	8	10	0.1	0.1	10	6.733620558427839	7.252292006849703	4.36710713754114 -7.345457095002491 3.7295264366185776 -7.161432016363491 3.1337063335583473 -6.867809866131706 2.5468926273404606 -6.568701721596463 2.142042918177903 -6.033882922382517 2.5563440597227682 -6.573035598796953 3.1500661053198553 -6.876587875921847 3.7475339299089683 -7.175121946152386 4.383974816379861 -7.356144192260505 
9	0.7	200.003	8	10	0.1	0.1	10	6.8321660590838444	8.392078367423835	5.888619421093308 -7.7216848775666085 5.681247938930097 -7.074322587304018 6.349784385237763 -7.028583157899492 6.819697489369743 -7.525969823849799 6.132612375410901 -7.6709291886924555 5.667827024960329 -7.154927247642508 6.315574675944102 -7.031786367226307 6.803354767696035 -7.496211700474221 7.464334613766126 -7.396203441903592 
12	0.7	200.003	8	10	0.1	0.1	10	8.780864980052032	9.214342909550625	-3.166825060361197 -4.196395328250102 -3.277768145930486 -3.6049983570989523 -3.7850094132163075 -3.3109984187255086 -3.488541531583963 -2.7815869590788385 -3.9844964959436853 -2.2981401223148894 -4.743464699901913 -1.7107631197098037 -5.173949895846848 -1.1744864379116249 -5.031061703101509 -0.5416225461409753 -5.111230952656086 0.09907415875804472 -5.483543827979948 0.6210309065029027 -5.755686321244513 1.2000639578179426 -5.4681519460785095 1.8059846019291292 
12	0.7	200.003	8	10	0.1	0.1	10	8.943488436732453	9.355245075323158	-3.7681282753744703 0.08269014879932349 -3.705850222543377 -0.5865018472078012 -3.7693733631976385 0.13691861651985984 -3.6940808601547963 -0.48082369334777203 -3.622827246312982 -1.103001986826899 -4.049555390297012 -1.641253619825267 -4.683515358401816 -2.3789794301877665 -4.957866840013461 -3.0351206163390447 -5.188465302543024 -3.645311118797003 -4.713549945733645 -4.042919850388749 -4.337490875187542 -4.544514862346395 -4.08390163312927 -5.118230405653719 
10	0.7	200.003	8	10	0.1	0.1	10	7.525481111410974	8.077636573215663	-6.0774351810334695 -2.267615970593113 -6.333577928150674 -2.910877457936607 -6.6599526774084365 -2.3244856538991723 -6.0085357600194635 -2.2372607954317223 -6.298788702481102 -2.8730800830121352 -6.566964685162821 -2.2570526835967013 -6.306973841685974 -2.8899381290827515 -6.561210223245226 -2.256311351371888 -6.3239139966790034 -2.88841021709281 -6.065995487339162 -2.2464314495424933 
10	0.7	200.003	8	10	0.1	0.1	10	7.453350527887293	8.882713550356176	-6.828600106245699 -0.9341666890521079 -6.402799492228259 -0.4062863492508443 -6.768070071756201 0.17344798974447173 -7.072851352975363 0.7859454240113364 -6.828039762099617 0.17149792773418965 -6.454790620453189 -0.37324870085702244 -6.826295560674735 0.26889504525910557 -6.450835147722755 -0.2705852335546347 -6.324463030896758 -0.9047875225472995 -6.958826861457627 -0.9747669761256591 
10	0.7	200.003	8	10	0.1	0.1	10	7.390319196349807	9.262783358581284	-12.350502192789397 -10.906255829036752 -11.725919794879912 -10.64320949034177 -11.204105940114221 -10.224309040583261 -10.954394792332419 -9.601426331682646 -10.666162667859288 -9.00024053427463 -10.107373519397628 -8.633090919590405 -9.582600185820892 -8.229016517776888 -9.078238945312211 -7.7995376731770305 -8.568255240968465 -7.383909262810323 -7.978625349707596 -7.100060691233064 
10	0.7	200.003	8	10	0.1	0.1	10	7.493380760443351	8.127144850695625	-2.7662582599163055 2.6111327388096743 -2.2012755502666788 2.2393527058717106 -2.66554539417037 1.749128719806529 -2.037795824397017 1.5657256720397141 -2.205580256210014 2.2267137054048587 -2.792960850230174 2.560402700841089 -2.5276986988044268 1.9083596700755594 -2.36871013720806 2.582301224860681 -2.6402173062131475 1.9741501293726016 -2.1067394293363213 1.5721281758134307 
10	0.7	200.003	8	10	0.1	0.1	10	7.334399525221606	7.555980673622016	-2.4730337785026033 0.37981849395787975 -2.4154374772147666 -0.24659804721733233 -2.3630590301552195 -0.8767403282284901 -2.32126390713735 -1.5083195948346955 -2.6356697427382114 -2.042574511499638 -2.1471016569580783 -2.477799162453404 -2.3970238189003026 -1.7821922682947187 -2.195358394516943 -2.4162956807440192 -2.149257597999146 -3.0833246021602845 -1.9994800542213158 -3.759630895241543 
8	0.7	200.003	8	10	0.1	0.1	10	6.129117262298427	7.301425017277825	-3.357454748507425 -8.327593932904561 -2.968184075835957 -7.80213402611594 -2.5803689087242865 -7.28513021394147 -1.9905759964550314 -7.020936938961035 -2.6142139342220054 -7.353816124317466 -3.0532586502735923 -7.911514210415453 -2.6517441237142094 -7.358515934234987 -2.0462224539848486 -7.043559561092613 
8	0.7	200.003	8	10	0.1	0.1	10	6.143610441304213	7.49472587167376	-0.564307917340059 -6.224653949388714 0.1164879517876302 -6.380366200860729 -0.5272643509565055 -6.236093824800727 -1.1381712893830473 -5.98191214377015 -0.4849622126125994 -6.238037264462161 -1.1384459136630507 -5.981757720790786 -0.52817692011769 -6.235999588988448 0.11501778100107485 -6.380186407102927 
8	0.7	200.003	8	10	0.1	0.1	10	6.24573776429356	6.770199291548925	-3.429337176678486 3.7533151549074417 -4.08095324136369 3.9394144391083965 -5.006926239489355 4.1561589947012125 -5.696273969042854 4.178771367020094 -5.920870659374353 3.589388209341197 -6.0577732102504855 2.974546169283192 -6.5754070899288335 2.609552710498593 -6.699312908296464 1.988445370919719 
10	0.7	200.003	8	10	0.1	0.1	10	7.7030318114886285	9.281388784510385	-4.404996168998762 1.293960658543352 -3.7914330170197834 1.3946327700432752 -4.060770805577115 1.9833362557463468 -4.151447281273917 2.6183268327417717 -4.749718850218959 2.880877939130233 -4.612426946067476 3.5758429592960033 -4.414804941643616 4.546481003320555 -4.136556467017826 5.200862400129208 -3.9231315791540147 5.8340420854544925 -4.131796997191043 5.206964981481717 
10	0.7	200.003	8	10	0.1	0.1	10	7.8057693417576335	8.100991947161411	5.130237728676975 5.569554813125124 5.379461737915307 4.951214304030556 6.021230857773368 4.752719902839742 5.386942428860664 4.966812628188508 5.112888148447887 5.575671385853911 4.529781297099332 5.980939780953866 3.6597760102878687 6.419648848729582 3.277005628729874 7.028260871513825 3.079524062560972 7.657068471241203 2.8086408058761245 8.267306730768135 
10	0.7	200.003	8	10	0.1	0.1	10	7.8670765757657115	8.979137034500269	3.857393411876691 9.074313847260887 4.141558339654736 8.478891651724547 4.453535237355259 7.9012724433296215 4.60309912955242 7.25763136659017 4.321745233247499 6.600422806572971 3.8182484747788035 5.74896839672059 3.692644552850958 5.03331562498675 3.4024436196337198 4.410839364591383 3.9923305947953027 4.769774906068244 3.4001739862011036 4.431307880726921 
10	0.7	200.003	8	10	0.1	0.1	10	7.386510364249759	7.929570986898797	2.6561694602977592 -0.7798582679176714 2.888320584596045 -0.18258177941228765 3.042444437354939 0.43768699447090353 3.430483331819959 0.9487804769503226 3.2525799658725685 1.5392157294501474 3.153260187338488 0.7994945410223054 2.9689511273364513 0.07691143132652137 3.154402156858633 0.6992644811094506 3.140428358644479 1.3532241634499325 3.5356896002852087 1.8725406519087138 
10	0.7	200.003	8	10	0.1	0.1	10	7.34668999467298	7.807541554930378	4.72531181119797 2.0853912146739946 4.8706601442071324 1.4704614672280967 5.405073095700268 1.8850072362938708 6.027271620563614 1.661664644868317 6.645811904163464 1.462073789796064 7.292455892044759 1.383412665576287 6.536819911368608 1.4125209314340559 7.064077081444036 1.748737546313912 7.546339649704157 1.3240597709333528 8.180616599175886 1.1734250573659581 
8	0.7	200.003	8	10	0.1	0.1	10	6.168854968626318	8.216058400613555	-0.5495074890016101 -4.565471644817377 0.12425197103648213 -4.3740990897895236 -0.31822767423919135 -4.868051371828692 -0.9538906479791538 -4.6134197725210475 -0.3125642372080244 -4.858299680165174 0.14919378718985438 -4.362441530978501 -0.2948650441807706 -4.867879811166932 -0.9299520305183646 -4.614761241220634 
8	0.7	200.003	8	10	0.1	0.1	10	5.9774834076648435	7.083564327245613	0.12173106784919724 -2.879878316050816 0.766928388346858 -3.133822999734632 0.0904584247049581 -2.9778442126192615 0.7482252165257237 -3.230383533752417 0.7743214834566392 -2.5992339114766065 0.1796828428261682 -2.79338670966033 -0.3223242538556734 -3.146531583240738 -0.9270473447416451 -3.254644464175867 
8	0.7	200.003	8	10	0.1	0.1	10	6.218867875414922	9.226579055622219	-17.416496057972953 -5.574516636324212 -16.911727725143464 -5.095466390866263 -16.604795752693857 -4.476438456213393 -16.359718733984582 -3.8317481847733466 -16.411391585741306 -3.1472722648380898 -16.745078580876495 -2.551256774957568 -17.21731130295051 -2.05844051668057 -17.907574830137055 -2.053496866999342 
10	0.7	200.003	8	10	0.1	0.1	10	7.574094302525959	8.235869488743697	-15.525314870246188 -2.0306001687854227 -14.979581797870292 -1.63141481005599 -14.427407963734822 -1.2502525240796316 -13.968779131904421 -0.761611761310859 -13.414945488498988 -0.38656562728956323 -13.995118021321279 -0.8328094001968799 -14.533330011884296 -1.325530513642751 -14.039974988351942 -0.8684534757219943 -13.684056257586727 -0.29352188518175143 -13.011326190639682 -0.21238217526633876 
8	0.7	200.003	8	10	0.1	0.1	10	6.1805701980482635	6.8183198075090745	12.118438936643606 -10.726545697313565 11.878960212804392 -10.073640917489646 11.555192514653331 -9.462396502536093 11.332464811554642 -8.812731880236946 11.165272185454404 -8.149481139088284 10.897617363413548 -7.524904862136884 10.529384999454155 -6.959247660356111 9.944196171921968 -6.6367146638803565 
8	0.7	200.003	8	10	0.1	0.1	10	6.1235410589907175	6.5983087027100185	11.920246125235323 2.1773730809306073 11.395231048531455 2.6067620283190736 10.724165495772795 2.5020783090270173 10.77866843222724 3.168327933988935 10.766038925951067 3.8405082862745625 10.58318698262114 4.490407814066134 10.527272755228957 5.16485079739056 10.458059965618647 5.834735874189798 
10	0.7	200.003	8	10	0.1	0.1	10	7.529481588718124	7.810145975663669	11.739222718786953 7.086430407725522 11.052593068694394 7.0762735567777995 10.376013511834882 7.179299720632139 9.726964723411566 6.979441095357317 9.062848522730448 7.058093573809016 8.778247492705486 7.672922443422851 8.473741449860775 8.279672174467853 8.295379553042688 8.937762132268086 8.283024010938686 9.621408624405335 8.159234061230123 10.29873890521358 
6	0.7	200.003	8	10	0.1	0.1	10	4.739329388654955	7.020688032285554	-6.7997893636856395 5.492187426306607 -6.791922296232844 4.854303350833864 -7.085532669852167 4.279715440466607 -6.795550031883507 4.971101191877438 -7.070705767454757 4.3801055956356585 -7.2067731757675535 3.739913340649089 
8	0.7	200.003	8	10	0.1	0.1	10	6.150098302935433	7.458585604380628	-5.083120823440797 6.61902688791483 -5.277492703004746 6.023934692692802 -5.489180718287022 5.437725363942705 -5.248720212231127 6.130602218812098 -5.4714023717208065 5.503403537684524 -5.233584703516482 6.177623412445526 -5.465784451287646 5.532552662852078 -5.2293866907451525 6.192820301557184 
9	0.7	200.003	8	10	0.1	0.1	10	6.742069315413765	7.957926389349544	-13.952570033805058 -4.131765310495264 -13.388884284007096 -3.7392254037175956 -12.81580762584303 -3.3535668520834716 -12.310244422712225 -2.8843692163099792 -11.943259158030221 -3.4370865072449455 -11.278680987182728 -3.4268879966794117 -10.65136807307606 -3.6254554197525524 -10.048861243684646 -3.8620582657323514 -9.672252564358425 -3.3430269229693153 
11	0.7	200.003	8	10	0.1	0.1	10	8.042323683612153	9.201782197206816	-11.20704901842895 -6.2092263501598906 -10.716573213668786 -5.773216194998496 -10.250380996765706 -5.311061191023203 -9.671477251010145 -5.02453599240169 -9.056660944191485 -4.814061808045832 -8.70209749291049 -4.257233565624449 -8.368862072879095 -3.6858844511208675 -7.760938844034994 -3.4453093123902385 -8.297792150870764 -3.962928068310585 -8.298008540530178 -3.32618448950163 -7.6223708771505425 -3.348360068685029 
8	0.7	200.003	8	10	0.1	0.1	10	6.266234551747457	7.106689616612368	5.819459649359477 -14.052477231914354 5.333087384716696 -14.560256710761585 4.711279592081308 -14.893229977119505 4.053783385648441 -15.146690897828957 3.3656593641767047 -15.272478552886955 2.676717613443641 -15.190551219458207 2.1103378970584767 -14.80581516810893 1.559993702993287 -14.41485698940957 
8	0.7	200.003	8	10	0.1	0.1	10	6.016312595361889	8.663383388701854	2.132935544202504 -13.230300349580142 2.4773143018158748 -12.666161302188035 2.5971667912572496 -12.000636046712273 2.6476702947750264 -11.343473207332428 2.806483404879837 -10.71004955507974 3.1361464041063853 -10.143342895405482 3.714710011933675 -9.855612271060963 4.373568705447189 -9.947437773440921 
8	0.7	200.003	8	10	0.1	0.1	10	6.067996872660467	7.737658702537119	3.736620395040046 -12.497879691481035 3.989929731177491 -11.893938373391293 3.9941605137424103 -11.232536263795213 4.652101660930645 -11.29011008535502 5.254501074411636 -11.01251545965625 5.621247384664709 -10.459439384608599 6.28482323836677 -10.402691723965484 5.599364020158742 -10.53603853254812 
8	0.7	200.003	8	10	0.1	0.1	10	5.969788824615064	8.1488944516203	3.798650774686992 -8.587057220524198 4.428402891480342 -8.670109826111515 5.058163480569926 -8.745978041156526 5.571924078003573 -9.139320705821973 6.223587223262412 -9.05897364761551 6.862339608885649 -8.899691653520499 7.503906613894921 -8.726856288593424 8.134309453735206 -8.488742700947768 
9	0.7	200.003	8	10	0.1	0.1	10	6.854481331014055	8.359595679452475	-0.8169397717258732 3.018876453852331 -0.8350261490218822 2.3311505082944795 -1.0367238518478878 3.018495511439106 -0.825233478684976 2.390730692764313 -0.8538667833837065 1.7311836388290835 -0.8255414538465159 2.391167879605309 -1.0354533161298332 3.019890068047792 -0.8347139227127414 2.3330788855331392 -0.8211457066076964 3.021558509678943 
11	0.7	200.003	8	10	0.1	0.1	10	8.154336481975667	9.241018787405777	0.21793219162659302 1.333011982292523 0.5851517376622699 1.868901085857887 0.5461153433912742 2.5225651800822484 1.1324550540989085 2.8393331872481458 1.034079073994989 2.1640140449189897 0.4905184641572121 1.7482952787749304 1.0801197137896223 2.141272223853076 0.5281936878669125 2.4927378691547366 0.45385724167423547 1.7890721722543277 1.0366215529666274 2.1320748552837845 1.0845128302792497 2.80035067294876 
9	0.7	200.003	8	10	0.1	0.1	10	6.865041700496651	7.226978693442504	-3.426847233662961 -6.219782897422946 -2.8347852784927254 -5.8934009672908605 -2.7177289968954303 -5.218284330280128 -2.4673338399947697 -5.799891598919864 -2.211547831701482 -5.141004471365658 -2.7448177693558837 -5.574095613088775 -3.2046704983062413 -6.0938845848600245 -2.704787982477778 -5.612037791697579 -2.212855088857212 -5.130363813034573 
11	0.7	200.003	8	10	0.1	0.1	10	7.978895614658871	9.028148680329434	-4.124192095016462 -7.267196480699789 -4.602969871639492 -7.683846994431618 -5.21234400925988 -7.895648954141397 -4.515663207213713 -7.592165280511113 -5.094633331589013 -7.877567178427528 -5.734546853624992 -7.948585323652992 -6.302188443817042 -8.271635230026934 -6.9469650546073565 -8.201792916796297 -7.581028897800799 -8.310849954047633 -8.108917294708952 -8.689033324933652 -8.61657609751301 -9.103562388565361 
8	0.7	200.003	8	10	0.1	0.1	10	6.056746015786027	7.944557610433782	-13.77730892501822 -12.323717017627091 -13.591422899291901 -11.658454118957465 -13.687415075674012 -10.98230169397873 -13.601226677287931 -10.313140349544321 -13.694025587845365 -9.655536361431261 -13.666954970378772 -9.00012639987535 -13.819917389755586 -8.369561884398353 -13.948766015966921 -7.74323861784363 
9	0.7	200.003	8	10	0.1	0.1	10	6.753596707218145	8.445091096103777	-14.046898643971234 -6.60991246160527 -13.704882707732509 -6.056404122707066 -13.482739817014377 -5.43490065294147 -12.947057025970624 -5.049540977458238 -12.321972103486512 -4.8321655055510995 -13.000435686981874 -5.113330267624172 -12.484448244033642 -4.691652676841005 -11.965086359674737 -5.10161504349737 -11.439099059101457 -4.704967722824458 
9	0.7	200.003	8	10	0.1	0.1	10	6.847261312238089	8.17178530363029	4.489497907124977 -6.001394412317717 3.9931756265923153 -5.5670250147612395 3.3381818745035536 -5.433691273412196 4.019795534447293 -5.622221476204462 3.3466481696579784 -5.441354120129249 3.952025466842817 -5.7602075131546195 4.559131817344392 -5.4645630941712104 3.9498730328492777 -5.753323786214739 3.3450222728640377 -5.439655505660361 
11	0.7	200.003	8	10	0.1	0.1	10	7.941107031320636	8.844531137226399	4.0208429415917575 -4.2619995116579 3.4152335826666493 -4.074096275599255 3.036330958332641 -3.5725544663928073 2.6218952776039095 -3.1087055011992692 2.0594615814488817 -2.8345404317746903 2.081617195979479 -2.1869629932229673 1.6545103353729622 -1.7108989392421026 1.526146607819688 -1.0950491496194994 1.7810456531170744 -1.7578397432519839 2.0810947416752748 -2.395409761408145 2.4353887432354075 -2.9983602801976907 
8	0.7	200.003	8	10	0.1	0.1	10	6.25762022531571	7.685715053564936	-12.87452058541632 -13.384829163396015 -12.47881544585171 -12.811432537937232 -12.055902553505375 -12.263643398732471 -11.43614145419503 -11.959209999396663 -10.807839071293229 -11.67061736043042 -10.506376114612571 -12.293314431942708 -10.118993575270968 -12.871318599346512 -9.728042622557837 -13.451176783303112 
9	0.7	200.003	8	10	0.1	0.1	10	6.739134237817115	7.716149407057051	-9.60625257813294 -9.88424980214912 -9.898983464486907 -10.479830034328124 -9.568939321089857 -11.048376286901728 -9.33189818430365 -11.662326254538259 -8.93428502674669 -12.188046556476419 -8.391903394179161 -12.557090896861316 -8.234941219395186 -13.206739608350295 -8.094038243039673 -13.874894938848351 -7.654938861295261 -14.41182220511127 
8	0.7	200.003	8	10	0.1	0.1	10	6.1948686727825155	7.575156590040275	-4.042081161025399 -16.68889269714322 -4.606653211277641 -16.296826749112352 -5.185996058559284 -15.906121240772402 -5.554465664625844 -15.31703791075388 -5.971208717080505 -14.768316131509577 -6.245418613113415 -14.141984124683335 -6.239832878444723 -13.460506336449848 -6.874670725706601 -13.281315192898308 
9	0.7	200.003	8	10	0.1	0.1	10	6.853069301114603	7.283797339337921	-5.6447208932414235 -12.221853400941965 -5.285506373957051 -11.634422038828648 -4.869574073936808 -11.08726009345583 -4.473469304637117 -10.533840861164734 -3.932658499655064 -10.127311501019708 -3.374920196864278 -9.724433096906086 -2.7394363694780077 -9.508428368890062 -2.273986646031833 -9.012957417096992 -1.8535252717529742 -8.477194558347326 
9	0.7	200.003	8	10	0.1	0.1	10	6.890311903262882	8.059961337837382	-8.246970376398927 -10.445276056522385 -7.6435029151395915 -10.088295466163911 -7.117761927382175 -9.624526787793558 -7.656062081205443 -10.06499963672171 -8.257135376698626 -10.417952466041356 -8.129192165808192 -11.092955970440329 -7.820867937204312 -10.49171729368217 -7.484214215196865 -9.914064531010535 -6.974374292462716 -9.48833382124302 
11	0.7	200.003	8	10	0.1	0.1	10	8.015689803588463	10.307314208245174	-5.896498422023758 -10.261582444892655 -5.579959168531009 -9.644779229224609 -5.014317790807693 -9.253712274178998 -4.387724702417082 -8.966904295395704 -4.977236372753562 -9.246980510684082 -5.62061296510747 -9.340922711499758 -5.703939034375876 -9.98740791704045 -6.080359506183791 -10.518290159525614 -6.529099803185342 -10.982848318297853 -6.823903903348429 -11.55808183782376 -7.210953317386325 -12.077627315727481 
9	0.7	200.003	8	10	0.1	0.1	10	6.843645128851966	9.079771757170095	-2.956581582533583 12.329668408140444 -2.4343666354839884 11.909586976623952 -1.7787905216098656 11.733942034453927 -1.1140223998311767 11.577142472057979 -1.1506663325002726 10.912775518900819 -0.945653144717879 11.549799419320106 -0.30762378735883744 11.772164050120821 -0.857515267415121 11.323662971074274 -0.327884321621444 11.768852295196435 
9	0.7	200.003	8	10	0.1	0.1	10	6.84909982195013	11.306327833665739	1.0438944245132147 11.969656415949373 1.517374601192111 12.444559762487497 2.1842545070391854 12.318551068272324 2.830861762822158 12.11136415591178 3.364640211861667 11.69064151767891 3.629940931764065 12.312381712179192 4.162719414169704 12.738423735929453 4.778319855904504 13.045580702106186 5.4538868889842425 13.208949484328723 
9	0.7	200.003	8	10	0.1	0.1	10	6.942136112015385	7.554335682755239	-10.511839130082258 -2.2532577094525754 -11.175432993550606 -2.063455802031458 -10.68612303426486 -1.5744245459531128 -10.505950737946403 -2.247416677345909 -11.172545902134402 -2.0766820802535757 -10.697171007643831 -1.5699070637179744 -11.176495843674768 -2.075344326962144 -10.693445495306712 -1.57974406833922 -10.511632989628893 -2.247278465851816 
9	0.7	200.003	8	10	0.1	0.1	10	6.728991845099278	7.777996185333974	-8.635308560154954 -1.9895767089290881 -7.935272824809915 -2.0154701969804982 -8.61574890145193 -2.0088368752988286 -9.22748822065238 -1.721237056915571 -9.43436385504661 -1.0716471615871388 -9.232121048988157 -1.676701044361097 -9.126189104172894 -2.3079483560229552 -8.55555986976449 -1.9866147880107083 -7.89838405491398 -2.001425655367229 
9	0.7	200.003	8	10	0.1	0.1	10	6.728162363675585	9.328667414246112	-12.616411440507171 1.715207425903649 -12.369005462503537 2.3800632185005526 -12.6604824499145 1.7638493888432045 -12.498345621365642 1.1109329321991945 -13.148391901825553 1.0291924128514147 -12.759116257431918 1.5691994214479665 -12.480944729285863 2.1625267567337128 -12.081763210619545 2.671196529034206 -11.968952850456617 3.3027935188670012 
9	0.7	200.003	8	10	0.1	0.1	10	6.88233272957496	7.775223517387588	-11.04953215460895 4.156540900874163 -11.105316489181266 4.8169765124512764 -10.859668038543802 5.4361102963171835 -10.605509390171187 6.054294659816963 -11.277388800164083 5.870304741791836 -10.954366787177804 5.266099852942006 -10.684675076462538 5.919399905064998 -10.955024781454503 5.277293377425509 -11.129473236225735 4.599542565603114 
9	0.7	200.003	8	10	0.1	0.1	10	6.924205103948275	7.2297450874509614	2.1905642927048086 -4.668582386448519 1.7197267557270928 -4.175570337546239 1.4438123737594233 -4.805885512494374 1.039518735337206 -5.366341200489427 1.4708551758350121 -4.813588944363113 1.0394299512874006 -5.366596114521133 1.443854313752026 -4.80659374395881 1.7175128508073627 -4.175328062890579 2.19229859693571 -4.664980635495434 
9	0.7	200.003	8	10	0.1	0.1	10	6.7585894565525475	7.678207457841058	1.2715424624178662 -7.049561207712409 0.8877417530068991 -7.611320155953386 1.2785111093870456 -7.020051319503114 0.872088170745977 -7.538743508269399 0.8830247300278846 -8.202565018650343 0.8640358370890437 -8.861431007446951 0.587446130999887 -9.46735189312323 0.25680114373433965 -10.04254008609941 -0.2535971716627172 -10.457799521784333 
7	0.7	200.003	8	10	0.1	0.1	10	5.5859182702802155	7.684111478199416	-14.987937880011765 -11.453496712651106 -15.0477301332056 -10.756172809418837 -15.016342960787586 -10.059226447104532 -15.052975628091236 -9.362444348493167 -15.164727128885872 -8.674924922427602 -15.28859256131562 -7.989211678532867 -15.26097131227386 -7.292473762855124 
7	0.7	200.003	8	10	0.1	0.1	10	5.485571016931388	8.860824979090994	-16.757617293478727 -6.817964740244767 -16.264648550569113 -6.335002268951656 -15.692852755650792 -5.96897849775544 -15.04763081644782 -5.789954411851864 -14.80806503893965 -5.165575192211619 -15.24516039455782 -4.645877025928802 -14.854644723685864 -5.225741354877875 
7	0.7	200.003	8	10	0.1	0.1	10	5.424788434362375	8.726516758930888	-15.066961192304703 -3.321695341568213 -14.514413961869888 -2.9253214885038674 -13.953378488114526 -2.55075913555948 -13.425000564831969 -2.1364101661114403 -12.927363250020653 -1.6910665779482859 -12.350711493516016 -1.367453736452453 -11.878690527553177 -0.8924331794903312 
7	0.7	200.003	8	10	0.1	0.1	10	5.495930469866195	8.46212318268266	-10.357816671705356 -0.19536819030769154 -10.946883242490262 0.138613883886862 -11.60438533768117 0.3209875633353618 -10.945230449933309 0.21649307282077246 -10.421351163166353 -0.20175150558805574 -11.005931178251325 0.20484871287953701 -10.450515185225504 -0.19884007197504597 
7	0.7	200.003	8	10	0.1	0.1	10	5.494376255310529	7.375340632060071	-8.191380369389435 -0.6624747372223349 -8.254872970767895 0.0008236651095577055 -8.928162216970168 0.16882522911254405 -8.259392575089748 -0.014113477694711217 -8.17955660852377 -0.6826212384114207 -8.21791584529129 -0.011145655501487542 -8.89427308592505 0.1485096370882415 
7	0.7	200.003	8	10	0.1	0.1	10	5.417865954750452	6.606322887468436	-8.271316949191423 1.3535433453115395 -8.002976169971593 1.944911341409203 -7.931066120443904 2.5976069808559386 -8.031046742451839 1.901868050620458 -7.931066122681199 2.5976069800196666 -8.002976164453298 1.9449113386664298 -8.27131695019524 1.3535433454535706 
10	0.7	200.003	8	10	0.1	0.1	10	7.567879178889447	10.513446460081942	9.94731007190413 -8.81025182019362 9.554678156063654 -8.241711971454368 9.157283113705633 -7.683670012163402 8.736858624563363 -7.143002395837404 8.606396225712157 -6.472086427633851 8.630944354981729 -5.792526900778491 8.252781615776989 -5.228799796927044 7.829597030615643 -4.702126628767113 8.257177603801004 -5.2463908241770945 8.644406474617641 -5.825812132107021 
10	0.7	200.003	8	10	0.1	0.1	10	7.475416335568902	8.499440418280894	6.110984730820076 -2.8209881435988393 6.704203296605278 -3.0837929924791294 6.531842558987134 -3.7091421698091804 6.3343262715718325 -2.9926488567106295 6.572965976267615 -3.597024888939204 6.715724301966733 -4.234032554605756 6.549353960530668 -3.5862277799927287 6.445186443627065 -2.928499391992302 6.56843000631976 -3.627105582705777 6.351842778839117 -2.9741246185012056 
10	0.7	200.003	8	10	0.1	0.1	10	7.3069734471002565	9.131386882137722	-10.035082413402193 7.340812574448055 -9.554556996049248 6.926730547352168 -9.052050182441793 6.545490296022758 -8.483918958906305 6.266544490244013 -7.934035594207302 5.951435424834234 -8.098170067870997 5.327488085555281 -8.099824791772232 5.999375184052474 -8.670348295720567 6.369243800239857 -9.272569225189159 6.698326477770758 -9.81009151430837 7.134047839033212 
10	0.7	200.003	8	10	0.1	0.1	10	7.565968158601747	9.52540821301552	-6.50409227921881 6.6681993902017105 -6.985909985928113 7.112552738864369 -7.407223064759989 7.622164053830697 -8.080499244911955 7.600818934553676 -7.471079616341917 7.237681923923879 -6.855611380514627 6.888833859758463 -7.050677893886784 7.556646469407203 -7.7131555447107605 7.388647475312492 -7.1368350253413455 6.970722091523829 -7.052820748683786 7.633178666985837 
8	0.7	200.003	8	10	0.1	0.1	10	6.233580733911236	7.524891984975993	-18.06960731471786 5.145397673726092 -17.43061090357749 5.437463083963255 -16.85016950543839 5.817380846174515 -16.17159005069467 5.961072832352878 -15.542301192001686 5.679816166032264 -15.095368188373198 5.159028260594923 -15.17331314683255 5.841611375085403 -14.511600890663292 6.002876899888503 
8	0.7	200.003	8	10	0.1	0.1	10	6.21685495544607	8.72147364282186	-15.054551343769308 7.244136083321698 -14.373255538943662 7.391916372713495 -13.744636588576515 7.68415170144987 -13.162470146325761 8.060383802712972 -12.625087532214371 8.496586946919988 -11.987490697798757 8.752456725815028 -11.31137866155348 8.683337376305456 -10.681541541066075 8.441874223866503 
7	0.7	200.003	8	10	0.1	0.1	10	5.6014852054735425	6.713168984713747	-2.102826540578642 16.01679208765294 -1.4024459994908205 15.973244712595061 -0.7314874813941917 15.772088347063022 -0.04005922336664501 15.663534181436743 0.6163361436606506 15.420108605292615 1.2859126959751908 15.217826157690565 1.9737561143843068 15.088764575568524 
7	0.7	200.003	8	10	0.1	0.1	10	5.551790549424981	6.784234946614147	1.3772929136939216 13.829790433295695 2.0543818879961084 13.702488828299467 2.7336164902078592 13.592595320847732 3.369449872149919 13.856062850745658 3.9834796486935833 14.176385497630623 4.635362580753054 14.42071104373498 5.309999722515202 14.598959862763312 
7	0.7	200.003	8	10	0.1	0.1	10	5.56299515712262	7.310232349302456	-10.483478360635628 11.426044419975273 -9.889398505833961 11.064441797121344 -9.33198028862061 10.65157986861974 -8.80377801643284 10.203971840913798 -9.331989807579731 10.651578945161079 -9.889421449129758 11.064429796458048 -10.483491619849463 11.426048754938716 
8	0.7	200.003	8	10	0.1	0.1	10	6.246952563623271	7.787930818583332	-8.686713009923597 11.84108606253955 -8.135422320173737 11.437478211412074 -7.606201699190125 11.876590909146053 -7.252070002209487 12.468683108097455 -7.042566478611564 13.129008941125672 -6.746114689332214 13.760543900300132 -6.413354424224324 14.37386262903086 -6.044690967584267 14.96647850592379 
8	0.7	200.003	8	10	0.1	0.1	10	6.179032589232458	7.883755670982911	3.2087401811843357 -13.917824959942166 3.8770445337227564 -13.803029476043855 4.503632901678215 -13.52295780794019 4.949379265833699 -13.000919346292351 5.349986862581506 -12.454526299332366 5.969281652721501 -12.172979206866655 6.5174124534142495 -11.765724654109565 7.144083123354785 -11.483027051283825 
8	0.7	200.003	8	10	0.1	0.1	10	6.163846475210937	9.328910977652967	8.483689190033898 -11.09228142355697 8.100935600120891 -10.512776468061844 7.546343505871403 -10.1037021448097 8.185660981686857 -9.879545537559508 8.792130628950074 -9.576498585811466 9.278155268333606 -10.03064484110516 9.876786105647795 -10.341506385648696 10.554612401863139 -10.44071771626496 
7	0.7	200.003	8	10	0.1	0.1	10	5.192681033111729	9.329126449547067	2.292399991191639 6.148255246594815 2.487834950832599 5.478504306111984 2.317713609215854 6.101420108548915 2.05016398874862 6.684837243617234 1.7968108213889722 7.250672469760769 1.657983975989645 7.838691294137026 1.2626930381366226 8.267597307720848 
8	0.7	200.003	8	10	0.1	0.1	10	6.041183114843665	8.569037302441847	0.12228479629737786 7.882367082210551 0.4084658777974606 7.26999984698252 0.6112690773982972 6.633749629387947 0.952709967849014 6.063107598429275 1.1392309938420673 5.42165169410023 0.9256389362161949 4.8027094910897805 0.8332613900398422 4.1520180754145635 0.29162381753919986 3.7882381202427813 
8	0.7	200.003	8	10	0.1	0.1	10	6.127060715934325	8.623742595304162	-3.4657710030712594 8.41292833188769 -3.7461190511595346 7.77135632514941 -3.9732733749473623 7.112008798103879 -3.7636412463276248 7.719663266765404 -3.5047318277591915 8.310527576084349 -3.395946895728907 8.94283645698313 -3.550111949343661 8.26055480025563 -3.7946760404310473 7.604078168302988 
8	0.7	200.003	8	10	0.1	0.1	10	5.9209269557760855	7.4973558682841865	-5.726493713573235 7.71181851217976 -5.116593189111019 7.934844205786879 -4.878934644671093 8.535723277881495 -4.720543658074173 9.159660260713599 -4.530091629822559 9.780151540341945 -3.971571119633918 10.10591092706847 -3.7462350021945934 10.706120657807428 -3.7226646872735683 11.350563374778693 
5	0.7	200.003	9	10	0.1	0.1	10	4.198502443286992	7.48510228504299	1.3475532368711856 -16.119105764795968 0.7129585559297756 -16.416161056913847 0.09314387115122137 -16.73809284379762 -0.42389851587187866 -17.209534854046126 -0.9464022153268807 -17.6748771285668 
6	0.7	200.003	9	10	0.1	0.1	10	4.831935459692886	10.250733138118601	-2.6882684235730125 -14.950891316197549 -2.748166439970985 -15.625852553967139 -2.967335603389918 -16.26595868186596 -2.895795954079949 -16.956161246172407 -2.881660527922028 -17.644577170264853 -3.0342263394990283 -18.32290436254202 
6	0.7	200.003	9	10	0.1	0.1	10	4.825627090267687	8.394615376845731	11.842591839416903 -3.1870336978538503 11.998463006418971 -2.5275470620874096 12.19016369754473 -1.8713516181603338 12.306388096691544 -1.1927368579942355 12.56645147026599 -0.5566474761869857 13.130427883367801 -0.16146130783990278 
6	0.7	200.003	9	10	0.1	0.1	10	4.818674814852466	7.16878435112955	13.693387153897955 -1.3831548583534004 13.532207947395088 -2.043597242147513 13.332878956773376 -2.6928885528972137 13.176671104607992 -3.3563396195095687 13.851979315396502 -3.4753584811722145 14.543211062501255 -3.436171661904597 
6	0.7	200.003	8	10	0.1	0.1	10	4.6577636681767896	7.042449886161293	0.2313920778706522 -1.2384480725398632 0.24795950886258988 -0.5382968034754801 0.16020213776798473 0.15822945101878483 0.46900378062785264 -0.3845627183682367 0.138788268904279 -0.8973744442718187 0.2784858603368252 -1.5024220464244131 
6	0.7	200.003	8	10	0.1	0.1	10	4.671451314361761	6.650690982663669	-1.1058797521584207 -0.13856519147581983 -1.1337721331645012 0.5654029410343645 -1.1120069585673167 -0.07552651674079541 -1.1181594080892427 -0.7146354090282931 -1.0899297005756627 -1.3602221203236593 -0.9294227180691593 -1.9800676867370115 
9	0.7	200.003	8	10	0.1	0.1	10	7.147848896225643	10.419610132415468	-8.431408884763096 4.339496917482037 -8.477622269911251 3.7339716840407737 -9.113946969690362 3.4567932032528335 -10.05790440815918 3.2234938191830396 -10.662981765281602 2.8351843575848275 -10.824656443930467 2.1615672666916854 -11.209772701882226 1.5872345320515826 -10.816821527966134 2.1489344828705974 -10.699292746039772 2.8242004693322658 
9	0.7	200.003	8	10	0.1	0.1	10	7.196294544340834	8.99592998472856	-9.929200913097876 1.0763491655336548 -9.573006950322995 1.6109612425203796 -9.342154602212885 2.2160162027406143 -9.402170011890606 2.917049736059862 -9.716525074240405 3.854066331938147 -9.745681747414608 4.582306046109386 -9.481692745385041 5.234635846427113 -9.749901353462077 4.5991756283451934 -9.478557581402745 5.235826203910908 
6	0.7	200.003	9	10	0.1	0.1	10	4.8238211875381225	7.134965863946002	6.559137206174211 12.349716788760503 6.895168390604851 12.951211679260673 7.386566765805879 12.467497957313284 7.910190175545414 12.027724962156743 8.463849165403252 11.633326765903353 9.142746738205375 11.57128065304512 
8	0.7	200.003	9	10	0.1	0.1	10	6.224375094592515	9.774014475823488	9.928456770546804 10.514170199328445 9.62481072481059 9.900485611520036 9.623805080571767 9.215574062192962 9.83605026889832 8.563609205965811 10.523430175302108 8.532380069997847 11.209818047428335 8.457287824554022 11.903488990479191 8.452535490043008 12.580899177106367 8.289028880994213 
6	0.7	200.003	8	10	0.1	0.1	10	4.8997512008370485	8.991885294192127	-24.41707772233858 5.484124210255165 -23.807924371318723 5.139297507510444 -23.190697500814515 4.809190962640686 -22.55603826465415 4.514044753148211 -21.902218346968713 4.264201518559611 -21.237364241220302 4.045335451976556 
8	0.7	200.003	8	10	0.1	0.1	10	6.246571341684648	7.474267601730565	-21.34823994899138 2.650383705700018 -20.649352810372818 2.6335532283759147 -19.951275821946712 2.6218483517582603 -19.257409342555253 2.689224127578594 -18.60960684807278 2.944077624440931 -18.033593370609616 3.3363344550362792 -17.567454985595756 3.8507457719591383 -17.12729580109309 4.3491770373524385 
6	0.7	200.003	8	10	0.1	0.1	10	4.9121360012299675	8.083231352429172	-5.731298688686956 12.843396591676346 -5.394689458520771 13.457999613054485 -5.00417519013399 14.043182199153739 -4.533765708900692 14.565695528337576 -3.893976904456076 14.857086329080962 -3.226944607500971 15.07518425435418 
7	0.7	200.003	8	10	0.1	0.1	10	5.549242959396384	7.027031250528365	-1.7850116885750849 14.67099777428217 -1.1509552273504429 14.38750578677483 -0.5015796668212156 14.142141100495486 0.0056475865061516 13.670988283521751 0.251451232878068 13.025323573038925 0.007559570999697852 13.668288954847176 -0.25441532689041874 14.306279525934055 
7	0.7	200.003	8	10	0.1	0.1	10	5.549327115504779	8.222261657166525	-19.783250976002215 -0.5253226259841092 -19.08685328489335 -0.4853788061222008 -18.392072349362756 -0.4636507930981719 -17.706512387551797 -0.3666607595829346 -17.20329454575483 0.10213332767572134 -17.025274657890808 0.7604847502102478 -17.2335083377028 0.09790081699592726 
9	0.7	200.003	8	10	0.1	0.1	10	6.8642201719994205	9.873667840534075	-15.26572207233881 -0.14187750808282196 -15.837727074905695 -0.5314298550178388 -16.371031769681064 -0.9797769247625043 -15.824553850517182 -0.5562850496348604 -15.250163614538014 -0.17924905612307557 -15.675210312845412 0.34286089470713316 -15.721893429971342 1.0177679878819519 -15.994068584062902 1.6387254655088372 -15.508584198390434 2.0993586486987525 
7	0.7	200.003	8	10	0.1	0.1	10	5.5394747715944135	8.128711330907013	-14.402172628087959 0.8943741937795472 -14.31950731956875 1.5771312709827545 -14.003975163326276 2.1893391658886165 -13.671977487959285 2.79564026010197 -13.54032890849476 3.473196828794014 -13.824209225039462 4.104800756720371 -13.808700040415308 4.793677252863258 
9	0.7	200.003	8	10	0.1	0.1	10	6.7350842878000226	7.88696175003237	-12.452133831345273 5.1037930807434595 -12.503523077822821 4.407799145245121 -12.430232436971673 5.070913039320066 -12.630370919996922 5.705429718855617 -13.219873557545926 6.0221420645755614 -12.915830056067604 6.611574319302756 -12.338759116733398 6.940631530102054 -11.864182272921317 7.400216905395748 -11.241847627533861 7.22197954626426 
7	0.7	200.003	8	10	0.1	0.1	10	5.521148460737967	8.449590141438748	-7.471820663820611 10.2720287014167 -6.935055967246402 10.68814237193866 -6.405599581433455 11.125675067934575 -5.723323893591449 11.219240484679434 -5.059346261739827 11.031117192993914 -5.599382825354344 11.454040222580579 -6.2897029358897045 11.466220617275363 
7	0.7	200.003	8	10	0.1	0.1	10	5.5389872526222526	9.878404024680858	-4.513504693908393 12.373406257987778 -4.145000669377554 12.955195612528058 -3.6959047108987715 13.479620528697978 -3.04111491423412 13.70257478152027 -2.38097965742305 13.49551114941241 -1.7880556425611818 13.142838083139006 -1.1380383548267403 12.922227926907725 
7	0.7	200.003	8	10	0.1	0.1	10	5.4691970482403285	8.015638984820637	2.0892198129152977 4.297802296009194 2.219217381334806 3.6586369091750868 2.6309888271642743 3.1446201343523543 2.397578876840238 2.5275323190417236 2.465306111504841 3.2414809523856616 2.4135733029487465 2.5611180954617647 2.4694465382006006 3.257979762115191 
7	0.7	200.003	8	10	0.1	0.1	10	5.459927687224091	9.706008247659739	1.7740436630115817 0.9678488814653208 1.6102741539674517 0.3019901074601207 1.7780317819501628 0.9883804684631772 1.6258741057233201 0.33506799623659933 1.8415084238112969 1.0287368283176321 1.3007853075299975 0.6984987668467617 1.6552833720001185 0.16945857282034069 
5	0.7	200.003	9	10	0.1	0.1	10	4.043724612862643	6.785309806631965	-2.404224250419949 7.4903418219581335 -2.6257135309373885 6.869881606371855 -2.8939731829791873 6.263509976403606 -2.6257042481124158 6.869867407307064 -2.404227583379799 7.490327219819036 
6	0.7	200.003	9	10	0.1	0.1	10	4.717747733163451	8.173443312746222	-2.0850794162046444 8.748456803178929 -1.9530264634939472 9.373497590768933 -1.9774985024408807 10.021832388237767 -2.632319332686702 9.919169471197693 -2.4399262428398756 10.558627319273194 -2.1965281407251767 9.902818171218623 
6	0.7	200.003	8	10	0.1	0.1	10	4.889709570629991	7.55611314539274	-14.977256360268687 10.165247036695776 -14.384205147313759 10.535905563092985 -13.752119107582288 10.834002802955712 -13.158582278165635 11.20133438217968 -12.49948482340675 11.42967361447774 -11.851623698801403 11.683914711220817 
7	0.7	200.003	8	10	0.1	0.1	10	5.548033549690148	7.807507121656492	-10.956732756114326 12.74630911806758 -10.264063653163007 12.800459403629857 -9.579393206605705 12.889965357230562 -8.944523679434807 13.161438799012316 -8.358308795396725 13.516922319821983 -8.059304001131595 14.139760079367006 -7.743935025290764 14.759997273288768 
5	0.7	200.003	9	10	0.1	0.1	10	4.1147926801284544	7.908121578974576	9.472207518754107 3.5323727139821806 9.249444422764356 4.180994677224641 9.241103407630181 4.859981849064792 9.139169721195929 5.531189345247887 8.536111773933703 5.825499209398268 
6	0.7	200.003	9	10	0.1	0.1	10	4.734121162043476	9.2909533778532	7.739316280917885 6.804008023171489 7.223107071926027 7.202882635169951 7.166089681530459 7.864212352729425 7.0131448301375565 8.515402781843761 6.612955417423333 9.054896016933874 6.928369193087864 9.65432742499366 
5	0.7	200.003	9	10	0.1	0.1	10	4.142487085062026	7.1248880010926054	-9.95405957614318 9.468207978435318 -10.530769328527988 9.831997456245022 -11.118414648973408 10.183324955450079 -11.803828626403572 10.219463625404071 -12.466013326426854 10.026957976056513 
5	0.7	200.003	9	10	0.1	0.1	10	4.179186033798717	7.050662755872238	-13.667256554676488 9.364036892639326 -14.240010405423206 8.97705723285019 -14.877020594263243 8.70298607010749 -15.549738208075222 8.524241247901582 -16.1306578088309 8.136511287983902 
5	0.7	200.003	9	10	0.1	0.1	10	4.139875500147768	9.89951520676824	6.983440644377657 11.030260562414302 6.31476090900934 10.868421990309825 5.789498289004299 10.426067412218005 5.472795152974442 9.81950657897438 5.249446667971142 9.176269150869532 
5	0.7	200.003	9	10	0.1	0.1	10	4.120412063490101	6.967264305241932	5.797174462284729 7.935265830630115 5.897536556499763 7.26196564800025 6.011243062474182 6.595507365342537 6.429274849374427 6.057445037861472 7.009580872171882 5.698746257480165 
6	0.7	200.003	9	10	0.1	0.1	10	4.883792769432007	7.946039180088384	15.773071222286779 1.01957075971601 15.772617835835096 0.32303833194469844 16.002482009481902 -0.33320588405610396 16.453235234988245 -0.8645083188526422 17.049198189113245 -1.2261514597718832 17.70103628384671 -1.4759582306390906 
6	0.7	200.003	9	10	0.1	0.1	10	4.886797119048383	7.1176343389009915	18.75794256159477 -2.3853107279346832 19.351036781282296 -2.02132368257815 20.019892337559202 -1.8278363190057811 20.717058459488793 -1.8152319074995742 21.412912189873257 -1.8729599443372777 22.10934907812582 -1.9340898717660049 
5	0.7	200.003	9	10	0.1	0.1	10	4.158926609614454	7.377738342871361	12.586281856032906 -8.219940927525155 12.41356246714254 -7.549875101894923 12.419536086343243 -6.866022348962886 12.480078592642595 -6.189990903098228 11.832134991196254 -6.466156312143568 
5	0.7	200.003	9	10	0.1	0.1	10	4.111544800977217	7.60614821363882	11.77344030157974 -5.090054732247231 12.098720107481507 -4.504854069391202 12.754199083476054 -4.6467477231297565 13.418975537844851 -4.793333384419722 14.106581554692903 -4.857680609080947 
5	0.7	200.003	9	10	0.1	0.1	10	4.100213026393725	8.07139805580147	3.9369963680379763 3.16714660467242 4.54743664976044 3.4637207062402666 5.194333859968186 3.244014257874151 4.7717352524273835 3.7398728588845613 4.220115413256558 3.330641963825205 
5	0.7	200.003	9	10	0.1	0.1	10	4.002834450440458	8.166552415714655	6.41229151434437 2.8524368179345516 6.435432131107339 3.4996353808278378 6.943050989796567 3.8976201215128703 7.335930893878823 4.417562018071205 7.937765362704687 4.684809351810667 
5	0.7	200.003	9	10	0.1	0.1	10	4.481259057347957	6.474964892451931	0.8658658522490452 -13.30078743467213 0.26102547495207473 -12.907938391169802 -0.6632708467411984 -12.601475526569915 -1.1958557230817122 -12.129550994550181 -1.1267921644339312 -11.458426038962818 
6	0.7	200.003	9	10	0.1	0.1	10	5.188414632852121	10.438536931588942	0.12324992385615474 -11.603139327311883 -0.0049901858162335715 -12.298515895901522 -0.34930602656087634 -13.212140248571002 -0.3133367526522825 -13.940739264788325 0.14391961081721452 -14.453735912072775 0.4376822281718522 -15.076166106796355 
5	0.7	200.003	9	10	0.1	0.1	10	3.9959147472115113	8.404647876705292	-11.209547075707173 -7.7822150273112385 -10.673674502427032 -7.412793808083821 -10.155978253738185 -7.015115488105975 -9.67302084109662 -6.580974887128844 -9.165894600724048 -6.185933530438987 
6	0.7	200.003	9	10	0.1	0.1	10	4.5909945175061235	7.899452116120828	-7.75398972120387 -5.244860734248998 -8.021828769812505 -5.888897807291242 -7.826502233887855 -5.294001189826999 -7.414078330869456 -4.823226780650778 -6.911430880781788 -4.457315408833797 -6.348495243449536 -4.198131342216317 
5	0.7	200.003	9	10	0.1	0.1	10	3.976721321131182	9.044229889355893	-6.699867652319336 -6.996272435500683 -6.818479576639262 -6.36454118081977 -6.535385582281692 -5.78730211381314 -6.012551855646678 -5.4102177998841245 -5.491447740318528 -5.027746365327626 
5	0.7	200.003	9	10	0.1	0.1	10	4.1469060443036305	8.408105630287412	-4.864662558581803 -6.199994162649603 -5.434452336462188 -6.576294703855291 -4.8580410837143635 -6.195894280275069 -5.434452336462188 -6.576294703855291 -4.864662558581803 -6.199994162649603 
4	0.7	200.003	9	10	0.1	0.1	10	3.3916700608131007	6.521482112500788	0.6695283813366492 9.26433395459296 1.3327207284600315 9.390482447051696 1.9956211224399605 9.383629511443669 2.621246892481644 9.572975457486201 
5	0.7	200.003	9	10	0.1	0.1	10	4.064690881809768	8.849543242748933	3.5467533251597376 10.408833469039028 4.207236400268413 10.298667796139174 4.502038564278819 10.887520471084818 4.753514217517487 11.50263911678967 5.345250889697498 11.8211640183966 
7	0.7	200.003	8	10	0.1	0.1	10	5.5570335194361	9.528132998870156	-21.25043159968265 0.4999070754000725 -20.583064037671914 0.7031169182700304 -19.906860333785154 0.8646545441146969 -19.21495464382052 0.9047601198211174 -18.536567655518297 1.0337528499339332 -18.113091457117488 1.578717692938836 -17.580273516597785 2.0177829776773137 
7	0.7	200.003	8	10	0.1	0.1	10	5.484234840895146	9.569699549466243	-16.570820352309358 2.917157699500855 -16.04398985743044 3.364240808429482 -15.869730600921073 4.027709165732892 -16.319376309922244 4.551705313949178 -15.898791257762609 4.0201152793632176 -15.259164014524657 3.8150851666973344 -14.901894703226375 3.251493691208549 
5	0.7	200.003	9	10	0.1	0.1	10	4.0315067749241535	6.6177946753379056	7.301913779458652 -6.140392965040739 6.8913693098454605 -5.625726427634611 6.268827838781944 -5.4288656763002745 5.733464391006258 -5.785666682293902 6.336685435487054 -5.4786396274787235 
5	0.7	200.003	9	10	0.1	0.1	10	4.114304022077585	8.700649153114968	5.373086646883964 -4.420374401655204 5.18717135085959 -3.7711519838567717 4.831298105230623 -3.206398792199505 4.207222434667827 -2.9589375092513737 4.843649963812595 -3.250685033825294 
5	0.7	200.003	9	10	0.1	0.1	10	3.9622308548675034	6.018931773680132	4.42422753020943 0.31327775863602336 4.198974307176889 -0.27899566283345567 3.956137705481328 -0.8811944927638304 3.713856758110285 -1.4790699117964528 3.363188862121372 -2.007444587565265 
5	0.7	200.003	9	10	0.1	0.1	10	3.9273654042941315	7.869549592294243	4.925568109437152 -1.9284326872809467 5.069905461262568 -1.3176315654417528 5.31346900101513 -0.7334200676999226 5.597849536842099 -0.18041990070077837 5.609336472169553 0.4644320564795877 
5	0.7	200.003	9	10	0.1	0.1	10	4.016016572191405	9.640781278305562	-1.1408302627764315 7.881430589823046 -1.0813647706852778 7.23882763879307 -0.751838470265163 6.703011069466908 -1.3415983134742113 6.395378267702992 -1.7305285808998798 5.841907504458488 
6	0.7	200.003	9	10	0.1	0.1	10	4.73404152674123	10.70870494054613	-0.4702841348002966 4.8869871300493 -0.2489949576494654 5.529314602126486 -0.46213443082241396 4.882235757221401 -0.2083094437799969 5.532551781953277 -0.7529985492360849 5.191375889203908 -0.42892799690370714 4.6481214728673805 
6	0.7	200.003	9	10	0.1	0.1	10	4.6954237602837345	8.330669127345425	-4.199961490815051 -14.986464383519925 -3.904808641648067 -14.383127907421532 -3.5029959544652947 -13.851574174608238 -2.9168373305643622 -13.557973146564402 -2.9011458095148304 -12.901057520964399 -2.3757183159024424 -12.527398110930475 
6	0.7	200.003	9	10	0.1	0.1	10	4.785925484103512	9.271848982623764	-1.614070448709183 -13.579103991795675 -1.5932854045806883 -14.249432964200974 -1.3074181638989313 -14.8659269628324 -0.865213793204982 -15.378948937929461 -1.0975471510427102 -16.010956772422585 -1.6112048422311174 -16.46424726988369 
6	0.7	200.003	9	10	0.1	0.1	10	4.837051726780645	9.253785157110553	12.364248219863802 0.9017099659249583 12.96246841897734 1.2327084425645898 13.233916429837977 1.8636129144269946 13.440048204221382 2.5212455148174295 13.420474246472372 3.2112162421664356 12.73424534039048 3.246069228721899 
6	0.7	200.003	9	10	0.1	0.1	10	4.839957873611815	7.992516688135098	12.010707853373072 4.348045882188838 11.872526090691569 5.013348127810464 11.822880328181338 5.694506998926677 12.470870694155467 5.928623115476837 12.957115449803444 6.4211371058419635 13.24139445319563 7.056876231199187 
5	0.7	200.003	9	10	0.1	0.1	10	4.159077750613064	7.184227768982055	14.822056347555261 2.370004218271782 14.584250509140135 1.7170547864804866 14.355352780043992 1.0632231960017946 14.383938483172171 0.3782860021550693 14.515093365479332 -0.2949550095015134 
6	0.7	200.003	9	10	0.1	0.1	10	4.859159838986216	7.554370657365835	15.195522407075131 -1.4664891755648723 14.898199706545086 -2.0893456305591354 15.500333580925105 -2.4224608289644904 16.190833115356632 -2.468742018843108 16.867421264298365 -2.6205329623935985 17.488263254764085 -2.933771962636204 
5	0.7	200.003	9	10	0.1	0.1	10	3.9493697582040013	8.207523109049797	10.598529575299267 -5.544135968215566 9.963512867462505 -5.328205018528385 9.569355607926164 -4.817337018672396 9.508878499929597 -4.190096847401809 8.915847821450969 -4.079547398049081 
5	0.7	200.003	9	10	0.1	0.1	10	4.118769851324391	7.021486953395703	7.943951775585918 -3.332017094670052 8.517463464193483 -2.9435811335407367 8.88936290252448 -2.3860551256797047 9.13043441151694 -1.759744211204828 9.645031285564732 -1.3079113697665306 
