N disks	Disks radius	time	Gen	ks	kt_bot	kt_par	kc	current length	div_length	X
13	0.7	200.003	7	1	10	10	10	7.722080205913651	8.732035569434286	1.0491873441894304 1.6814054196889405 1.0924620826317828 1.3144617876185083 1.3348741844227723 0.8319572886880917 1.453122546321985 0.2848024591365227 1.799727401391593 -0.15806841992211385 2.0254516993682303 -0.6613262071743671 2.443075716533265 -1.029601079880464 2.760104465786795 -1.4905205079276143 3.20528555313241 -1.8272512961563827 3.524424540762987 -2.2847965438813413 3.908569825853681 -2.6893915156475816 4.119334771313856 -3.188212128451454 4.324415750286706 -3.5399865339280874 
8	0.7	200.003	7	1	10	10	10	5.673574104092291	7.1688328217259345	-12.088934353848083 13.385063098444121 -11.601522220193372 12.966769830953512 -11.153993013473343 12.51822908373116 -10.653392588935805 12.114055415020582 -10.235041988412386 11.618662373232324 -9.751112369707302 11.192445443743468 -9.411813848853571 10.673396404799435 -9.112852129975069 10.34935099702928 
11	0.7	200.003	7	1	10	10	10	7.04891451153364	8.83689768372906	-7.999424472029373 12.231949384549424 -7.967226081533749 11.639278083932217 -7.975934633817277 11.078509236747458 -7.935022409837209 10.506092277047031 -7.974135242233751 9.866939586650277 -7.86971035091036 9.295665204673341 -7.817641911593664 8.726325935158105 -7.555634608361724 8.203112827379696 -7.3957718752681165 7.635237064379337 -7.076710435168123 7.157552884867391 -6.9608963143027625 6.797402716142251 
14	0.7	200.003	7	1	10	10	10	8.169762199911045	8.783894346461512	-6.73938758654955 9.841879015707686 -6.609876391141248 9.412943758504067 -6.380293515432653 8.94454775389591 -6.231036253762822 8.427449873073996 -5.96281373735861 7.955178686585389 -5.805108072829045 7.423685607012779 -5.514015510457628 6.961971378280867 -5.346669940952168 6.445633988294906 -5.01580933839256 5.999707386325202 -4.818227484804703 5.4889144305229465 -4.462819212877803 5.070192436581249 -4.25216815527929 4.566138394802778 -3.9110070789865095 4.171322691153288 -3.7713616138797637 3.8444134672008468 
12	0.7	200.003	7	1	10	10	10	7.665568844268529	8.609194012983815	4.750357312204915 8.958221496281833 5.1488988646914295 8.867584721798838 5.649173329813168 8.698177309557975 6.203645863166846 8.60405923750317 6.7430525291092085 8.470763512905929 7.2988180463632295 8.431998517526807 7.852238490030928 8.366190551424475 8.415586831781805 8.36604889567242 8.994674301278575 8.34900932085483 9.621080865831363 8.349944856603136 10.270773373808082 8.336529667859846 10.947879503224707 8.321384268632732 
12	0.7	200.003	7	1	10	10	10	7.35346256617216	10.036006580220434	0.017064868108097528 10.532488699481291 0.3840774324402451 10.234442140541752 0.7651848191825484 9.844733628220098 1.2206700352517834 9.494024569366598 1.5699499301443127 9.04805686654465 1.9627999329067995 8.63163669068955 2.159089026856776 8.094147949215614 2.4089004705911186 7.577685756661289 2.4612955040675404 7.000254553559916 2.663659424623881 6.45252798846312 2.698623984512076 5.899719797655581 2.8284169974394535 5.5658241459224005 
15	0.7	200.003	7	1	10	10	10	8.546401320132878	9.830073878173785	2.4162382224921246 4.45736921480781 2.7105908616922285 4.241422202271366 3.0418843065259114 3.8514707386700784 3.487827362609039 3.5669239504764843 3.836709140275284 3.177076973055997 4.26911086712289 2.8657816449873716 4.6007349663890365 2.421372194732487 5.014176705914727 2.062301097393024 5.324014249929806 1.6272665182348813 5.7421676034371485 1.2896150198150087 6.073931890727982 0.866444967264035 6.506910900159124 0.5478468656613005 6.863529169154771 0.14793299231578788 7.289122272791393 -0.14523405373327297 7.561413583271175 -0.4147782182601242 
18	0.7	200.003	7	1	10	10	10	10.215566553211477	10.663631783626341	2.3304311723419033 -7.45240916515805 2.894824666994105 -7.726797499244397 3.2941699292885134 -7.827925051581733 3.6037588118104793 -8.152257671443616 4.027029437744928 -8.36253772442293 4.35517731731801 -8.725480347926112 4.772702893758306 -8.988763807410118 5.161046045350214 -9.32816310061795 5.592267039114526 -9.622677006025368 6.000622696069847 -9.940182622187866 6.409756726907427 -10.2578177215549 6.792506455206442 -10.602756213947517 7.149984736123259 -10.967605035956574 7.474033897620476 -11.364137837949174 7.769983646028926 -11.778836772402183 8.0495993520438 -12.218372773491463 8.339446789758961 -12.705974735322291 8.67126014533508 -13.280190607774458 
15	0.7	200.003	7	1	10	10	10	8.502038253243335	9.897197417747536	-11.478095733689115 -0.04993230275365222 -11.224900274892134 -0.3199096591698972 -10.80726620302147 -0.613815207305225 -10.451768859239722 -1.0074301661211205 -10.0043231373828 -1.2930337438923905 -9.63161428453315 -1.6706225472852518 -9.139987939101918 -1.939383855386562 -8.727346726961233 -2.289089184932887 -8.239801082141467 -2.478413442221134 -7.810499821401695 -2.7906851443717278 -7.307761827605249 -2.9613384162230685 -6.892994975784928 -3.28904154768167 -6.405604076893292 -3.5068930809084553 -6.039737821265753 -3.857896490481444 -5.708071777021523 -4.03074618554291 
16	0.7	200.003	7	1	10	10	10	8.923900235394829	9.661630872547041	-6.397409683341519 -5.117784152650627 -6.064537404426321 -5.211291488498923 -5.554394508135211 -5.216838991750295 -5.074248426866462 -5.397267376347681 -4.5687288590845565 -5.484995959397947 -4.131051061824616 -5.767773573945335 -3.6316480249924923 -5.951993306417136 -3.2063291427172644 -6.275723234353619 -2.742973976895143 -6.496658125802623 -2.3737875152183188 -6.861596084905049 -1.9441655937034 -7.139772562341415 -1.5828124112785185 -7.506084064596895 -1.0812112129386406 -7.797372901979073 -0.6092698425358407 -8.095317133338385 -0.18630875928520868 -8.260191346019866 0.1618816286186633 -8.46338897183168 
9	0.7	200.003	7	1	10	10	10	6.187418541633157	7.1715699993693995	-10.706690950822113 10.27325578975265 -10.344410802178649 9.774901386287178 -9.940394599601314 9.292327772092424 -9.604063278128267 8.776799152094416 -9.211929744049078 8.298694236384316 -8.925505935314774 7.739350546271493 -8.573057632858902 7.2187875584245935 -8.350345816135517 6.66315365090954 -8.122126805593865 6.272573083161616 
13	0.7	200.003	7	1	10	10	10	8.259833643032566	10.258435600951838	-15.185408231535648 9.707557221952243 -14.811378463412874 9.164692590240014 -14.455674044211 8.655142565253266 -14.116943441852769 8.176713889024954 -13.790673019899213 7.738479804818974 -13.479907574245269 7.323907835820081 -13.126093153472413 6.856977552344746 -12.773591577366737 6.353788198742697 -12.489577509468829 5.922231084800891 -12.210370607261885 5.483793927996521 -11.93581092288884 5.056765387698343 -11.652407791648804 4.615057007803927 -11.304656491619326 4.054838870859472 
9	0.7	200.003	7	1	10	10	10	6.099768609286384	7.7844044352655235	-4.628153072418082 8.078369016144167 -4.476295911336253 8.470045232660095 -4.164168443040371 8.972353635506842 -3.9502174426330066 9.575152129278203 -3.61999174829233 10.11689097943872 -3.343659851607764 10.728715730840374 -3.0014020990017447 11.24093965921404 -2.751021613743543 11.780162959103203 -2.481120817224247 12.238968808897196 
12	0.7	200.003	7	1	10	10	10	7.76339597956995	8.376654289049924	-4.678288663707707 10.968935252390695 -4.494661568448622 11.28224264079117 -4.318261282228862 11.784668463503634 -4.013230550704236 12.247844489980574 -3.7745738216901255 12.75281899763471 -3.439601430659148 13.206944507179239 -3.1351723228702784 13.681857133024513 -2.766447022883203 14.137340163971514 -2.383230775049292 14.616594468853469 -1.9316392836909266 15.120255692183338 -1.4783235253239029 15.609707346605482 -1.0081233094246966 16.1050408476973 
10	0.7	200.003	7	1	10	10	10	6.520039933006034	8.315260422446181	6.708876324606101 -2.7689601495223957 6.713863342105487 -3.1699982501949124 6.852757318759478 -3.744705855768835 6.8561624172235645 -4.355371693242546 7.003693954114132 -4.950842610466761 7.043193145219692 -5.56445859550939 7.230637580462455 -6.1650761715585025 7.32006916660394 -6.7693536658241324 7.5018219667353145 -7.308958761321972 7.597228234935787 -7.778608389208338 
13	0.7	200.003	7	1	10	10	10	7.754983823110024	8.568798816513592	5.525077126352175 3.2902120413758613 5.815857266997479 3.0009479626195046 6.248381001526793 2.703966106102518 6.606012637746343 2.276614039861163 7.051042194263026 1.93446428842449 7.396383680098834 1.4931651111493849 7.854569878524271 1.147842416289736 8.229133218889222 0.722434588093789 8.706404401141237 0.4132928404259948 9.10077392602518 0.017899247050944506 9.587577998194494 -0.2521162287406553 9.987160933411735 -0.6111237512815331 10.319193923414316 -0.795328079991 
14	0.7	200.003	7	1	10	10	10	8.328696155018202	9.558791057691986	11.373464983324565 -1.2360079733740048 11.6038579199252 -1.4971993472461786 11.857465214787284 -1.9555425169039622 12.205270163589613 -2.3617781216942118 12.464332073188627 -2.828598390380988 12.822451758339582 -3.245337503000703 13.122269882023136 -3.712193735084804 13.48973261230722 -4.106936898300837 13.79973530832957 -4.546111846721196 14.168192585977948 -4.934740479198998 14.497136167023973 -5.357146048430214 14.869017095619212 -5.75393447577747 15.242863001491964 -6.187163622195844 15.660511891255986 -6.645080736516629 
13	0.7	200.003	7	1	10	10	10	7.716952784516712	8.620543503610648	3.7724281749961763 4.919534499210547 4.106877899491198 4.777061998033527 4.650657787877426 4.727189658349763 5.169240469357478 4.529808431666314 5.73529154890884 4.483583588919949 6.268393979085761 4.2540626785327165 6.815796348427599 4.158707957860997 7.3186301586269344 3.9096121963671617 7.868608600438871 3.8158293694951193 8.37070619319258 3.573162519635731 8.91997391312972 3.474266577301673 9.406595363536127 3.2230056965191167 9.764112778547226 3.144675972413613 
14	0.7	200.003	7	1	10	10	10	8.406446726911307	9.106594302712638	10.53903248935944 2.356876919191761 10.856770666267012 2.2145287612236166 11.268635404392988 1.9031998067938651 11.754884113300811 1.6809725215255045 12.185947338833197 1.3607578441820667 12.672283331065685 1.1298351753527693 13.109923371315022 0.8152637869248883 13.590882541035283 0.5729188331198336 14.02753518380788 0.2588504582569686 14.488384219267278 -0.013562882611409924 14.922771443832538 -0.3541947119568391 15.370945138845064 -0.6967213801601732 15.834643199390207 -1.0923560336643627 16.334844989245166 -1.5161923950795055 
13	0.7	200.003	7	1	10	10	10	7.904468300276786	11.018566575776221	8.559962018178942 2.202035183490294 8.981078345700626 1.883557429758929 9.398424146559808 1.559773286134112 9.836507700135435 1.2391935417579236 10.288356022896183 0.9208293230313646 10.758864738774104 0.6231550156758019 11.237363925218563 0.3336035823296678 11.719562753261917 0.05150146074086972 12.240321339675392 -0.2514401875417674 12.703025869103392 -0.5393122329272754 13.160286981076435 -0.805110152072332 13.594235824597126 -1.067043499249983 14.025958367285117 -1.3087515215359173 
14	0.7	200.003	7	1	10	10	10	8.549554092415637	11.78186439310554	13.808087886424055 -2.5361512639182906 14.184933937636762 -2.657680319749987 14.63193912440719 -2.8580575368794214 15.135549987377527 -3.000640586694905 15.62394514366142 -3.2072897860622063 16.135087575938496 -3.3517442421444468 16.628470589603975 -3.5471492012490624 17.137694079441186 -3.7007539496444455 17.642926393385586 -3.890525128812203 18.172491467622418 -4.06668529490205 18.72233431962322 -4.267121423698806 19.302306976311915 -4.472923512654532 19.908437874442864 -4.693230356412218 20.5411139607812 -4.922496550646312 
14	0.7	200.003	7	1	10	10	10	8.06295247701395	9.466652450444304	-13.578293987855782 -5.046783271978101 -13.303915003089793 -4.825462165310661 -12.802911843006957 -4.654532418890371 -12.35459330890655 -4.350561819011142 -11.821249020481547 -4.266401125711359 -11.321921805940496 -4.064673015676153 -10.788244794198109 -4.111059198340935 -10.247700003091 -4.02871061495499 -9.689146175923076 -4.151086740239637 -9.15006913214569 -4.104006575850301 -8.63158376319352 -4.262989358560474 -8.089581696850022 -4.265815982831918 -7.598040565425728 -4.459428752684038 -7.245750879225982 -4.480567284401138 
13	0.7	200.003	7	1	10	10	10	8.774600475251573	9.442052400321014	-21.177971350695152 8.000196563470627 -20.496510477289803 7.846441320998902 -19.81703290886899 7.693913974744144 -19.13985226200095 7.543244483741425 -18.473148435156517 7.394523102451596 -17.814723193124877 7.250314168593094 -17.168980699321775 7.110248347562118 -16.541085445600537 6.971108129800871 -15.940712728746567 6.825441357740596 -15.383905217704463 6.6688153573945606 -14.861536456801598 6.481726251840626 -14.424413320264833 6.294281270591068 -14.065654299477075 6.121525398926058 
13	0.7	200.003	7	1	10	10	10	7.982172372201234	8.864183531300927	-1.2042438655050145 13.955020995866748 -1.1976986852577411 13.421221909944853 -1.196090567231072 12.84415432944231 -1.19780002818029 12.246749717974016 -1.2223656910755412 11.642150059721361 -1.2408837016387788 11.062527098396242 -1.290730773160915 10.490951190063633 -1.3058769252293931 9.961600712531075 -1.3950854771354688 9.391764642620972 -1.4404007084955455 8.812170709233714 -1.5616381517977194 8.279325343278115 -1.5716116985703914 7.756512851840573 -1.6362500877972972 7.404380519505278 
13	0.7	200.003	7	1	10	10	10	7.881919530219067	8.730226325474788	-0.14737761296630156 8.918287756513854 -0.22159462560019572 8.406344272028255 -0.2672366698943682 7.775337285994656 -0.3231059860987132 7.207907753350526 -0.2646489327248507 6.6769994193752265 -0.2765736481435092 6.129527262987657 -0.13451830398925746 5.597687679812576 -0.1070624403983456 5.032831279195036 0.0906722888610244 4.516772825229852 0.15069231581282297 3.961683038456548 0.3817617360810171 3.461056135738364 0.4577353982344561 2.922757555627181 0.6169751313734682 2.602026942322257 
14	0.7	200.003	7	1	10	10	10	8.77544260342288	9.20587035244155	-13.248537309979268 -1.8022143574674487 -13.455462512900722 -2.0631502755838347 -13.67667493456667 -2.512889115251636 -13.988975367111943 -2.9310817141752814 -14.211376197758307 -3.4078689324155382 -14.47400692575651 -3.862679569747285 -14.627112277258751 -4.343454358765958 -14.761822871142286 -4.8855573065592806 -14.780841874233772 -5.493392342289567 -14.728936961914048 -6.076320236332553 -14.603839858497357 -6.7142901150593985 -14.436456661068437 -7.368438460533611 -14.24798759564943 -8.032277712875352 -14.054088668066017 -8.700770162864684 
13	0.7	200.003	7	1	10	10	10	7.7712703548736	9.103718843115875	-7.618985784464836 5.154101519815264 -7.3858735402522715 4.822804037436757 -7.168849001327601 4.330007077973522 -6.829611040389599 3.883225022070894 -6.604692701008207 3.367580453365303 -6.273113584973153 2.9154904946728344 -6.107343798501217 2.3891211246864064 -5.8602767638473 1.871138114601622 -5.839689232992789 1.3247475103046715 -5.73978747206678 0.814560350487702 -5.8430044134751995 0.2662477866315137 -5.875032642995095 -0.4041304927245336 -5.945191545206744 -0.7184270890609991 
13	0.7	200.003	7	1	10	10	10	7.945599342494303	10.910564045193473	-4.387974507411394 0.8749533306673162 -3.8782097405187526 0.44195908213636076 -3.464039765623574 0.1817279739959333 -3.063373190181164 -0.16672225715533828 -2.5101582568178498 -0.43600896000672024 -2.0771540447387133 -0.7603162166901565 -1.5747840567564289 -0.9964110377025526 -1.1059891224058058 -1.3582422697676568 -0.6353640477170831 -1.618248858849779 -0.26747434730755926 -2.02605803461704 0.16392076453458532 -2.3759184688153616 0.4729612762093741 -2.831728034207629 0.7378951574852444 -3.0755681774635586 
12	0.7	200.003	7	1	10	10	10	7.281312184370488	10.552709968014321	-12.032339506222392 2.7485055974832577 -11.626965459033858 2.7284788390702475 -11.119350678679126 2.533925401886503 -10.556143668736372 2.438341300226679 -10.081080129669392 2.101497880499488 -9.541016996495403 1.897605241113009 -9.134752541250272 1.495266329385719 -8.616385564729347 1.2510496818518693 -8.217553817297233 0.8475613101759372 -7.673135421681704 0.6639842987749816 -7.220845321888026 0.3323760264828823 -6.87478311247807 0.2605610847816988 
13	0.7	200.003	7	1	10	10	10	7.767405485804797	9.988791585905103	-7.468605794065584 -0.8347393325317778 -7.172559103280534 -1.0569852507991808 -6.870084576851473 -1.4873025238735105 -6.387747202905137 -1.7860473218124957 -6.027696571433393 -2.199590770085719 -5.564797651819599 -2.4862828628803895 -5.243862798319062 -2.9278477918305312 -4.807758581133341 -3.343012350078371 -4.488683654801748 -3.83477675790527 -4.072318757618548 -4.1791052909314175 -3.6497733172915026 -4.561350637516005 -3.1702625688450774 -4.807777958774324 -2.8122536107218647 -5.041688262495356 
17	0.7	200.003	7	1	10	10	10	9.452606009820197	10.83392835668461	0.32201803529180834 -6.52333644451385 0.4729017341009938 -6.870387725996764 0.7818084972398897 -7.21330192757048 1.0099935592374736 -7.659992765985485 1.3972569699621105 -7.9999094374271005 1.6968196627909045 -8.413368151685784 2.1249699297166122 -8.68064742147464 2.4752422016641122 -9.04215537304056 2.920634194747514 -9.281656480385509 3.2859905858846914 -9.630438178775167 3.7275665500031705 -9.886928863611837 4.09784166077106 -10.239286309747905 4.518877441795071 -10.514684713053526 4.893827180375478 -10.853316685233937 5.311814039202061 -11.157564385706365 5.726986509621328 -11.505754183665402 6.179175849380211 -11.864640846546548 
7	0.7	200.003	8	1	10	10	10	5.104506313189085	7.404335186937104	1.2189162823820345 -4.0278030059945875 1.654671785444758 -4.055173482722821 2.234207952059157 -4.307035732824303 3.1069927771726626 -4.459188258415418 3.642734881580655 -4.805601765489418 4.257338178880986 -5.037515491739122 4.588921751166483 -5.349320555461513 
7	0.7	200.003	8	1	10	10	10	5.061271014707964	7.0839442193657804	2.2599738882882945 -5.271764669959042 2.605511007452661 -5.600720139837639 3.222907924814524 -5.8691671925598765 3.6770467266036397 -6.41547516053785 4.2682091941832905 -6.744141708335967 4.659765374358883 -7.286994774238663 5.040968036670759 -7.53508113590736 
4	0.7	200.003	8	1	10	10	10	3.356053137747966	7.275555796164538	-2.5458678909606296 9.611792078062988 -2.79638326117871 9.037244800941773 -2.9104600877076123 8.281210429340256 -3.1461331383095543 7.7680689742338815 
4	0.7	200.003	8	1	10	10	10	3.330118528789719	8.169433827518784	-2.455244685623165 6.660464363196806 -2.1591625051202814 6.123756168591016 -1.6236198492351688 5.578289666429411 -1.3941686030909348 5.0754274293463455 
5	0.7	200.003	8	1	10	10	10	3.9965963871335637	6.595660800409961	8.441461719067137 -1.245857081243867 8.886785745590547 -1.5592407271550992 9.562258495491813 -1.8272513233106966 10.185976692535238 -2.2701105493009495 10.694597230221442 -2.5054001665399683 
5	0.7	200.003	8	1	10	10	10	4.118741998116363	8.312604226464826	11.438265586067523 -3.6196141007996165 11.82441207959813 -4.107678383329778 12.20056088635636 -4.700877829359746 12.646388025319727 -5.258164295102869 13.021491020052936 -5.825726920611059 
5	0.7	200.003	8	1	10	10	10	4.033854985443489	9.049436675085712	0.14715880545294965 12.248684321057516 0.580122146992433 11.803649454725607 1.158991727889347 11.362463686641199 1.6371176166637313 10.823069207187102 2.071679700643633 10.463035294868165 
8	0.7	200.003	8	1	10	10	10	5.573116158706052	8.602125015004436	3.2984949334141835 11.055158439519476 3.29950551058603 10.570051105877045 3.415749485948763 9.95052622345674 3.39344859773241 9.299794361553808 3.5634958853588246 8.654927584630675 3.5854575757682454 7.998061584113968 3.7838580900786383 7.39027862977878 3.8046355528049394 6.947697312563603 
12	0.7	200.003	7	1	10	10	10	7.554774037491805	9.419084722829517	-13.94302738218607 13.49362190485868 -13.639851035815948 12.920809773775886 -13.367617311221162 12.381686907790236 -13.085841882184912 11.879749477746788 -12.84220212180181 11.37007088176987 -12.546703785184079 10.890004154455696 -12.30393692290627 10.380670745801371 -11.984005127637746 9.920309673048775 -11.715729193160456 9.407875253527548 -11.359068044428406 8.967307667461126 -11.089734791217321 8.497754056597799 -10.8406638750972 8.201495441002303 
13	0.7	200.003	7	1	10	10	10	7.754256076182516	12.09141293360489	-10.125948900212345 7.258412842575057 -9.976903283596974 6.902421389881013 -9.674218051225072 6.454780223876355 -9.467844664959966 5.930006528307705 -9.153848796003032 5.456700490871251 -8.963781191550034 4.9374141651017895 -8.658415303300188 4.454375914758912 -8.463801047819347 3.916866523600023 -8.149326655728553 3.441763619953621 -7.948958733748597 2.921210173601259 -7.612366958809262 2.4786734677263316 -7.388843727191171 1.9971842292606024 -7.145245597082145 1.6982860655332235 
6	0.7	200.003	8	1	10	10	10	4.64767068326991	7.514908827707272	8.001492930651533 -2.532725447422828 8.094810276024319 -3.0602649356658143 8.124217238661146 -3.752307295963796 8.261027932795113 -4.430782466265274 8.278610316620817 -5.10325323521069 8.372070801365576 -5.750987834478601 
6	0.7	200.003	8	1	10	10	10	4.700185413326383	8.145394237336891	8.767828007248209 -7.019193010094678 8.94245291464152 -7.565998079453915 9.249339010692045 -8.160417023824154 9.47353639121957 -8.813262959658305 9.83120486982297 -9.44103025111696 10.09721263028614 -10.02799829749704 
6	0.7	200.003	8	1	10	10	10	4.550810359029599	7.206081293121773	-1.1746070301522002 3.903152466787221 -0.9597166555899511 3.4500637730403976 -0.8678412571461184 2.757216889910615 -0.45103311151222614 2.131674812842507 -0.2787525946502799 1.431108478050899 -0.000686499297021817 1.0431616390715854 
9	0.7	200.003	8	1	10	10	10	5.989183281373444	10.684404924406968	0.22493817599621807 0.042599233957334656 0.3029298837321004 -0.36064111611220595 0.6847987948170714 -0.8320828555224846 0.896093382828053 -1.4224567303010556 1.3887236186246013 -1.8249035968945788 1.7012114590071017 -2.3867768375495944 2.227206100536848 -2.7217270530265525 2.586776155202481 -3.204876218821655 2.9692129204129727 -3.4221161827561457 
6	0.7	200.003	8	1	10	10	10	4.572907511475851	10.149323122301343	9.366131492209611 -3.158338630538536 9.663778040488458 -3.5628660499233975 10.156007330585757 -4.012653164236006 10.559186427931499 -4.660253150223697 11.012479969723156 -5.182402807504849 11.300358091897175 -5.650560381422175 
9	0.7	200.003	8	1	10	10	10	6.470400784164299	9.17454567188408	11.084958915637497 -6.799200656025041 11.632824010426958 -6.954562244602748 12.141027852338375 -7.101043677122158 12.744142216176343 -7.2486595158175255 13.376054146685295 -7.423856216276958 14.016231937785943 -7.599156721929414 14.651607687496602 -7.787697923013074 15.294447944755452 -7.979755950828374 15.962177178912967 -8.182919605154638 
6	0.7	200.003	8	1	10	10	10	4.520602009344893	7.80162487919929	3.353249288100268 -0.10430679211592017 3.62591737900379 -0.5009906904065357 4.208256445663797 -0.9148599919103709 4.637155888615659 -1.5109561945388716 5.239642031134364 -1.8814230365261229 5.5563270939985046 -2.2463556539310705 
7	0.7	200.003	8	1	10	10	10	5.077453181068867	9.471938872561648	5.486847107142907 -3.362521818712665 5.472585305008984 -3.8416940026588224 5.647095062813507 -4.462337310555111 5.651813759213845 -5.16714780029124 5.862183013367535 -5.842816232139471 5.908396354412913 -6.4883342367599495 6.078523391348531 -6.951797268314796 
6	0.7	200.003	8	1	10	10	10	4.579017335432274	8.180053751392883	4.476255370564624 6.094246007119679 4.9379699138301 5.943932032403652 5.636375100827221 5.8893449116826435 6.311539620545721 5.618549958835559 7.004012864005123 5.500072556156346 7.526382280294087 5.290249240983323 
6	0.7	200.003	8	1	10	10	10	4.64960894180248	7.153922280523212	8.845162953471885 5.246496389180089 9.31143999123452 4.9019336352939105 9.888358465273315 4.566713699030649 10.460161802442812 4.1338099670884425 11.038860251404278 3.7909829712753536 11.533171581764618 3.4288274118232893 
6	0.7	200.003	8	1	10	10	10	4.695221608504602	8.614203707031425	10.56518551181955 5.641989770948965 11.082206447031712 5.366758096092813 11.632642630607068 5.007185530130364 12.234516684010876 4.6792708592911705 12.805925554896527 4.302489258462443 13.392688456075382 3.954533920986665 
6	0.7	200.003	8	1	10	10	10	4.72911201537292	8.249773747404634	12.705893364247599 2.7366749986559595 13.233948580485684 2.40201554748503 13.798387933310638 2.0690402778876744 14.362805100028329 1.6944740418536672 14.946765616000325 1.337324168376367 15.520773252185998 0.9604184041484276 
7	0.7	200.003	8	1	10	10	10	5.1316558514235275	9.472179782137088	9.470130446500178 -5.114496205323172 9.693251164307036 -5.572312839809289 9.81855030516249 -6.189035654209404 10.118916321176481 -6.78986849302755 10.31736582729455 -7.5140446704946715 10.641350985744662 -8.065929349990903 10.825041976119353 -8.56359172788873 
10	0.7	200.003	8	1	10	10	10	7.261845608341128	8.995605453203154	12.17278311464145 -8.517935675521926 11.999649359221461 -9.194946834564076 11.848479075744129 -9.807263160919145 11.718001077922253 -10.41052448413197 11.611349129816837 -11.018929250683849 11.529649515952423 -11.641115533137224 11.471502246118687 -12.280576334874802 11.43312772509646 -12.9365252689415 11.406976291391324 -13.603412346695091 11.380233073489416 -14.30626086778119 
6	0.7	200.003	8	1	10	10	10	4.5089257644781995	10.572271472062297	5.856319185149396 -8.241766644989275 6.298370434560159 -8.406035231087316 6.830691150388882 -8.873524287647328 7.522609569750265 -9.11710914255296 8.078104004660158 -9.545496342333108 8.543769271375107 -9.709943050373647 
6	0.7	200.003	8	1	10	10	10	4.600378373093427	8.941679923069518	8.99137084635191 -10.847426458899598 9.231282154932334 -11.269041726332835 9.43433527031422 -11.915391000691459 9.753289353703403 -12.545219125021216 9.923771984611358 -13.240729469827599 10.1105284627271 -13.827427273982414 
6	0.7	200.003	8	1	10	10	10	4.534799223698195	7.016839999342044	0.9557051279297707 7.92479634288673 0.9603008977936731 7.411144512131284 1.1632593633121935 6.7383771282064 1.1318814639182537 6.014745179349511 1.3071976886316448 5.333953061029584 1.2721109632180396 4.844111291116198 
6	0.7	200.003	8	1	10	10	10	4.54526006840238	8.119083925616874	1.59980179786254 3.648690768644313 1.728699692930805 3.164413138213912 2.089695750608935 2.573813125628736 2.2132545329324227 1.8625353362619597 2.569369729436767 1.187480719858368 2.6588735373862855 0.729367852002708 
6	0.7	200.003	8	1	10	10	10	4.580173568839811	7.640541384636415	5.064730453233006 7.465786589052921 5.597730754270723 7.347704002305382 6.23239143025432 7.08986829469888 6.935947640181654 6.946999250274354 7.561807859938999 6.662972234897411 8.086254744614404 6.5184137453798225 
7	0.7	200.003	8	1	10	10	10	5.1848537092432245	7.535131017705121	9.206817300402832 7.0173267881620776 9.693032671195159 7.019637541203501 10.316431673752833 6.925577357510906 11.007035608483017 6.920119818113884 11.660514095174454 6.799131973552367 12.315027132581665 6.7462129460539435 12.963287717036092 6.643679806298901 
5	0.7	200.003	8	1	10	10	10	4.047327551333347	8.419659765569754	-17.82302254074385 4.246349906071726 -17.42876119668508 3.7581441528177293 -17.059556892588475 3.1661942355953414 -16.621448147621983 2.6261032897839347 -16.288850064062448 2.0949287803066325 
6	0.7	200.003	8	1	10	10	10	4.642374416903851	7.763314175049172	-16.916850272200737 0.9409061774053736 -16.38746711085914 0.5548935964029087 -15.816353351981617 0.18940334466259215 -15.28773257904945 -0.2525574047863457 -14.740395457428564 -0.6141742208983864 -14.30309416438836 -0.9705239194032487 
7	0.7	200.003	8	1	10	10	10	5.390965610454055	8.855036984131068	-8.991938605036408 -8.427960641331806 -8.49655352116997 -8.863213112943486 -8.004968168514953 -9.297101610682114 -7.510880966105285 -9.730825438442732 -6.991343930996524 -10.17420593347786 -6.470305338950795 -10.58962481134342 -5.943634357233073 -11.002184198042377 
7	0.7	200.003	8	1	10	10	10	5.286085485362802	10.019853628807514	-4.5925434035900885 -10.715479247452233 -4.002296237943847 -10.91210404380788 -3.4037787455356243 -11.095623101035748 -2.8175737340556615 -11.34740045970754 -2.2151947646467978 -11.594577026721169 -1.622780676708905 -11.90040839121173 -1.0131495690198373 -12.20641678239441 
6	0.7	200.003	8	1	10	10	10	4.621657526552079	8.120841268160783	0.0828274858673132 14.26881995219588 0.5242697252052442 13.859470028102798 0.9721096356026779 13.3574771581918 1.5125065046357313 12.911436878865016 1.966302636015527 12.41281064179505 2.3994166719262 12.039192823077219 
6	0.7	200.003	8	1	10	10	10	4.74088020423726	8.430851068337354	3.919809802321352 12.242645383708233 4.428367329120354 11.72354406498977 4.905824890113572 11.25678674605991 5.375577365763193 10.789069760816046 5.860179072233664 10.352925477995965 6.3267947476783215 9.927241727116014 
7	0.7	200.003	8	1	10	10	10	5.0670818724852555	7.244478044669985	-4.114271511410426 6.993529604018484 -3.917755326030968 6.556314757029866 -3.491856825402391 6.035913864350046 -3.2119587077589276 5.387252611434321 -2.7632182835717662 4.865406256319674 -2.5213595496519754 4.239805229844456 -2.2427131437003824 3.886686019363319 
8	0.7	200.003	8	1	10	10	10	5.53823441867106	10.1158695904427	-3.2333952338674496 3.00073128961779 -2.827603318326474 2.8462604782695884 -2.3733593711433074 2.3992771712994303 -1.8307404562628005 2.0640756736556467 -1.56430328220969 1.4772381103840972 -1.1654126179173285 0.8860435164880568 -1.0590760739572114 0.242569979076362 -0.8569994645021348 -0.12456780365082148 
7	0.7	200.003	8	1	10	10	10	5.142572498843119	8.586339782003506	-10.438539386423757 -5.341478202335069 -9.868617379580195 -5.410108389307181 -9.244436613354488 -5.579721425627022 -8.574769106198826 -5.656968949415896 -7.94317234511425 -5.905187437027706 -7.323700747755019 -6.056923328544051 -6.84343484240527 -6.283908547813329 
7	0.7	200.003	8	1	10	10	10	5.127554140812187	7.21634255016753	-5.563065658341653 -6.528283641209409 -5.1098544648950766 -6.755945960892424 -4.497819228000604 -6.955906442735715 -3.902727881800853 -7.383969901085289 -3.300703422375542 -7.725804991156358 -2.838018946398755 -8.180984182455742 -2.425208003225551 -8.466789505381856 
8	0.7	200.003	8	1	10	10	10	5.612762060958323	8.539660794315406	-6.247184144716961 -9.170488122712783 -5.738638640263467 -9.299902476822982 -5.121076945683411 -9.354657091596689 -4.442305167560129 -9.502236412438716 -3.7951539576933295 -9.527398793015537 -3.1852197535987887 -9.736819416341332 -2.572093817229887 -9.842541219678939 -2.1509626386912615 -10.024336004076522 
9	0.7	200.003	8	1	10	10	10	6.049213880690354	9.587423865502824	-1.3440612580517917 -9.133283775337746 -0.9604799522381335 -9.35312840337857 -0.36838715076256545 -9.537639329393818 0.1984862320059867 -9.838223713202643 0.8040631271561289 -9.998423410168186 1.3609550221168911 -10.295949137405078 1.9621803453784519 -10.474217679191495 2.4847473777701805 -10.762838362918142 2.9214814530951156 -10.917823534738956 
8	0.7	200.003	8	1	10	10	10	5.759052717991677	7.349396002700585	-1.0045397145485726 -10.68278495211659 -0.5520306540268399 -10.953443107680755 -0.019124589030886836 -11.225806046042047 0.4863252261239987 -11.590645517869202 1.0230489491382984 -11.928824442959495 1.5145778868606958 -12.339753535800146 2.027412826256309 -12.745171584405059 2.5381863156347824 -13.195812591041458 
9	0.7	200.003	8	1	10	10	10	6.17628782709493	9.765767888012263	3.306927072817631 -12.107780262260446 3.7407917106148694 -12.305477321383405 4.283582778935075 -12.48647527087035 4.827409072390874 -12.756462201962329 5.407819195855843 -12.960487481527611 5.980860732577516 -13.234626999498081 6.560868920768804 -13.461475302743976 7.128923879390653 -13.736656982500836 7.685856728604017 -13.999211989321973 
5	0.7	200.003	8	1	10	10	10	4.143959077222232	6.972240124483472	-7.535703493346178 14.429559888070562 -6.919202699697461 14.108738319586655 -6.309742367710059 13.79059204845237 -5.698252857773222 13.465213211605555 -5.10826346134416 13.150230755785577 
6	0.7	200.003	8	1	10	10	10	4.598442251237618	7.354047841555147	-6.665061404921009 12.47508618199943 -6.43899861594996 11.9196785646849 -6.105237313738386 11.337173311678427 -5.8635624786914144 10.707890012685272 -5.453575024641391 10.037790032913982 -5.272219456708743 9.606601701859043 
6	0.7	200.003	8	1	10	10	10	4.670990470321813	9.571479394353437	-13.88344238295954 10.259490398880576 -13.522452457329178 9.69572926557521 -13.110898825805322 9.150395264134811 -12.756331373507258 8.551747175072988 -12.338640639959987 8.028449986323242 -12.045392235046183 7.559573592726225 
7	0.7	200.003	8	1	10	10	10	5.13081727917233	9.455799232930687	-11.270445641815254 6.514796862578028 -10.978530280679387 6.075152833989744 -10.708801868111424 5.472535130908671 -10.324735401143572 4.892417759085759 -10.072582694271143 4.224526074432046 -9.727505815915173 3.6798400706803984 -9.53920465280249 3.2291729339861885 
6	0.7	200.003	8	1	10	10	10	4.533528365936995	8.666456621900153	-14.06616771544817 3.3572454650294077 -13.71383452165995 2.9634964685710115 -13.409368244408325 2.3427093785520428 -12.93343951855895 1.7886749137824542 -12.664495601013293 1.14601518669848 -12.361707580614695 0.7650001302869426 
7	0.7	200.003	8	1	10	10	10	5.069362003034551	8.359923231504947	-11.25173379890315 1.3089238972460613 -10.799439587559798 1.087774284477917 -10.301714611986274 0.6288788281111166 -9.693108424965633 0.30416167107212144 -9.266314705916955 -0.23052359775175535 -8.722467887153522 -0.6003827470258345 -8.470431320473175 -0.9819130881975168 
6	0.7	200.003	8	1	10	10	10	4.532341143709258	7.734233203189632	-6.489235518523452 5.885793118395931 -6.3262462514059115 5.428692219972111 -5.84366511367232 4.888505115034546 -5.606160958559796 4.186489466149556 -5.113613349438616 3.6611884954228455 -4.962257743147096 3.2252196787631635 
6	0.7	200.003	8	1	10	10	10	4.527277156911213	8.390208216251619	-4.731163533945647 2.324820767882714 -4.345873508518683 2.0491503937038855 -3.659002854258757 1.8720691899068576 -3.15594259106475 1.3401248098888658 -2.523217516687152 1.0171039836594518 -2.226676475014901 0.6124991783715935 
8	0.7	200.003	8	1	10	10	10	5.602119181827023	8.483980825861758	-15.889023122787629 4.029913302284827 -15.595693638063732 3.5719024050976613 -15.33851815152655 3.0137561333532457 -14.953916202837698 2.4469283595457285 -14.701092407880767 1.8416708267768518 -14.317013230235588 1.3147010736427431 -14.090365268432544 0.729822713731686 -13.843943389689436 0.3855066207578862 
8	0.7	200.003	8	1	10	10	10	5.548782062792547	9.618358584855038	-13.028348358161534 -0.36480445224632235 -12.692191446325198 -0.6140746297386576 -12.30406786747447 -1.1569655773695229 -11.774692740995798 -1.5471705397110322 -11.365508919038971 -2.059801588479609 -10.790581885766997 -2.3651632033404733 -10.31831257624369 -2.777923700232523 -9.881061642801876 -2.953421210929943 
6	0.7	200.003	8	1	10	10	10	4.586991707174132	6.422679756543209	-19.662202335516696 6.265767555099837 -19.051810253374388 6.112611412606168 -18.41942184524377 5.843490677693012 -17.726685446373505 5.686080744495603 -17.12023226451338 5.34692431692039 -16.6738040552289 5.216232255791077 
7	0.7	200.003	8	1	10	10	10	5.035585712020961	7.708279748476983	-15.634849086078827 5.3650777971011125 -15.1796558469603 5.249820873716438 -14.609686676563689 4.878801166685465 -13.939622881156653 4.733477874111718 -13.401900521171275 4.299220774366753 -12.78390898330263 4.038386778434489 -12.491607816337917 3.7117348439490474 
8	0.7	200.003	8	1	10	10	10	5.531839892496505	8.148916998633908	-13.353335872836524 -6.260084804704168 -12.853545822648314 -6.2188354699568045 -12.23848083629738 -6.342577061767889 -11.590509468108372 -6.321941573598089 -10.997372002102473 -6.586625254576864 -10.343789608772692 -6.663357896886503 -9.819228197851764 -7.005088240754379 -9.407055832536726 -7.090952189253103 
8	0.7	200.003	8	1	10	10	10	5.5551354888144715	8.539192017133901	-8.493427189279819 -7.124517189006858 -8.076254107299349 -7.19548111442135 -7.539582908336579 -7.525303614725747 -6.886804330982416 -7.5752841170093665 -6.297600511563834 -7.853112444906457 -5.639301560739436 -7.893511984644558 -5.053759233170857 -8.159206017335343 -4.566657268746055 -8.237781568041063 
8	0.7	200.003	8	1	10	10	10	5.507814162614213	8.141930969631812	-4.8145261349669255 -0.03828903885855099 -4.697540728421474 -0.4548205323907916 -4.804840210174495 -1.0955857345966353 -4.486714234393402 -1.647730816971871 -4.285664097906665 -2.2760601758124133 -3.7433142755277777 -2.6558270944334366 -3.469870931322747 -3.2207358058909765 -3.118852276425843 -3.4840973671784203 
8	0.7	200.003	8	1	10	10	10	5.473502503625243	9.100681364038136	-2.3071345210801257 -3.3802624343031242 -2.0032748460603176 -3.709155391450709 -1.8745149782694535 -4.309885723360152 -1.420556610655448 -4.777422703780913 -1.314825545372732 -5.418792961872831 -0.902306513373041 -5.9051446829080225 -0.849151443902174 -6.521028407565173 -0.5872648531335594 -6.891574216173724 
9	0.7	200.003	8	1	10	10	10	5.914178876206638	10.108301003356683	-3.7279309645628445 -1.0690179912904838 -3.3378851514645764 -1.265102146032524 -3.004118004311597 -1.7725842964463043 -2.411247695413718 -1.917386859965848 -2.012169165844213 -2.3802519974452463 -1.4084566055489622 -2.528864760029167 -1.1168081405194585 -3.0763584125205967 -0.5827156323939899 -3.3210262340640684 -0.3857398424242244 -3.6911045529449007 
9	0.7	200.003	8	1	10	10	10	5.831694577907886	10.047764654217055	-0.38387970380605796 -4.32204430997526 -0.14047038626979672 -4.662686539078406 0.4190403873100892 -4.822062481821578 0.6765220484469943 -5.362657692297388 1.2151469026700785 -5.612097457516947 1.381879371464581 -6.21226492705271 1.9343879246171694 -6.416656263061094 2.2981031068588393 -6.848439072477851 2.755531682020228 -6.915636912144536 
6	0.7	200.003	8	1	10	10	10	4.472581231233214	7.918515924541821	2.9613659538494304 2.5688185152038425 3.384362672895433 2.0102270513535427 3.7421151821233223 1.6898854095162457 3.9020627829656926 1.1109386549666262 4.44088448442754 0.7780321075744832 4.676019436739993 0.1638164879561928 
6	0.7	200.003	8	1	10	10	10	4.449594960384693	7.756504470644238	5.259889908713694 -0.1356718623352529 5.604491225808798 -0.6674344464261865 6.187114221594422 -0.9059720962904149 6.571476344786468 -1.3537410823007983 7.021176005377571 -1.566803892765245 7.612087264380469 -1.9395323366373924 
