N disks	Disks radius	time	Gen	ks	kt_bot	kt_par	kc	current length	div_length	X
7	0.7	150.002	6	10	10	10	10	5.592312207350295	8.318184217096567	-3.312398852399366 5.6439454243228475 -2.7543155639397865 5.222661707906431 -2.1994888798930408 4.797549075095012 -1.651672029383305 4.363789672751002 -1.1143709545759817 3.9171585281706873 -0.5892749696102194 3.4545270666448586 -0.07640650235006934 2.9827732871166854 
7	0.7	150.002	6	10	10	10	10	5.580403333512933	6.977185623675243	1.029526308859489 3.7240949343419985 1.3887955511114687 3.1288693217958503 1.764406530956152 2.544660211646566 2.174959977659724 1.9817051337564071 2.6137340828425053 1.4400480674264968 3.067170822343388 0.9071721903189667 3.520606852980257 0.37770131802686296 
7	0.7	150.002	6	10	10	10	10	5.590114721386156	8.30013773488734	2.387208381279479 -2.3753001436803918 3.0831701591181284 -2.359366295173787 3.778639154781382 -2.3462757281606406 4.475525526384042 -2.342264332772666 5.173616745179609 -2.3367893142169107 5.873816488716584 -2.3253496778677576 6.576812913748198 -2.3148659710861423 
8	0.7	150.002	6	10	10	10	10	6.246110264093684	8.696311460568628	5.94809254062529 -3.6122036230394428 6.595847812802197 -3.8359252107610264 7.244652123603371 -4.063819787299508 7.894358866255256 -4.295890241891912 8.545933756981318 -4.528871872641175 9.203795988157804 -4.757144213818228 9.863613047068107 -4.9805061875439405 10.525560394061287 -5.20293623875975 
7	0.7	150.002	6	10	10	10	10	5.452378101862175	8.269273333453375	0.042694259503593686 -2.262686556883255 0.551632696763273 -2.6721687522267383 1.0684931330446168 -3.0871328598602608 1.5922383787364527 -3.5084733612849943 2.1207936181561275 -3.9368012836126836 2.651810067930631 -4.374045117037106 3.1862358477424704 -4.819854743407705 
7	0.7	150.002	6	10	10	10	10	5.569180084616237	8.184923915191357	3.8418505795677667 -3.6626804562153294 4.3877079215754 -4.0845363120500835 4.938611666359596 -4.502645748869998 5.5014163289940505 -4.912110167040812 6.070699753346877 -5.312169117087927 6.64422465979818 -5.708718915923413 7.219804217199544 -6.1047237952250875 
7	0.7	150.002	6	10	10	10	10	5.592295914004163	7.472179602293242	-12.602019667750113 3.7943715154687294 -11.90138461102583 3.854717908829834 -11.205865607882231 3.9187739939019117 -10.5124716128199 3.9960470002724273 -9.821241512522523 4.087601580813383 -9.131376186770522 4.187498493553832 -8.43954737331562 4.284458141568504 
8	0.7	150.002	6	10	10	10	10	6.234072613176208	8.474446753632552	-8.818350760837292 2.900669106526961 -8.129960531983988 2.902022392016364 -7.43999618335609 2.9062293229415324 -6.749068157285743 2.90931598040095 -6.057321664948828 2.9028227001713223 -5.365428013241641 2.8862630058513807 -4.674765322848815 2.859207595426287 -3.985954771904521 2.8240385592942383 
7	0.7	150.002	6	10	10	10	10	5.356238874458256	8.03343386209376	2.894340915996991 3.1641568972357015 3.352147067176461 2.66481253166276 3.798667613482179 2.1688003559769693 4.235461769542529 1.6734972289323995 4.664024209895134 1.1787755898154686 5.086138059373922 0.684718322058192 5.5044435978830615 0.1915813073592688 
8	0.7	150.002	6	10	10	10	10	6.276483199025197	8.856371665798656	6.629974599581717 0.7123013267824302 6.956552224200169 0.09640334657527531 7.29486774957326 -0.5136338926319678 7.642402144026943 -1.1162410066868602 8.011232701423685 -1.7071075078685787 8.406181723603781 -2.2823534667739915 8.827048937873869 -2.83944900614574 9.261465971427643 -3.3802022773521503 
8	0.7	150.002	6	10	10	10	10	6.0544867286077935	8.021276195426655	-16.4176371948431 2.293969068000971 -15.746289022259848 2.133212364826284 -15.087189816931607 1.9648299843556671 -14.445605037594754 1.7733002486580172 -13.8282698534014 1.5425874978878644 -13.24068230215961 1.2618738034658359 -12.682306312405919 0.9304201944614521 -12.141478625607848 0.5613624842548538 
8	0.7	150.002	6	10	10	10	10	6.017702286544544	8.626244138268632	-11.22677270832424 1.0968487894001233 -10.715254399811199 0.7173050990334228 -10.197419842210257 0.341457907816475 -9.667597173137889 -0.030042405354043327 -9.121957600125056 -0.39506656397011397 -8.557410792228247 -0.7497067804406625 -7.9667583377794 -1.0892655313849064 -7.361434020332726 -1.4190588942079974 
8	0.7	150.002	6	10	10	10	10	5.958193830439798	8.26924741891496	-12.14133993665469 2.5353218249191496 -11.476219709920436 2.3879795948944733 -10.820599922655068 2.212421926772975 -10.190809004802633 1.9997292041202903 -9.578758779454624 1.7828840011074072 -8.96865179500448 1.5929156600904273 -8.361837719467497 1.4445243241915928 -7.7538586083893275 1.320634061496925 
8	0.7	150.002	6	10	10	10	10	5.987039287285903	8.144646023697646	-7.701954453424704 0.23189682547854323 -7.116362049601948 -0.05461585752786662 -6.547269255886097 -0.36543614451655826 -5.9961430855765405 -0.7075352981589521 -5.4508571792011065 -1.06922647554743 -4.902553478954362 -1.4321831327701489 -4.3432725006648685 -1.7839908480283568 -3.770121555965622 -2.121975001401076 
8	0.7	150.002	6	10	10	10	10	6.179378654633108	7.941600419134224	-6.793967403530267 -4.057471192757518 -6.11586635567321 -4.206304287920154 -5.442490656233273 -4.355906912223872 -4.77501931631802 -4.513276632873033 -4.1188376063300085 -4.692936312596656 -3.480428321670955 -4.913364349807176 -2.8602632570606183 -5.1792989414287955 -2.250760280795788 -5.478695742380966 
8	0.7	150.002	6	10	10	10	10	6.107059436589349	7.4758616437950955	-1.6056242928148328 -4.4285232928894915 -1.0897872122442325 -4.840913963545526 -0.578332326147518 -5.251937351335745 -0.06154727234423382 -5.665933143774608 0.46206972011926983 -6.0840028219490705 0.9930057443123964 -6.506054403539339 1.5312344844836114 -6.931842879021374 2.0761051069291634 -7.361278828322657 
8	0.7	150.002	6	10	10	10	10	6.110594787783757	10.071893070036921	8.07806824658767 3.4989714464414905 8.430648709082972 2.9058587229032646 8.782275127278481 2.3208710901638043 9.12771960302189 1.7410569167684147 9.460247385074515 1.1613416792571394 9.773629898831075 0.5762469114999856 10.064871812974149 -0.019171999737870305 10.339115418121537 -0.6285707960770976 
8	0.7	150.002	6	10	10	10	10	6.1309515182483505	7.622219205478017	11.427190617453372 -0.3348734673476274 11.675715954989366 -0.9676963160200961 11.956673684584802 -1.5723947107055576 12.291339291274019 -2.145773772153083 12.681839359358662 -2.6876872816203035 13.117925495927526 -3.203921424247839 13.583801850146134 -3.7051806652858965 14.064446022072168 -4.203498509163801 
8	0.7	150.002	6	10	10	10	10	5.936796598194212	8.623740882984725	-4.959805599573295 0.20542972068222462 -4.394242161795451 -0.170092769776257 -3.8381090243886677 -0.5453420824620577 -3.2826688084572204 -0.9162584994671154 -2.7364280024107144 -1.2743425815596696 -2.1986845325554207 -1.6115759174212914 -1.6607592921087306 -1.9224093850963915 -1.1235881587497223 -2.2113701530467367 
8	0.7	150.002	6	10	10	10	10	6.015268974744194	9.466933674150543	-1.0178114951211696 -3.27291823935038 -0.49817509647536073 -3.629379415923561 0.016789027685579497 -4.003731309634273 0.5294445361497351 -4.397965573349529 1.0448079405871724 -4.807578260677082 1.5666794313176922 -5.227851321815421 2.0972907899286803 -5.655183194878816 2.63743959968218 -6.087874186007689 
5	0.7	150.002	6	10	10	10	10	4.196319483487795	7.8803739629228335	-8.211546055396035 5.792715676031503 -7.6247818991719445 5.411612646178449 -7.038467411490856 5.0306419968697 -6.451723257114847 4.65095409054217 -5.864421588437026 4.272719415834281 
6	0.7	150.002	6	10	10	10	10	4.881340174829816	10.897487728540437	-4.478391263535962 4.809277981899512 -3.916734244187395 4.393612633691706 -3.3584532196098293 3.976475499046886 -2.8064444192715747 3.549081950937811 -2.260305514325317 3.1195697888687937 -1.7156393341970666 2.691476025030887 
6	0.7	150.002	6	10	10	10	10	4.661025956468763	7.389949111097847	-6.673572425283556 1.55479503075874 -6.038886774942002 1.528583788015087 -5.395948142570142 1.5104105155717873 -4.742181202548475 1.5027967463524579 -4.082776392136037 1.5058205228716735 -3.4136862841295277 1.5255477585217052 
7	0.7	150.002	6	10	10	10	10	5.5096834913378085	11.498597198064573	-2.0738118912090875 1.4218821730117295 -1.4172098283178003 1.2264908567182404 -0.7591888251717599 1.0328171765079452 -0.10043031960155155 0.8416732721031706 0.5583883678731156 0.6529497913604037 1.216695037531705 0.4660627848831155 1.8740694221259602 0.2802560939413818 
6	0.7	150.002	6	10	10	10	10	4.887914841196853	8.02795482563284	-2.6445023169071753 6.853821799525927 -2.0802012020303096 6.4405254694105825 -1.515594300019048 6.029076186669814 -0.9500140510969501 5.620750660038318 -0.3835380615683312 5.215361383342548 0.18316206146065667 4.81187297129048 
7	0.7	150.002	6	10	10	10	10	5.587421744114698	9.658684398294296	1.7639286665263991 5.26182435991047 2.3759423002778792 4.922404441438167 2.9831792161425166 4.575418494569813 3.5766219817238967 4.207666237957085 4.1439209624842865 3.8021590510183203 4.691672742647122 3.3713444977563674 5.228585679650065 2.928696843825919 
7	0.7	150.002	6	10	10	10	10	5.594147998435519	8.344418000171657	-11.352720903370674 -0.9059386045721883 -10.720903629462851 -1.205566509397515 -10.091114561222224 -1.5078224503486377 -9.464680522312467 -1.8156489409425565 -8.841510467353826 -2.1292237689894478 -8.216920996536956 -2.444390177299464 -7.58916855652973 -2.7566340773136884 
7	0.7	150.002	6	10	10	10	10	5.389220183128218	9.21528112496011	-6.2033229036658 -2.7929902114749505 -5.536772271762128 -2.964673212912073 -4.878408297609563 -3.1303250202291046 -4.226260975800433 -3.275529581123081 -3.5702658323105187 -3.371427833213726 -2.924052600077543 -3.4123289645174135 -2.2807464299259577 -3.4254133678800267 
7	0.7	150.002	6	10	10	10	10	5.569603093631132	8.307511991324665	4.164719627193482 6.184342851951101 4.630432714412652 5.66400505326751 5.092489920887497 5.1426304106616225 5.54720767302462 4.61690384925435 5.9909741343236185 4.08359105805588 6.42182948309099 3.539244307898188 6.838632886210738 2.9874517318488722 
7	0.7	150.002	6	10	10	10	10	5.596389087555076	8.69632074006939	7.511749231386818 1.7793406850409403 7.866663767716456 1.1767078166188563 8.21488364613226 0.5714274423419967 8.560577112270733 -0.0353629800581633 8.913313893279128 -0.6383604749287622 9.284042931877089 -1.231028158414987 9.676244498589014 -1.814092354668343 
7	0.7	150.002	6	10	10	10	10	5.422170893760846	8.387539111021391	-2.8772077849602575 0.33965062887576297 -2.2569883382872455 0.07226329902027766 -1.6373711541794986 -0.1859511659914225 -1.0168823299949712 -0.4382146219620593 -0.39679358357617284 -0.6878034624486813 0.2213863648349998 -0.9386834006327006 0.8395938223163202 -1.197269131718369 
7	0.7	150.002	6	10	10	10	10	5.432284481448203	11.06618375295964	2.066488248094593 -1.0380236358284656 2.7286013649114698 -1.0169159524816678 3.395402177314372 -1.002180377894516 4.066451805411407 -0.9970988763106613 4.740507059332356 -1.0043068354572355 5.416795354240594 -1.0191778283804174 6.098018061759281 -1.0260086621395552 
