N disks	Disks radius	time	Gen	ks	kt_bot	kt_par	kc	current length	div_length	X
10	0.7	200.003	8	10	10	10	10	6.670718199015882	6.92534380642131	-6.490724700403552 -2.4609679013733863 -6.038051414337864 -2.116606873603514 -5.604717347857511 -1.7654312807755803 -5.160879560517416 -1.3922879595497535 -4.680118918369214 -1.0182999005813427 -4.185328702758594 -0.6806392423578427 -3.702766377537107 -0.35524495217605223 -3.2430924815800353 -0.0038763758682436728 -2.814938214206802 0.3933011209970557 -2.3980126713434156 0.8407648202755517 
12	0.7	200.003	8	10	10	10	10	8.181090898228584	8.991162003334455	-1.9183835136597693 -0.6598817096882046 -1.6771628206264793 -0.11687853793370838 -1.4579336803158056 0.4679086950181332 -1.2837425726343377 1.0714708476482728 -1.1361964332768406 1.6517006628638193 -0.976649048395536 2.2292255024037826 -0.8056288211209388 2.8079626466335847 -0.6435472739926984 3.405458725777767 -0.5068728040582274 4.009499551069418 -0.3830247023173333 4.6141633822102 -0.2529022098396785 5.245872182305042 -0.11984652384259593 5.863988548250799 
11	0.7	200.003	8	10	10	10	10	7.990216298188383	8.957085506562978	-0.25804583963373345 16.699285758807893 0.37473443278505875 16.739906449243435 1.00979433834629 16.79346009939564 1.647036269271427 16.87002783720367 2.2866834007314227 16.969385113071432 2.931482146782203 17.082439666558784 3.58227065847901 17.201297937127592 4.239765234311482 17.320665567028705 4.90445905754493 17.437722868128045 5.57656460342781 17.551748697916562 6.255990022841689 17.663865890321272 
11	0.7	200.003	8	10	10	10	10	7.434563176755971	8.700109393318968	6.813863602605785 0.7014262791754389 7.417040836265405 0.6429390968742513 8.014790859287157 0.5962219516419829 8.651335067506594 0.5743588445454213 9.245212995715496 0.580833623791489 9.843410517943154 0.5783787527949268 10.466204481701702 0.558091383376048 11.06754939202405 0.5217621533408774 11.649950992409588 0.4498025039243637 12.228988411343483 0.3363623638694953 12.809802204570442 0.19610862213246863 
11	0.7	200.003	8	10	10	10	10	7.304890915903146	7.743711462725662	8.334057390910795 1.585074437556259 8.797844096814211 1.9255870105332682 9.233112705294877 2.290902353589439 9.654396552704274 2.69175637147614 10.054813202052085 3.11310607043563 10.424010301876308 3.5632275982457755 10.745454705439526 4.053207409467489 11.000052954332388 4.58374665808642 11.172502224938533 5.14996643984147 11.260031889922548 5.7489331835357085 11.294736983662093 6.392616648434822 
8	0.7	200.003	8	10	10	10	10	6.255098788500785	6.713761019410629	-6.038152782462009 15.990738899990301 -5.406001669691879 16.289503583831515 -4.78866898855692 16.607966631600913 -4.191910561747385 16.95920455644187 -3.613729848053253 17.34482037816294 -3.058113471541738 17.75406769227921 -2.523199597462 18.191399009087284 -2.002065375791199 18.647953318845502 
10	0.7	200.003	8	10	10	10	10	6.8262309138348485	8.233227477435179	6.274294872070073 -5.803761812008899 6.474713926402539 -5.22092267616149 6.612447349545349 -4.639902543750673 6.670074690355373 -4.04965859150811 6.663049398673681 -3.4537772241431655 6.631221678813482 -2.853174576218643 6.614601619860164 -2.2489903429505347 6.64536464159274 -1.63413060967886 6.726531546180083 -1.0377364548682946 6.835832063781602 -0.44734767433019784 
10	0.7	200.003	8	10	10	10	10	6.6621438060801434	7.41352272305815	-3.3088385971134793 9.773844399062359 -2.9858374657549116 10.242244290483223 -2.660695883614777 10.710928913878684 -2.337735391089323 11.183627946004314 -2.025418695478369 11.681795881989093 -1.7563170122979037 12.200828126246748 -1.5430101885097394 12.741865745740812 -1.3669905173134687 13.301490464914194 -1.1933866168446678 13.881610393181816 -1.0094243729555252 14.456784626530641 
12	0.7	200.003	8	10	10	10	10	8.338436132497732	8.904281691689475	-0.12732960422448186 13.436988793938394 0.4427237611539117 13.66330582451772 1.0247353234709116 13.867872029869108 1.6233550984528642 14.04098229484973 2.2450793339459043 14.187443979004819 2.8624961314226702 14.314018726818615 3.483637909591459 14.437337315811668 4.106165031242191 14.561091886170402 4.742324812347494 14.675727035411763 5.3718613226087415 14.772981124787176 5.997187294741908 14.874643879637329 6.618571895286651 14.985054860092932 
10	0.7	200.003	8	10	10	10	10	6.73236900686199	7.334444427959351	6.895918764412031 1.8040650542076009 7.346184391619872 2.225463387270934 7.785526959968916 2.659181452186344 8.209748606105464 3.084953256142373 8.617132732635195 3.509112801364072 8.99937152811274 3.9472059079291424 9.345052699717687 4.411277026230117 9.644606840755614 4.905376550673865 9.895979762149452 5.429541719363851 10.11735062028954 5.976388503809928 
9	0.7	200.003	7	10	10	10	10	6.9879629978348525	9.798844047795836	-15.65124559367205 -14.910913227546178 -15.97988828053225 -14.296578793877064 -16.314104311519397 -13.685082933049033 -16.654214381603904 -13.076646756348293 -16.995106157556414 -12.468603451258433 -17.326629837325687 -11.853511124070343 -17.645426322709035 -11.230333958366748 -17.95382348200171 -10.600990800983434 -18.257690313614606 -9.969634367607387 
11	0.7	200.003	7	10	10	10	10	8.210121178968702	8.85612838520098	-15.54696995940967 -8.431953022649736 -15.890327932541116 -7.85638797034168 -16.24000804473765 -7.284803921965609 -16.598395936925094 -6.715978679924249 -16.97471385597455 -6.156850935815524 -17.377001360737307 -5.6132905408613185 -17.806950763250445 -5.087104907007379 -18.260188051002388 -4.5753693174987475 -18.7266773835772 -4.069687145146949 -19.195653108261872 -3.5501250883530306 -19.651481246776964 -3.0237174935115716 
7	0.7	200.003	8	10	10	10	10	5.329613021384053	7.0332122290036665	-8.856943966768128 13.091795835678726 -8.298529540858269 13.42576913125113 -7.7399545121501765 13.736876988168396 -7.165859409146722 14.03811675785108 -6.576625817072521 14.323984381409588 -5.978190168429788 14.610243927472753 -5.372921067178532 14.90438104609586 
7	0.7	200.003	8	10	10	10	10	5.296322749977267	6.667503349954146	-5.455332620001266 13.101175279287439 -4.985854680659681 13.537430035517064 -4.5256108881521 13.983130295572792 -4.105968985365101 14.473325766883445 -3.737626359202429 15.004928504573801 -3.4059965509818384 15.569908094009248 -3.0873734513230837 16.156583843996664 
9	0.7	200.003	8	10	10	10	10	5.98317075215556	7.791481256134765	-5.015111865495256 4.604463108687963 -4.7581928549039105 5.128819593959574 -4.511490396725264 5.6419776614369805 -4.245752191407393 6.154625495735538 -3.9660856006254526 6.6726250078410425 -3.7187741083274393 7.195730610141231 -3.5358397886415944 7.722501215233177 -3.4096993740909163 8.264485552661707 -3.3121993857135728 8.827151373256244 
9	0.7	200.003	8	10	10	10	10	5.589020840014614	9.447218331413932	-4.254477099083619 -8.261569170908496 -4.211664524011996 -7.743645903180171 -4.155683240291025 -7.250361319111259 -4.091244519510166 -6.72320482306094 -4.034934724550361 -6.191888490471615 -3.989103473746264 -5.66226838698603 -3.947288894291388 -5.134614296835122 -3.908270029648304 -4.6159291663939594 -3.8699492319736963 -4.090876291839525 
11	0.7	200.003	8	10	10	10	10	7.120006607716176	8.202173965987077	-2.688876593134842 -4.285353537318284 -2.110512608367227 -4.141972004020525 -1.5421017603191494 -3.9737850798000682 -1.001043710482471 -3.7819634544186043 -0.4776056935267926 -3.5711894211009145 0.030573466631544435 -3.33369240792416 0.5267255399053254 -3.0414370536150446 0.9821188185192836 -2.6832696885677323 1.3743653539791314 -2.2856700774763845 1.730891263588762 -1.849319096265639 2.060089641049718 -1.402628395611446 
9	0.7	200.003	8	10	10	10	10	6.154553408227022	9.08871978812142	-11.784383339646416 2.6927659683307925 -11.528529016444978 3.256100690016951 -11.284047858153365 3.8046970775437523 -11.01409722139319 4.34803889687634 -10.697575893724137 4.8639953301200025 -10.359689953251516 5.351028548099255 -10.02980656324703 5.843937420120059 -9.738797901376195 6.33321666188855 -9.459829575608236 6.828060527046286 
9	0.7	200.003	8	10	10	10	10	6.373603496555196	8.029118544378072	-9.584270071628675 7.663177844356363 -9.358684355458065 8.198052687559771 -9.126374799022322 8.752616002320382 -8.8956349205292 9.322234704988679 -8.68860445282627 9.918441790846 -8.506027936240285 10.532852087438876 -8.333710088137297 11.151418991165935 -8.152093410973263 11.760919107663238 -7.953226909494493 12.355623130536742 
10	0.7	200.003	8	10	10	10	10	6.9114417449502366	7.326176757960665	-1.4565851532099945 6.142495234520875 -1.0317998534312205 6.569177776599346 -0.6060312909416921 7.001026697044091 -0.2021100459166732 7.435291355144239 0.17748399076077925 7.896763714222514 0.5359942189236112 8.384768006322812 0.899156975194683 8.89110880803696 1.279886235084265 9.390770546424474 1.686050892220848 9.862200187857251 2.129207488968755 10.314485720765502 
12	0.7	200.003	8	10	10	10	10	8.195547442275373	8.802693824094801	2.5554651474433947 9.01807840450697 2.9811403434092987 9.455441954678818 3.3696732539050966 9.89080502979351 3.7342511459990457 10.345513441572042 4.0929797299829564 10.816466685917192 4.4614347052711825 11.29068504377881 4.847162305182692 11.761234528890581 5.248454980043564 12.231968484899806 5.670938417629795 12.707186579577108 6.126649473774112 13.167889107437048 6.628415841163881 13.589622900497215 7.157818499822995 13.983730058614217 
10	0.7	200.003	8	10	10	10	10	6.374273057134262	7.550203297966948	4.5846065786938945 -1.153280893863817 4.520798378070021 -0.593189172983424 4.477172036087817 -0.04585471141336759 4.441234151169857 0.5163330039254187 4.396440679516777 1.0690770222415376 4.351376989616327 1.6087408906470122 4.3220019967999646 2.147791129426425 4.313968442719673 2.687869495464583 4.321901656963731 3.2384499093685526 4.340433263553937 3.8095783239295447 
10	0.7	200.003	8	10	10	10	10	6.799175827163872	7.850296383436669	5.435389405821189 3.368205443452537 5.730451399364525 3.8978682660610056 6.040036723270384 4.411386080949353 6.36597174582434 4.900084101545659 6.722657273763756 5.369472866523984 7.101296367844952 5.825273981044449 7.4900468836920275 6.2950613534377595 7.857659742030983 6.7830059814190315 8.188993026036096 7.283329449195228 8.496623886306773 7.801903985794864 
10	0.7	200.003	8	10	10	10	10	7.377406303781957	7.798101546105224	14.34178160422977 -7.449361318435435 14.016460763530528 -6.838371098994141 13.690172180534017 -6.236900460959961 13.350074738512264 -5.643848558076684 12.995002406354372 -5.063183463638726 12.665567516002168 -4.488951713888625 12.358800032008025 -3.911329158620808 12.072293538429092 -3.3318515921858043 11.799072672562431 -2.754065726495081 11.526783018346894 -2.1803596698537717 
10	0.7	200.003	8	10	10	10	10	6.712108590192168	7.700377607743846	-0.4940135376259412 -11.918891412044701 0.05944537300051448 -11.637129079948325 0.6026153195149285 -11.35895829643772 1.1278070748442712 -11.049790120084433 1.6035123139360117 -10.694649297437602 2.026520498680092 -10.292048662336477 2.4080518098826955 -9.85632633784001 2.764445461636672 -9.403553447228058 3.1064881921776313 -8.94624959685455 3.4412141681742776 -8.48821518111633 
12	0.7	200.003	8	10	10	10	10	7.947157786720606	9.607675037693275	4.030083903598176 -7.8600070398911015 4.295697909741896 -7.363993648317438 4.553710188459622 -6.86018720277805 4.792393958067961 -6.340683695908254 5.003003928039873 -5.802308207563254 5.184890838615368 -5.238274487025318 5.326250227942889 -4.6431308235709805 5.400877071465497 -4.035985148671324 5.4178329955440905 -3.429542614269653 5.408705603702977 -2.8192488912819837 5.4104343740846605 -2.2084135130113483 5.441786468811365 -1.5844753151962647 
8	0.7	200.003	8	10	10	10	10	5.877837541632907	8.409734440884483	9.520626386037554 -0.5981641904588841 10.132375908722894 -0.6579349602186836 10.754241092253146 -0.7344876140729727 11.36218898318075 -0.8560395710083448 11.961487167052423 -1.058104801172575 12.531254621233861 -1.364689441612603 13.064879868862198 -1.7487421439060344 13.595157834999519 -2.1739676980675076 
10	0.7	200.003	8	10	10	10	10	7.3624134122767	7.964449252523574	14.173504736119485 -1.0196449911519267 14.056665460926048 -0.36507776540261494 13.944886370507206 0.2906506879166645 13.80972917234888 0.9478527453818081 13.680514776428321 1.5892633827919045 13.602526666311334 2.2355197210486737 13.615846502911543 2.888320927172168 13.729172931953329 3.533546294235331 13.921200109452176 4.171338278431125 14.15650690466959 4.81146245349885 
8	0.7	200.003	8	10	10	10	10	6.049905521284897	7.889088697954008	-2.289426941697159 -18.097106390506628 -2.019664286370896 -17.461922210011068 -1.7589089385257735 -16.832134827158097 -1.4840088577876547 -16.215495830547663 -1.171555133491989 -15.632877159055814 -0.8090127138368344 -15.09154194087417 -0.39787313575380023 -14.593777436868423 0.047975096813013464 -14.127965084893617 
10	0.7	200.003	8	10	10	10	10	7.225364642924129	7.975541885381562	-0.4465941564511548 -17.08159183673074 -0.09095966486952645 -16.495456556688215 0.27290482182313813 -15.926697555208293 0.6526051873818313 -15.380751125249251 1.0549530463256431 -14.858667168351039 1.4710688374012728 -14.366493862065957 1.9118046034683873 -13.90997869788454 2.3767062059750685 -13.490194236027074 2.858228169613943 -13.099874769541012 3.344707252560936 -12.723357842458194 
8	0.7	200.003	8	10	10	10	10	5.594905897535673	7.360341439348479	-12.390923513639034 -6.013077645539853 -12.662003107427582 -5.497409736731151 -12.933332771530772 -4.979632615262084 -13.205908250376435 -4.457239718973053 -13.482039260476695 -3.928597423216457 -13.764971111842089 -3.3931200486246533 -14.057516442676878 -2.8519374681582845 -14.361804237309101 -2.310253213185082 
8	0.7	200.003	8	10	10	10	10	5.778227017742118	7.982081646492828	-15.45156988639467 -1.6445644693442634 -14.981902179719127 -1.2101909941832116 -14.533063492172063 -0.7779365024228928 -14.101826151819035 -0.33222544160307965 -13.686369906337266 0.12804406225733564 -13.284769776174876 0.6052020397605525 -12.903167339669212 1.0994881687267233 -12.524612629690308 1.599322230276849 
6	0.7	200.003	8	10	10	10	10	4.744101205217314	7.069192006910932	-11.119618194435098 -5.565860271578094 -11.44632651377494 -4.979871609190181 -11.764050737302725 -4.390743372218044 -12.077088110488047 -3.800382315279444 -12.390240502833471 -3.2107168846869696 -12.70561527510739 -2.6218889899389084 
8	0.7	200.003	8	10	10	10	10	5.715827212712295	7.40618994295917	-13.452783833959641 -1.5742282698606944 -13.036326013539306 -1.1029446825771168 -12.610097940867933 -0.6251903057403244 -12.205743800512552 -0.15750262146084726 -11.85039654198596 0.3320892001590343 -11.556869936658298 0.8558870129846274 -11.312084572148565 1.4152504756649604 -11.089765105211903 1.985905783795577 
9	0.7	200.003	8	10	10	10	10	6.42049338437905	9.772170933498334	-10.011719965140372 -2.40033999706487 -9.799745903653898 -1.8034469822832768 -9.578598290153032 -1.203766924139476 -9.360679725041589 -0.6085619387780113 -9.155191736951352 -0.01362444785998576 -8.979674741864763 0.5849961098393703 -8.851936943281572 1.1903591898042711 -8.767105844667014 1.811365200130671 -8.716204833355508 2.4246211871420416 
11	0.7	200.003	8	10	10	10	10	7.321203483409079	8.48214067111375	-7.67964180017537 1.1508983428197823 -7.297111458733868 1.6279564432534346 -6.9490424634022165 2.1215183246494753 -6.6744951512311195 2.6630057774134213 -6.47685632985133 3.2517971029521298 -6.324704449220478 3.8483648517732307 -6.208521954656819 4.416930657054093 -6.1008672475036505 4.994423177214961 -5.991211375779279 5.557333198924078 -5.89007620485965 6.107358603224134 -5.8013624701685655 6.661726855854437 
11	0.7	200.003	8	10	10	10	10	6.708532238244189	9.003007203439308	3.359768651641295 0.21618734220990007 3.183517755855525 0.7757895958885455 3.0566188435526787 1.29254565699032 2.988754618924343 1.8108893957097336 2.977379631746033 2.3312569126516167 3.0070373529542485 2.8566157673785937 3.069337181298187 3.3751811476651996 3.1713709799077265 3.8875655443125616 3.3143577752938937 4.395408493955593 3.4765531893749957 4.884847651144324 3.6500221271895428 5.388115072046228 
13	0.7	200.003	8	10	10	10	10	8.398105764607244	9.044319730876902	3.9002831211153093 6.145646725603459 4.030463104296098 6.669586538654563 4.157837890694512 7.18868624534522 4.282273272562133 7.7222598303258785 4.40502667858107 8.27270888054885 4.5484160824675754 8.813286808992522 4.753316677536463 9.34170918181776 5.0375235730201835 9.849831567827602 5.384456723746997 10.333227916171966 5.764175498205903 10.809686499000408 6.1544617677628395 11.291823580789575 6.545016371438613 11.78893508301985 6.936658396827487 12.303791104060156 
9	0.7	200.003	8	10	10	10	10	5.908256825392209	8.84667311050259	0.6340529141272024 -1.2947424442466076 0.7933908455723186 -0.7513394877115894 0.9452385275590973 -0.20832897605457606 1.1074910798722626 0.3517006724861178 1.2899199329990179 0.9080135066814403 1.4636777785704922 1.4328010853446909 1.6090727896836756 1.9616740228213487 1.7209436106588984 2.49851315781575 1.8174560949806953 3.0500730652484047 
9	0.7	200.003	8	10	10	10	10	5.979154112635161	8.260229724039625	1.8746721413756062 3.9006554505597997 2.0336030791904154 4.454490220644882 2.1878137615588718 5.003827764090475 2.3404262852345687 5.5480978046872425 2.4942237935011344 6.089576561068348 2.650185946531166 6.630286925590244 2.817878232792266 7.173244072119873 3.005631843429126 7.719222558322615 3.2162133226712677 8.276630867205492 
9	0.7	200.003	8	10	10	10	10	6.004255078758153	8.805380405069801	4.755178253934307 4.573732052228902 4.943101838631445 5.103819287520243 5.114109187380758 5.63466349531354 5.256595924675996 6.179964334350334 5.3731685758831755 6.737131877950548 5.494270221622408 7.316847183797252 5.640746970473175 7.888772863487763 5.811998969139847 8.44508981713813 5.994050680675606 9.002724411348389 
11	0.7	200.003	8	10	10	10	10	7.8218357724270895	9.176213632512756	6.638904912332481 9.739177782632192 7.019955805141974 10.213434424991027 7.388110934885704 10.699219802671282 7.718822534086582 11.220279109931703 7.991723584156476 11.78987725924165 8.19287923438986 12.403365886269006 8.330037148103527 13.03317168040468 8.427536964075616 13.678346797207134 8.49024281981385 14.338643092582538 8.532878820246138 15.00770026101144 8.569798858337023 15.68550515848974 
11	0.7	200.003	8	10	10	10	10	7.647740973468419	10.089082369637733	10.292803835030764 1.5982617737962943 10.752294376549061 1.9754742989852627 11.182305800416636 2.387721192486272 11.571439098136159 2.8443579058058894 11.919474496426023 3.34281920707552 12.236758086268367 3.8724708289250502 12.540629603572517 4.419900505386092 12.847435712480289 4.974644257073134 13.171588917174478 5.535495590052547 13.493227698732522 6.116695934893509 13.78293829813275 6.709875366588129 
11	0.7	200.003	8	10	10	10	10	7.890094853046364	9.501040811513318	12.329997457487305 6.338636758655572 12.466116353725806 6.956358626743686 12.60542766383949 7.557369965762965 12.744906971179839 8.166141964440964 12.877786341171563 8.784945151078146 13.002491634338517 9.413873651751954 13.126969607875091 10.054770900742646 13.256362130887384 10.698702605877763 13.383194405150402 11.352306005406952 13.503520584730444 12.02102539101385 13.615688526940172 12.698855367890292 
11	0.7	200.003	8	10	10	10	10	7.876918014008314	8.686372101595278	1.8084597648502059 -15.999719506274337 2.2913650747750665 -15.511416518435128 2.778862986756502 -15.040404583934013 3.273740673007101 -14.589460763963707 3.7717071910588285 -14.154156270160934 4.2629996237161 -13.724130945849494 4.734356277576009 -13.286147612151437 5.178969225845822 -12.828949113981858 5.587700565395532 -12.35554080452195 5.975007628766996 -11.877137862337255 6.354106629455517 -11.403958240254845 
11	0.7	200.003	8	10	10	10	10	8.317811405078297	10.767004393476986	6.225135165990251 -13.743459717294135 6.658579064031132 -13.194661571135532 7.088522167242215 -12.644244197861386 7.514191012436411 -12.092654911047752 7.938893091117798 -11.543890537251665 8.37202969884356 -11.003923891206691 8.817053179155263 -10.476109711713002 9.272429278286296 -9.959868910378727 9.732624046420355 -9.449650013566373 10.191060234573374 -8.938691979845105 10.643372220934838 -8.424470315400375 
9	0.7	200.003	8	10	10	10	10	6.051022501961494	6.693441503669606	6.843694717721079 -10.546210591405375 7.2539521097165816 -10.119084933751134 7.658988866745456 -9.693213767898376 8.059958549108389 -9.269000153725859 8.459747942790631 -8.847627700738949 8.861842021960745 -8.432438898447879 9.268096422215805 -8.027028295688238 9.679200766386243 -7.616069030762934 10.085873430939937 -7.212001676531698 
11	0.7	200.003	8	10	10	10	10	7.402419813136904	8.711300674832117	9.716373054465226 -6.226749635238358 9.63475843747203 -5.627206626527871 9.547645619714057 -5.035332580717794 9.454921121683366 -4.447857465953484 9.359033165684853 -3.8629508323192527 9.259437867060623 -3.2792820350148926 9.14655087947506 -2.6968365323326147 8.996257467955322 -2.120259497543572 8.776448587910666 -1.561553496139681 8.466685869421982 -1.0124204167435762 8.135520450893756 -0.5126476390525355 
6	0.7	200.003	8	10	10	10	10	4.613706108300592	6.957037364248473	-17.237996173578505 -1.8214200090357544 -16.810256585477866 -1.3367252152413558 -16.388601172277436 -0.8496276786925853 -15.962345568364256 -0.3681398803178459 -15.53363323486388 0.10697384914923863 -15.105054171386515 0.5822985725947702 
7	0.7	200.003	8	10	10	10	10	5.348793352412473	6.6100808569345535	-14.253349670384054 1.3688995793227843 -14.212764675241846 1.9968846093879493 -14.168438996638343 2.6588144937454046 -14.100835605974666 3.3170710932305125 -13.981258810704809 3.9620893141533617 -13.823820787684388 4.609000153201408 -13.661930191440305 5.261790857869439 
9	0.7	200.003	8	10	10	10	10	6.3532659690943944	7.133796860894202	-1.354410131448386 -13.38755769589873 -0.7528308382119656 -13.20752037547891 -0.12611745730495016 -13.026230434574162 0.4798506476100577 -12.83435730922389 1.0495152543010646 -12.599759437288512 1.5910487044240065 -12.315688129718637 2.109389239801493 -11.997016740128975 2.6159659160406146 -11.670979653819618 3.1234859178075984 -11.35318715438428 
11	0.7	200.003	8	10	10	10	10	7.176995849157484	8.154299721059184	3.586141343827832 -10.488232724325693 3.9441628888931874 -10.013956771035632 4.2993933522693935 -9.540963086588706 4.655234537171248 -9.07307735532287 5.016941958304263 -8.61420024030647 5.384463238468231 -8.16975858542393 5.766880608755841 -7.7498279144224 6.169103936440385 -7.356119484590631 6.583388196943486 -6.979331729417962 7.006274832507159 -6.58470453149749 7.406066586455741 -6.173988250066454 
9	0.7	200.003	8	10	10	10	10	6.280280587722753	9.755318241371354	-8.841381704503585 -15.415673431615495 -8.658833557299111 -14.82261936588883 -8.480117222535178 -14.234026925934415 -8.307762090609865 -13.648249383305176 -8.142680256505788 -13.057499189354939 -7.988261543396976 -12.466625258917208 -7.840600402890405 -11.877222986522394 -7.697780598275341 -11.290214991610434 -7.561699999353082 -10.70771653999051 
10	0.7	200.003	8	10	10	10	10	6.7224290472090775	9.751575750454027	-7.337544011176547 -9.715847750152736 -7.152479865743147 -9.141564568676046 -6.970984992400047 -8.567948530422065 -6.802267535560286 -7.992177850457915 -6.670043939112587 -7.409204693673862 -6.593321819099234 -6.82535444336151 -6.549279831898833 -6.238439547250472 -6.519878049417077 -5.653783476208934 -6.495774438452506 -5.074079154361333 -6.473545065256011 -4.497884257081034 
10	0.7	200.003	8	10	10	10	10	7.095535383365009	9.431720714101113	0.37045760745815115 -10.113789829310502 0.8004744138232769 -9.631051720359977 1.2232695704389431 -9.15524828658213 1.6439135008884462 -8.68049476414799 2.060433809421651 -8.20119106562328 2.4612632853030516 -7.708250992763436 2.827045791169477 -7.188367696510993 3.139684419005938 -6.641629415281901 3.416795762771112 -6.083722374805511 3.678547014488722 -5.522255646479689 
10	0.7	200.003	8	10	10	10	10	6.782643764133068	7.932171468450679	4.194544999698355 -4.57931221479123 4.2020281989371115 -3.953448160975211 4.181274698138388 -3.349305260461353 4.10847474270408 -2.772561069275817 3.9447210938886608 -2.2138326162263455 3.6597390658547364 -1.6664551945658876 3.311109355851414 -1.1824230198632288 2.927967273785868 -0.7478388543374846 2.503395574965769 -0.2993131966574313 2.120843663722018 0.1340831005861057 
10	0.7	200.003	8	10	10	10	10	6.855140839774389	10.265994772645694	-3.306721654866847 5.442455811190607 -2.9707838892139122 5.9480630860810155 -2.6554285486317104 6.458745270649568 -2.3251662959486565 6.96725820569576 -1.9550721936790678 7.44260968966283 -1.5546724954142839 7.892967853771999 -1.1474907122935538 8.351940861526495 -0.7619015096840769 8.821108750246548 -0.3838505537195601 9.294327938356759 0.0022506571455938426 9.766544664413972 
10	0.7	200.003	8	10	10	10	10	6.942772710540028	9.05591481837541	0.05296976641910552 10.805846160519998 0.6235531228127957 10.972797753236105 1.188309397808516 11.151943070238419 1.7718036268851163 11.351380562605598 2.3515424183938283 11.571374667993481 2.893123490661712 11.842522509600432 3.395993835352584 12.193644572208274 3.8601741096141233 12.604411302777851 4.316230075042608 13.044588723598638 4.783722228707161 13.491016480959846 
9	0.7	200.003	8	10	10	10	10	6.219138456978312	7.203112668538143	-9.471562880316668 -13.03436392526052 -9.331212955186949 -12.40806798941176 -9.186638849834376 -11.793697120891224 -9.040868235470038 -11.19114880721386 -8.894590652739465 -10.601424327103707 -8.745590061561181 -10.024516721918204 -8.595256712329917 -9.462281489368964 -8.438810014957994 -8.910384863536933 -8.280533202656496 -8.365753584159915 
10	0.7	200.003	8	10	10	10	10	6.4446935190609675	9.271144024653516	-7.912320633882052 -7.58618266522314 -7.883572298020775 -7.020542203558975 -7.861678395407043 -6.451181909566166 -7.844413757195187 -5.901595267411605 -7.818749937247584 -5.35336547356262 -7.789552328632828 -4.792523017290413 -7.756627417094041 -4.23871764159882 -7.705420900555757 -3.6893033336465506 -7.63435863696892 -3.131342099170578 -7.55297281595272 -2.557883427367503 
4	0.7	200.003	9	10	10	10	10	3.467936818714429	6.9021476163878015	-8.436472992523914 -16.67475235857458 -7.955845197714336 -16.169276205851784 -7.493534286507754 -15.658138307486794 -7.038563438248261 -15.151102309263512 
4	0.7	200.003	9	10	10	10	10	3.400207205637704	7.766703137170808	-7.004285507012881 -13.860831320604879 -6.832862049620544 -13.211735737735815 -6.664552352529516 -12.567344103342158 -6.499670538261917 -11.925331067392749 
7	0.7	200.003	8	10	10	10	10	4.960191668068598	7.118785763190839	-10.192299697308112 -4.623632620526617 -10.449985958593198 -4.085692357167623 -10.718847073721314 -3.5606266235400894 -11.006781455151502 -3.0417165472510743 -11.302354867220076 -2.52574448971684 -11.6022012525452 -2.0259849078647814 -11.91635419955588 -1.5113648229725578 
9	0.7	200.003	8	10	10	10	10	6.4232007809919	7.592608600961597	-10.851089409630996 -1.1105327098133961 -10.670582916297452 -0.5282349817627933 -10.473870794369585 0.05100282447156415 -10.273968126481895 0.6374769425107196 -10.106172944093707 1.2420106565397633 -10.001418610379597 1.875661072386775 -9.965442159934288 2.516205895266699 -9.969077150638448 3.141538110167208 -9.979308392818748 3.7871517264565817 
10	0.7	200.003	8	10	10	10	10	6.940773365767029	9.718421115218725	4.165390744212931 -12.060902985357412 4.501796928667386 -11.554314792020039 4.8464879172165345 -11.055714012104099 5.199733194384245 -10.561937101738192 5.561817981186093 -10.072230157836207 5.939968040073279 -9.588364529048002 6.3387674401282466 -9.119373806076036 6.7591508691663975 -8.662829397519912 7.1959754846996455 -8.213845492856288 7.642584280072536 -7.764408054869485 
10	0.7	200.003	8	10	10	10	10	6.727836545613544	9.102407870591414	8.577061150242276 -7.064173739210807 8.495986566293315 -6.472650817563984 8.393605740576998 -5.858099062705171 8.269149256434591 -5.265909979812917 8.149129890695576 -4.699265223754109 8.048662625545461 -4.132681346969808 7.967423352356089 -3.5630415044590946 7.891141697656603 -2.9880756725866675 7.806147982421933 -2.409484802250192 7.711310819788361 -1.809139373832883 
7	0.7	200.003	8	10	10	10	10	5.402047998198343	7.979579613313137	-11.210583937541005 -15.884905746435953 -11.371838192437233 -15.215584836563673 -11.537702716855215 -14.557134397573765 -11.716769819822268 -13.911658079914694 -11.918677523158923 -13.281953269366044 -12.151010580971015 -12.671814231788233 -12.410210359228195 -12.075139392243113 
8	0.7	200.003	8	10	10	10	10	5.8347807904553886	8.718439234126972	-11.624453307099506 -11.156533220996202 -11.569595589641962 -10.511515852588335 -11.532767147887423 -9.873319347070279 -11.533995710284001 -9.238569027213337 -11.574620897372856 -8.609903512754245 -11.635280569778093 -7.98733153787274 -11.675683274767003 -7.34939427856499 -11.680919332650655 -6.730703675666666 
5	0.7	200.003	8	10	10	10	10	4.115819915801987	7.595152130212908	-18.087078363600334 -2.940927373362789 -18.38805917309268 -2.345433411087771 -18.676134686134315 -1.7358676343803245 -18.958393293000523 -1.1147403062612724 -19.236067869529776 -0.4807600918426777 
7	0.7	200.003	8	10	10	10	10	5.364836360810291	7.173696511025758	-17.808595452080805 -0.4464335363928771 -17.35666738823093 0.05783448350338169 -16.908177220906303 0.5566655976408967 -16.468039492574537 1.054304054800287 -16.049327459261523 1.5591626793963853 -15.658813599741494 2.078133785669645 -15.293559938956543 2.6123578390159783 
10	0.7	200.003	8	10	10	10	10	6.901913216666879	8.377255725574077	-5.002613502894283 7.1578040863488965 -4.8792729867576545 7.733405823796343 -4.761082462476351 8.307056680481026 -4.65402182848091 8.885546754263375 -4.557620281883075 9.472564496247305 -4.463543878030547 10.07813304586617 -4.371263493796931 10.686624798767518 -4.301804644711039 11.306424561624794 -4.2612487005167115 11.940270366502073 -4.229364201406184 12.596744112158069 
10	0.7	200.003	8	10	10	10	10	7.403571547946079	9.132636987481973	-3.094947398126162 12.221528484530017 -2.914227483059022 12.852053781030792 -2.726887595722994 13.472700944644892 -2.5263187262038636 14.092649368214966 -2.3114073887098576 14.713260102536342 -2.085196952695725 15.337070143310005 -1.8547945910793961 15.977729461414347 -1.610346771545304 16.6068721304267 -1.3355999008982746 17.23222843749723 -1.026345412031177 17.84747606728603 
7	0.7	200.003	8	10	10	10	10	5.608355837640051	7.670892387794421	-19.057577269023902 1.1134388219222675 -18.920340336226822 1.7997364457607754 -18.777313480291365 2.488181577586343 -18.635063106269953 3.174847520498957 -18.49674627083911 3.862400152434127 -18.357469317164693 4.551159664602982 -18.206599628363495 5.23476192376621 
7	0.7	200.003	8	10	10	10	10	5.500514876307697	7.613396747486347	-17.148435169934523 4.1957127602384485 -16.836035917039034 4.8013080949928675 -16.531621120798594 5.410112343580824 -16.238450377384588 6.026002712078052 -15.952744385120859 6.647679885759414 -15.66396080825373 7.268605327539207 -15.37643540854648 7.892909568516211 
7	0.7	200.003	8	10	10	10	10	5.388021753545702	8.126360783691226	-17.591025238043375 1.7889754691002402 -17.157892950286477 2.3155991729831777 -16.721709442605576 2.8309887313967304 -16.28135230624388 3.3352182454198074 -15.846211985172033 3.8419156895259947 -15.43347677234286 4.343998478206204 -15.032976050449692 4.84789202493512 
7	0.7	200.003	8	10	10	10	10	5.286689887882906	7.90968993490516	-14.816192683197436 6.032711957634721 -14.288677834712272 6.413986625736241 -13.776778763261184 6.8007553523847255 -13.291892517760473 7.2055846504064025 -12.793859602500374 7.644937438559886 -12.29209558667872 8.080313234147948 -11.816927589211554 8.500212869706644 
8	0.7	200.003	8	10	10	10	10	6.002810162031549	8.213400785484914	-8.232232445326002 -18.229252771027895 -7.7277501085913585 -17.768109796497523 -7.235221324270492 -17.301325985330354 -6.764039041042684 -16.826181933168037 -6.316918033993878 -16.341621424370896 -5.896110176524645 -15.848457703418156 -5.49922356076361 -15.35059482139912 -5.114900663604324 -14.854868258948509 
10	0.7	200.003	8	10	10	10	10	6.800857941337236	8.940380654753383	-5.674668988760449 -13.919086229500023 -5.49736299286803 -13.307453326249616 -5.3471424330939925 -12.700323342651156 -5.229582821536118 -12.096119661194262 -5.130140382657169 -11.497572015468782 -5.019013425077107 -10.907351965987372 -4.8928630705082705 -10.329707502279831 -4.756092876799252 -9.758527909331763 -4.620023966950163 -9.212426958904539 -4.4857447438777776 -8.653998283066434 
8	0.7	200.003	8	10	10	10	10	5.695893803214883	8.964608308981937	-6.843036732222355 0.325815647574087 -6.418295693725863 0.7616459037735683 -5.9809549012280625 1.165574147954927 -5.506214668886501 1.535368014830961 -5.00014953274863 1.8737161481645048 -4.481401502317554 2.2133680128849846 -3.9659957604973486 2.5665014305113973 -3.446841336067376 2.934998784219801 
9	0.7	200.003	8	10	10	10	10	6.045400202531566	8.965118528664176	-5.476139108425231 2.9884420351597654 -5.000044323869109 3.334370697987713 -4.494457641840195 3.655852320712384 -3.964223017641946 3.944895878927423 -3.4402545663818476 4.185432931415189 -2.9143368442504585 4.41465423570104 -2.3934056488945576 4.663864247644347 -1.8842978004847397 4.907283693810163 -1.3727773978637832 5.139678364909035 
9	0.7	200.003	8	10	10	10	10	6.85980516079098	8.240125931737957	10.530985038806094 -11.322967772520265 10.869019905105926 -10.713659304031657 11.202004387116466 -10.105352117256869 11.520304121270513 -9.493532914750627 11.806316371084803 -8.86973192682408 12.033883647879934 -8.229551980626105 12.202738387157721 -7.578130342497449 12.30515288839535 -6.908767530816121 12.353290823466642 -6.246421883528423 
9	0.7	200.003	8	10	10	10	10	6.580963570860147	8.174805203165066	11.108711768995104 -6.973976604285417 11.048322445328829 -6.31264427047113 10.983346557680159 -5.666296836315133 10.903270481847672 -5.023759351395392 10.80343230780078 -4.38588441499495 10.680813468193524 -3.754164921214633 10.536447870987672 -3.128502605539829 10.380536742845484 -2.5022373895382564 10.22466084787 -1.8782797682541215 
8	0.7	200.003	8	10	10	10	10	5.709465153723691	8.16494850571188	-7.844026257291002 2.8701893173562505 -7.707124093251431 3.468582505298465 -7.576866730819619 4.062971314425631 -7.458373938896945 4.655906842644208 -7.347389015825687 5.254441146388263 -7.242963711046917 5.861300030254208 -7.1483837468602385 6.478643108794919 -7.065342387364598 7.106572513944897 
8	0.7	200.003	8	10	10	10	10	5.657384950607982	7.331050829642929	-6.202771431919887 7.680746051548011 -6.097869758741576 8.252974477466667 -5.9988784991229664 8.83499873297287 -5.907436193909645 9.42342097199152 -5.816633834732908 10.021886462054772 -5.723605205078177 10.6306999666533 -5.628890504955807 11.250933121376423 -5.532968081618914 11.884851783086168 
8	0.7	200.003	8	10	10	10	10	5.740236534671576	7.204174998083182	-8.874932688429228 3.696909895568074 -8.811113709975693 4.328155398162369 -8.727685806329893 4.936482991883652 -8.612888556624123 5.535433236629904 -8.478854213374543 6.131028689418715 -8.353661496312885 6.748547044193724 -8.245292871093756 7.365825141719124 -8.14038551307476 7.97141443151891 
8	0.7	200.003	8	10	10	10	10	5.850517972643033	9.022671003203339	-7.310594198060097 8.497195841721966 -7.274225257104229 9.1305571898287 -7.212699407803093 9.759225651271786 -7.11999760472338 10.38363590573597 -7.002287956012807 11.00432176171843 -6.876279097628417 11.625368006208127 -6.757987247561977 12.259330177886259 -6.653395181862264 12.893598092948803 
8	0.7	200.003	8	10	10	10	10	5.779892392887419	6.907686187530767	-6.418941144286407 -3.5146447145506414 -5.802905266410173 -3.3802493070858675 -5.2174409030845315 -3.256360905033102 -4.6315264896659 -3.1663089498847587 -3.9915880872435427 -3.0955322460675703 -3.344553189459284 -3.041925567827066 -2.723887541717433 -2.9951048056858713 -2.083059665971756 -2.947109253757365 
9	0.7	200.003	8	10	10	10	10	5.808673079781034	8.767943644395649	-4.323589214536506 -2.015546475477737 -3.7521835685187197 -1.8551761767052102 -3.2151712157953316 -1.7501008630137134 -2.678281853986967 -1.7234616366397624 -2.126061028446108 -1.772229635596567 -1.5702343310118012 -1.869334361921573 -1.0456980577094437 -1.973665289310427 -0.5100766138410341 -2.0508278870948695 0.02404282799123931 -2.094058631497399 
5	0.7	200.003	9	10	10	10	10	3.860452755000234	7.418634234640868	10.09476887083376 7.008995974426599 9.852000150491524 7.564946864699224 9.602513735559958 8.119471009501705 9.328573736917537 8.688407980778619 9.064562194576794 9.243072718875093 
6	0.7	200.003	9	10	10	10	10	4.652011798343024	8.6755046759303	10.36065819929409 9.1646338081149 10.402286693421537 9.8076404357778 10.474271925505416 10.447694742481733 10.583775773361324 11.086529520291013 10.723389888993795 11.725683589345612 10.872948993180445 12.369739443491591 
9	0.7	200.003	8	10	10	10	10	6.517250677246299	8.524850124513897	-3.151897120101535 -16.9415002770252 -2.922380742518037 -16.295857213618138 -2.737515107804543 -15.650205309154877 -2.6247968570808697 -15.008013982847535 -2.57583778720806 -14.369492744786218 -2.5677308542518946 -13.739970118342018 -2.5696000566043287 -13.11214007976973 -2.5701655672328596 -12.502871119823158 -2.5780270980458218 -11.901573644411812 
10	0.7	200.003	8	10	10	10	10	7.2968378148863735	12.626391520975645	-1.4503027475015537 -11.452489178836142 -1.1952447408320097 -10.834162375718389 -0.9544388649719412 -10.228778847380614 -0.7005813880631889 -9.624340333744497 -0.39263822110755386 -9.051564255884964 -0.016024521108144178 -8.52762981941987 0.41197253387368465 -8.038863938361244 0.860691609476586 -7.5613635437186355 1.3150866181105305 -7.0901659503445575 1.7806600452048662 -6.614230755282566 
7	0.7	200.003	8	10	10	10	10	5.28855011947695	8.351228896533385	-12.924520974133229 -10.927065214219086 -12.87250455136358 -10.268369563181233 -12.849540224651152 -9.608236860813815 -12.867492808890276 -8.958472990236771 -12.910882492803879 -8.316159397463512 -12.963094722102385 -7.678999892500603 -13.015374339715697 -7.0469711015807786 
7	0.7	200.003	8	10	10	10	10	5.23775360875122	7.964106061842594	-13.842680962003385 -6.128173822446958 -14.14199179050284 -5.559660381688637 -14.43853390083092 -4.991286335606763 -14.732950935457886 -4.423692136115483 -15.02796838793054 -3.8580630942637275 -15.327528358473671 -3.2955263146043388 -15.634441277804967 -2.7344846316135736 
6	0.7	200.003	9	10	10	10	10	4.623517851002314	7.580419574957858	11.232925873221395 7.589639695645164 11.384379887530994 8.206139096094331 11.535217224952994 8.827577507009122 11.66912844700687 9.460322970777977 11.786269481377387 10.097547945379004 11.89963273838859 10.742198299891617 
7	0.7	200.003	9	10	10	10	10	5.489193908259768	8.81940803808532	12.166469807396231 11.95677090484777 12.236366125616334 12.620509172010793 12.294321202261758 13.290410323832258 12.323776760641678 13.97189067440409 12.32557772718401 14.655392228769566 12.312843341512915 15.3444334121473 12.294959066667692 16.038805822882473 
7	0.7	200.003	8	10	10	10	10	5.387171546889855	9.963383781885469	-7.608723693306464 -19.46987741825583 -7.099814105550131 -19.002583254567508 -6.602214674288914 -18.538351240323376 -6.118008944865381 -18.075681760666697 -5.646705250730193 -17.615946142656664 -5.184874659467976 -17.16132263058625 -4.728077828471319 -16.713667729373228 
9	0.7	200.003	8	10	10	10	10	6.069467087173766	9.475667668238252	-4.039057044927889 -15.824712347854623 -3.9724769275890925 -15.204304990511538 -3.9304953282466433 -14.584670849737043 -3.9199317271679974 -13.986461452059414 -3.9194464304680965 -13.398714107926324 -3.913062804187156 -12.82367743023276 -3.890606258144394 -12.262536185239284 -3.851286908640697 -11.711438199451916 -3.802558474209475 -11.164373001264515 
5	0.7	200.003	9	10	10	10	10	4.065335256224023	7.632761036763116	7.792427848216098 18.50303500477663 7.6640894403312245 17.829186332208938 7.538114608554807 17.168618081971335 7.4132372370725355 16.521645179857746 7.291197056148437 15.885254849505904 
6	0.7	200.003	9	10	10	10	10	4.788084137242379	7.987225655012988	9.533703423682184 16.67354728673672 9.83860609977911 16.04999390094595 10.135822864701051 15.434905070731118 10.434086050467016 14.828589027815593 10.73379755634046 14.230864054626124 11.031142027358982 13.634390513901055 
10	0.7	200.003	8	10	10	10	10	6.526071607234755	8.750390488327973	-3.6380243881662193 -10.34209019872508 -3.457108627651375 -9.816940979833596 -3.2830966434821818 -9.291184033277267 -3.121962723897515 -8.757247259881034 -2.9878899557016845 -8.206427152612882 -2.887830248584314 -7.645568874262213 -2.814003290948031 -7.075473129528732 -2.7620709637491236 -6.500256621628253 -2.7324547249029045 -5.924168021994599 -2.718273782509017 -5.331108968100493 
11	0.7	200.003	8	10	10	10	10	6.886935809489765	10.327179804365919	-1.6324709052841073 -5.30296317948029 -1.0652319843242561 -5.159868306409311 -0.5332298041477416 -5.002946030079884 -0.020022788754090064 -4.805092302564042 0.47558980964523495 -4.56193497611221 0.9520198256686802 -4.279657539680849 1.4021564588234259 -3.9642999685014497 1.8220751822504617 -3.6184333643595226 2.211945239496626 -3.246303692322144 2.571278589695762 -2.853405171028789 2.904417832469572 -2.4458495738262105 
9	0.7	200.003	8	10	10	10	10	6.102403637030619	8.809431590538509	-2.5352483584225074 -10.857055632539709 -2.305809347936886 -10.300209344739917 -2.0908099876000956 -9.746852703877138 -1.9001184137561298 -9.19360545829308 -1.7447642805447312 -8.635180572746632 -1.6360841653378524 -8.06783515187105 -1.5656402032766086 -7.494060604785515 -1.4997025893718232 -6.897782346142788 -1.4227863898742934 -6.316844868099063 
9	0.7	200.003	8	10	10	10	10	6.162839305697577	9.317892525227201	-0.4503559699895738 -7.175708737766383 -0.07682386985794688 -6.691565637569333 0.3302753478024202 -6.2547948991841 0.7870506813420166 -5.877283751915394 1.2920705290598327 -5.545914439612442 1.8007584807641948 -5.2334263788969615 2.2810566911349612 -4.894394458105172 2.7228445357223556 -4.5109077087013425 3.135416065570705 -4.09230784769583 
5	0.7	200.003	8	10	10	10	10	4.141142031816245	7.1786360502295175	-14.082244978285338 -15.275421153409251 -14.33120502435938 -14.630605029026608 -14.592842146166772 -13.994418424647126 -14.864552629569452 -13.367659704803538 -15.141745107714748 -12.74789620216119 
7	0.7	200.003	8	10	10	10	10	5.512517695201341	7.3125499294748755	-15.914029734699989 -11.688495703124778 -16.22394858817921 -11.086024211720428 -16.522007963104574 -10.47396048020925 -16.795905562202133 -9.844048582972308 -17.045162636482072 -9.207051552782378 -17.285196416392658 -8.56125989042053 -17.523940976270737 -7.909237962153718 
9	0.7	200.003	8	10	10	10	10	6.81369189215639	8.833261000758325	-9.492699888908362 -19.00711045915408 -9.590909351663178 -18.319568749974362 -9.685952112047657 -17.63776414087421 -9.782372572941386 -16.9615690358789 -9.881783495768536 -16.290648090948725 -9.98865017745959 -15.619411120866951 -10.106428328093017 -14.956788548653265 -10.251997024763893 -14.313071292722809 -10.424690001288276 -13.679357272588696 
10	0.7	200.003	8	10	10	10	10	7.280528324608563	9.68061944696701	-10.715512895879714 -12.417491562598892 -10.536083701139946 -11.771510073229873 -10.37191972181947 -11.118126490882565 -10.22747747032631 -10.472458609441443 -10.07904357495787 -9.83717707037127 -9.905911833191274 -9.213621698565005 -9.699865190207362 -8.604355390178371 -9.465571007384415 -8.003080668081969 -9.22669439016375 -7.40542402388673 -8.999649449047954 -6.803699703101221 
5	0.7	200.003	8	10	10	10	10	3.957634773984435	7.064063145421754	-14.075917135033167 -9.87257141675571 -14.156928802021003 -9.235601963471916 -14.221070010424077 -8.601152923171012 -14.27552447070807 -7.962872443004758 -14.323861423511191 -7.327456181075124 
7	0.7	200.003	8	10	10	10	10	5.258496728322378	8.699234391415375	-15.176405430964792 -6.490656386359897 -15.477087899899104 -5.9190576809464694 -15.77650168055715 -5.349989699169004 -16.071376769846797 -4.780254845957798 -16.357227700598607 -4.2067047325709055 -16.629003366793132 -3.6254430580619665 -16.886439995823604 -3.0334008528462277 
8	0.7	200.003	8	10	10	10	10	5.599501170140201	7.262050388999828	-0.6019082080988748 -0.8778103383796709 -0.41297737619474745 -0.32039226690243744 -0.23129394142081205 0.24522703817632002 -0.05794267898681244 0.8181249064702444 0.1088236809857072 1.39519107114441 0.26957674570350376 1.975522564786987 0.4239311951565248 2.560998159258117 0.5747166402473671 3.152023903954799 
8	0.7	200.003	8	10	10	10	10	5.5795458740403845	8.25151557305589	0.7444164504545495 4.186021273137308 0.8727078418014564 4.7863104005144 0.9977383762541929 5.37887673567909 1.1186151351371743 5.969019190705415 1.2509148597523354 6.542507216557039 1.4163242653802721 7.105060890766969 1.617260078739464 7.656675627110135 1.8414869836715935 8.208566574136395 
5	0.7	200.003	9	10	10	10	10	3.913037152389162	8.091360953177512	-2.2520699288404575 8.886300530129029 -1.9244321604530799 9.416462544987981 -1.5960689935229877 9.945289653192322 -1.2808611360629758 10.488345371650178 -0.9800841766597972 11.052607071926651 
5	0.7	200.003	9	10	10	10	10	4.106848740862247	7.5513020752476425	-0.27716976749742095 12.098463823086377 0.3764964346647559 12.281141971720892 1.0213116142519638 12.481841639265225 1.660311709690776 12.697931997421398 2.299662910865657 12.924353321806791 
5	0.7	200.003	9	10	10	10	10	3.902673616388991	7.220864665215645	5.704420544451722 -0.3228334655468839 5.691242216043212 0.31401221604968577 5.667131266554829 0.955035513716244 5.63009538246348 1.5697860612574754 5.578207190672325 2.175919022040183 
7	0.7	200.003	9	10	10	10	10	5.338069888656108	8.377429519027302	6.397897912368752 2.8404470994901727 6.790903471396126 3.336522924770454 7.191624335573336 3.836934253808147 7.600245372139365 4.344351139928823 8.007744080184407 4.866187528184167 8.404626272666585 5.406072925411876 8.79373947174578 5.964280582634196 
5	0.7	200.003	9	10	10	10	10	4.005436127110521	8.064243593270678	-6.300245843094789 -10.697833371261963 -6.124095254715389 -10.071473225411166 -5.947137093939293 -9.44667966016867 -5.767035100401192 -8.8208593205389 -5.582959901372033 -8.193102945601646 
5	0.7	200.003	9	10	10	10	10	3.9485017594376233	7.202962779193125	-5.379438683665448 -7.0123762696056025 -5.3253829104676775 -6.368867219244849 -5.273628138045982 -5.7310888366872135 -5.221940221224006 -5.099296618185634 -5.167679082320251 -4.472693180569248 
5	0.7	200.003	9	10	10	10	10	4.194123220876836	7.355479202249839	16.365076605469564 6.873139873920517 16.202104063949278 7.553322888335395 16.039264874803543 8.23254136674389 15.877677970837759 8.911462499140827 15.717430912102673 9.591165185519081 
5	0.7	200.003	9	10	10	10	10	4.165294983222593	8.550254801744282	14.850055995124814 10.81994259828515 14.884548473994863 11.50511760180827 14.921645229261706 12.193857877142744 14.960374380696377 12.886482866055378 14.996353515066309 13.581358821054234 
6	0.7	200.003	8	10	10	10	10	4.537516279551424	8.424010413029022	-10.592218245297204 -7.569068635678938 -10.371119064768651 -6.969511607173572 -10.10399686436638 -6.408110051547712 -9.76186372772019 -5.884565322223298 -9.371430071255114 -5.397688106443418 -8.976299515979681 -4.910518348115077 
8	0.7	200.003	8	10	10	10	10	5.835984103249553	7.75056413065216	-9.165144001385132 -3.7689153704805314 -8.970448488677357 -3.179340076948586 -8.770618141900352 -2.579454820892507 -8.559360437433185 -1.9712081211446784 -8.342956026710127 -1.3696857264619535 -8.114212595307988 -0.7581762193691183 -7.896709840120324 -0.178170778314866 -7.689973075701206 0.41409146078827364 
5	0.7	200.003	9	10	10	10	10	3.9897153564176038	7.866960385862134	6.564471348579932 6.9711170187973455 6.857220380604358 7.550838044312177 7.159308492921787 8.118006393022142 7.484987592338211 8.67528171857161 7.8281981088216925 9.229879502894377 
6	0.7	200.003	9	10	10	10	10	4.663090628983028	10.142566605833178	8.695179444247403 10.256310666191936 8.977404503531007 10.830070253067412 9.227663140822273 11.423986548982505 9.431352641213103 12.041410275358784 9.59859364110747 12.679765737262834 9.748846947379423 13.331810636050411 
6	0.7	200.003	8	10	10	10	10	4.844119300306122	8.980453475124143	-14.091330614044871 8.265405680160693 -13.567772707024766 8.710649009148877 -13.036834961428376 9.148186395485626 -12.490473924643203 9.569252853686669 -11.930071290244195 9.96977330887728 -11.363999702978516 10.364737955514391 
7	0.7	200.003	8	10	10	10	10	5.5984543948872485	8.507331019166356	-11.521532055670164 11.718731925385043 -11.090582414387024 12.263927557205475 -10.656755418418467 12.808565846402987 -10.206948235127035 13.346082856625868 -9.736413600000962 13.867296785336107 -9.23293613060553 14.361023252434187 -8.71590203352177 14.831362034075228 
7	0.7	200.003	8	10	10	10	10	4.783563802396246	8.89151955384406	-7.2734703854576646 -1.5336398482312996 -6.843573606691926 -1.1656535318777772 -6.422825835367765 -0.8030225215365233 -5.963375685489174 -0.4652059895565156 -5.53043240361987 -0.09782480011037947 -5.07991953734946 0.24079050739562657 -4.642818872877315 0.591744818139524 
7	0.7	200.003	8	10	10	10	10	4.927456838227489	8.161083222982104	-3.9169461103612346 1.039080553838983 -3.463716048430649 1.3961112764684294 -3.005224657229597 1.7769064714162068 -2.5929462071048968 2.198137103453219 -2.2560697636129876 2.6777275741231548 -1.9839018463236386 3.1918122087709806 -1.7232713661107872 3.729257373352734 
5	0.7	200.003	9	10	10	10	10	4.148718575008067	7.445131269046811	14.8842061127525 2.5088002353152277 15.074857694470344 3.170325195061995 15.275931139024173 3.828009750685968 15.488240733208148 4.481183947835791 15.706339434224363 5.131296164600629 
6	0.7	200.003	9	10	10	10	10	4.777396733242796	8.009438121676016	15.112187593545148 6.3064498742660255 14.96372796236121 6.969370335885067 14.800307887301605 7.628272359587505 14.638103534098223 8.28267252827887 14.4854231150831 8.938127826795267 14.342245526200587 9.594682222664781 
6	0.7	200.003	9	10	10	10	10	4.701335371485666	8.542209380444005	14.093183825452385 -4.5103720834770336 14.323256697245082 -3.8946590779764523 14.57076224047921 -3.2857852399752923 14.843148618338459 -2.6858201106921284 15.136406488550177 -2.0928190092331542 15.446624709549438 -1.5031067759971304 
6	0.7	200.003	9	10	10	10	10	4.774241783173579	8.981908899477862	15.324122046304279 -0.24948601905918102 15.524094697762473 0.378054260874995 15.735417360209572 1.0094309575384643 15.96095102764854 1.6446364146287586 16.196835175497817 2.287382279341045 16.43383867264712 2.9365599770179185 
5	0.7	200.003	9	10	10	10	10	3.8498697573104637	7.835489712268481	-0.7598943506989227 15.517743938832247 -0.13667360835519066 15.437873226676272 0.46798700331320203 15.38308088102979 1.0734432195857944 15.35440986315282 1.681577511543603 15.341140029022837 
6	0.7	200.003	9	10	10	10	10	4.684987598490091	8.76748913890219	2.705474759897883 15.679148052278705 3.3274161361594423 15.784550043881879 3.960840521285494 15.894172774311649 4.607346732394238 16.006414227851828 5.268085178972354 16.11966012255597 5.943188196631319 16.234421298843703 
5	0.7	200.003	9	10	10	10	10	3.945547676732111	6.958113126529372	-11.084500443149544 6.369616422150552 -10.946736468957416 7.002577813652038 -10.819560172904351 7.617678598954903 -10.680532475458438 8.243770671179192 -10.542874270702756 8.856820159988104 
5	0.7	200.003	9	10	10	10	10	3.845534614379343	7.9496002604125255	-10.113411976832424 9.802680373366842 -9.966633057163605 10.393472459197932 -9.815939682754324 10.983127202001684 -9.660904767144412 11.57450125992613 -9.502500678182534 12.17063258280649 
6	0.7	200.003	8	10	10	10	10	4.715405920468685	7.650860224923882	-12.21224878212353 -17.172470249643347 -12.397883698202309 -16.50502583124027 -12.576196854800205 -15.842691180246781 -12.745896628761436 -15.19463710520274 -12.91478536176831 -14.567831781969588 -13.079416256865986 -13.972531352412076 
7	0.7	200.003	8	10	10	10	10	5.3217204840621015	8.614147858599338	-13.376666547775438 -13.056769948266247 -13.698499964768843 -12.535887044057745 -14.039082207053372 -11.99913820169857 -14.404228745180825 -11.456914097382194 -14.777629571942567 -10.908235319220315 -15.141670780949998 -10.332425309412196 -15.477877277890508 -9.746979768660845 
4	0.7	200.003	9	10	10	10	10	3.2390230020545046	6.099250340165592	-13.0352895514941 2.5748281685890313 -12.861450225152545 3.1853319858608757 -12.679268611897433 3.7744204600530256 -12.495172078171269 4.332473971171528 
4	0.7	200.003	9	10	10	10	10	3.192940264280569	5.591446422485166	-12.306432280542246 5.140196036831068 -12.28894037728831 5.727423585648134 -12.243952043076252 6.32822707305897 -12.159322655911835 6.925225206856497 
