N disks	Disks radius	time	Gen	ks	kt_bot	kt_par	kc	current length	div_length	X
11	0.7	200.003	8	10	10	10	1	8.365341457808873	8.734724942177834	4.076969806375368 12.411277981405766 4.587500610427902 11.934088292312365 5.095205040801645 11.454676554845133 5.597842879022096 10.96969448497427 6.095165715317837 10.4776827706025 6.587563303387969 9.985335686418901 7.081431214696691 9.499577640921352 7.581981683094816 9.02237901019653 8.089141709902174 8.550396394861409 8.601008005394888 8.0784900292641 9.11544178818391 7.602927772314922 
11	0.7	200.003	8	10	10	10	1	8.187507634813205	8.613545190400691	7.884070106659501 4.2281534392814235 8.403296458790063 3.772035262800473 8.91301476728808 3.323551810149383 9.413328564694186 2.878091833380225 9.912852002809112 2.4218733461164943 10.405752827630309 1.946002715893202 10.873438198979937 1.451288246608424 11.310388100884685 0.9391827931358152 11.727519833876677 0.4104574888336341 12.137189400347493 -0.12531616950971025 12.552511203793625 -0.6688583801820728 
8	0.7	200.003	8	10	10	10	1	6.162899346089532	7.561809729197574	-5.6811226977935085 10.160757357744506 -4.997603113494071 10.051153845091603 -4.319641555862989 9.94523514468527 -3.6445951555391285 9.835411059046844 -2.980119018024475 9.711376563167777 -2.323797321761036 9.572584614819707 -1.6653544195891825 9.423488788400288 -1.0042323600875065 9.270296413876277 
8	0.7	200.003	8	10	10	10	1	6.150139146500248	6.892820844091974	-0.6239746175989718 8.808863485623046 0.03522334463221943 8.653276857070821 0.6877141712082862 8.493478285487276 1.3334789425599265 8.319061327923944 1.9857290947047028 8.114743933733056 2.627275343732504 7.880965192151742 3.2558473515642015 7.625253126448507 3.887624989604836 7.354781263906176 
8	0.7	200.003	8	10	10	10	1	6.110748336545802	6.685130341493688	4.710933023143053 8.389469625191772 5.2462631218441285 7.96028802926523 5.772508007268671 7.535267204532713 6.2904666732266294 7.110090765332933 6.802266658339203 6.684478839902781 7.316363366944075 6.263213986635176 7.843739521512038 5.851574174508042 8.38684150734189 5.4444562561707235 
8	0.7	200.003	8	10	10	10	1	6.171976716185329	7.028781254543503	7.866607070522039 6.747933117643194 8.493863344041607 6.455670691430179 9.102827388168992 6.16228726409037 9.69635181277706 5.852264274982945 10.28528946233733 5.512912737730966 10.86731628907432 5.146764032226813 11.436213219345904 4.771983508056385 12.00702891343693 4.391820251153474 
10	0.7	200.003	8	10	10	10	1	7.563269970927566	8.296956026843256	7.841364635099219 2.0941533356843003 8.212068169610404 1.5127216994142931 8.585195238677704 0.9360820753539959 8.96862732206965 0.3659051452911901 9.371168350191079 -0.19485908117669778 9.792718039130925 -0.7397025851367416 10.221377512132818 -1.2592285888613646 10.660981332164164 -1.7654679250680037 11.116566558169833 -2.2718305014555225 11.585794570541625 -2.7851275122055545 
7	0.7	200.003	8	10	10	10	1	5.548056947374221	8.094095279012192	-8.300489714573922 11.778303715872811 -7.622254487581434 11.623802566265924 -6.946471431006886 11.472711855520831 -6.273016815614136 11.324591896784163 -5.601212293272201 11.175244379094993 -4.930741902711916 11.017816562732204 -4.257192018370626 10.852593332903458 
9	0.7	200.003	8	10	10	10	1	6.868309831555981	7.673008224311441	-4.28528915660049 11.758976975355987 -3.664287446802198 11.454559607076668 -3.0524457897351653 11.15208309602117 -2.4445514099969166 10.852215135442966 -1.835310652119808 10.552571485284144 -1.2246206751537279 10.249950926879908 -0.6137060396165188 9.939729340550684 -0.007082783292224824 9.623341791593536 0.6000153517121259 9.30282934655502 
11	0.7	200.003	8	10	10	10	1	8.179734114395556	8.63213416128114	-2.805646902224777 -0.6078270315056817 -2.3689618576117977 -1.1411415970557472 -1.9232762854846859 -1.658257791561151 -1.4633632972323631 -2.1536767507524788 -0.9880011213045592 -2.6379993418967107 -0.5100020583533804 -3.116077286613942 -0.037402485362548886 -3.593319982665188 0.43860017038282584 -4.080351849316771 0.9153919004722271 -4.566739581950502 1.385245160452252 -5.042290205078709 1.8606219938262907 -5.521255199666048 
9	0.7	200.003	8	10	10	10	1	6.784962358340346	7.323377818199241	-5.525888858698392 1.6802192900980712 -5.224597815345587 1.0732072811641875 -4.925709033410609 0.4829620792693657 -4.616742598290188 -0.09950759852453456 -4.288669162510945 -0.6798818336825085 -3.9296058067615856 -1.2646700395787283 -3.544209691289001 -1.8312432418699849 -3.1464554529842235 -2.3721706146732666 -2.736038162795105 -2.910308967743005 
9	0.7	200.003	8	10	10	10	1	6.822416341200684	7.668201434529834	1.942813799072142 0.641843909906199 2.479926327909841 0.24517579130712805 3.0171729081111494 -0.14860020475944868 3.5666554560168873 -0.5480373520777826 4.119461818416511 -0.9405888536015324 4.6770178933325 -1.3170000389807806 5.248765465195395 -1.681271142828976 5.833552359555333 -2.0401446258232814 6.428527399782425 -2.398382298139847 
9	0.7	200.003	8	10	10	10	1	6.889181639517776	9.43860456476369	-4.390281470018571 3.189557510603571 -3.960261978847667 2.6548718056433946 -3.5344373622043292 2.127902253545009 -3.1000421443815296 1.6027575276067172 -2.654215927901414 1.0872629543350545 -2.196862299170714 0.5852211227156723 -1.7157538211175793 0.09002419551933699 -1.2144855538295 -0.3917936813996765 -0.7034043894487608 -0.8666221551475708 
9	0.7	200.003	8	10	10	10	1	6.8141074474962835	9.368122748399259	-1.574883908233529 0.5096512013409265 -1.0123880843428936 0.10526955753966069 -0.44897745007692846 -0.295277043221388 0.11305055296775807 -0.6843926049785815 0.6749645067182896 -1.0534978586099493 1.2405125137833972 -1.4058613304530803 1.8079417202771453 -1.7486897151055019 2.377964822321775 -2.0913259333113694 2.95993162252441 -2.4426917810418756 
7	0.7	200.003	8	10	10	10	1	5.513218227295594	8.650294421353731	-6.774397982967821 -1.182357443528079 -6.487059589038476 -1.8165825797500081 -6.205921124443702 -2.456892495229695 -5.947726009333715 -3.091402942627577 -5.713713380191079 -3.72689316292506 -5.503482229060941 -4.363528110495812 -5.301529043740385 -5.018019311286812 
9	0.7	200.003	8	10	10	10	1	6.863037101292393	7.842457894691087	-4.785689388934615 -4.507174550202186 -4.879471088769691 -5.189804940828619 -4.979614317142993 -5.858299284964117 -5.0873362898864505 -6.527714510218353 -5.205018719518127 -7.206341389253937 -5.327242795000761 -7.87659158833343 -5.448416100735722 -8.543127820555751 -5.571075698490955 -9.218416954974181 -5.6949112297230196 -9.89330567101265 
7	0.7	200.003	8	10	10	10	1	5.553902362314911	7.459060398249409	-4.206525562119729 -5.896607996803043 -4.284820425262435 -6.578046030848653 -4.365247666945022 -7.256833825387047 -4.448353800120449 -7.943957772130798 -4.530836294849038 -8.631237431201361 -4.61160939442379 -9.328042652091531 -4.687790808370728 -10.022507806534149 
9	0.7	200.003	8	10	10	10	1	6.891892079783528	8.465533354706704	-3.9617086039679417 -9.019033081560611 -3.6615443669453924 -9.633351323415685 -3.3547945163335484 -10.236951905117996 -3.0276675689704424 -10.832441172455582 -2.67744175224319 -11.422233193468807 -2.309845846338501 -12.00431090635434 -1.9308686784100633 -12.579225232365715 -1.5444717406660529 -13.153854579956482 -1.154328988862015 -13.730521010195776 
11	0.7	200.003	8	10	10	10	1	8.245294823306098	8.940338325259981	-10.18916463092245 11.446888543237955 -9.579611197124587 11.11134416945761 -8.971947980083678 10.781167720366266 -8.362787458112386 10.461874109038572 -7.752047749092512 10.156823546944537 -7.139092325104327 9.86574366276194 -6.522891745308938 9.583980962381563 -5.899827119346775 9.303701296314607 -5.278442085660187 9.023932042451742 -4.662472238468344 8.740898911997112 -4.03872630445069 8.44870562633785 
11	0.7	200.003	8	10	10	10	1	8.248364220735793	9.25410069017011	-3.962898316023032 9.094998192756163 -3.388236957421397 8.717088334589372 -2.8253123537469955 8.345189680064776 -2.2544190912444684 7.96699990258898 -1.6792972693413373 7.58029048978994 -1.11231025921136 7.181411197865758 -0.5687648666463072 6.780677559968834 -0.026715802367909155 6.375010881985212 0.5239407000801964 5.968322040728678 1.0797616238823018 5.564085797182741 1.6393363823757787 5.159272667082908 
9	0.7	200.003	8	10	10	10	1	6.88507563255077	8.324216325806113	4.772978555132389 5.1061372975099335 5.450691708527038 5.083532950804802 6.132684662468277 5.070885334637156 6.845918243953147 5.066784501341696 7.52661364785553 5.051506902232735 8.205873817821715 5.0216503658383695 8.893369277102233 4.9776245061221065 9.568562908828067 4.917971682945404 10.249092607535756 4.847976738056143 
11	0.7	200.003	8	10	10	10	1	8.265648014476897	8.56845245566451	8.546639288111825 4.314982031996693 9.213481386025034 4.181660132736725 9.876242355098412 4.049518505075702 10.545452533460853 3.9121439609960005 11.210871510897556 3.7682326878530006 11.880566803545708 3.6219209050091474 12.551502684625136 3.4797121924633845 13.224585764994186 3.330958744831043 13.896855363212877 3.164014456943018 14.568460984675792 2.982615361972846 15.239873317829215 2.796175027183904 
7	0.7	200.003	8	10	10	10	1	5.554017283973009	7.536617724886572	0.29793842305430235 6.9602990374518745 0.827635627299827 6.516159727667383 1.350739122018443 6.068160398299985 1.8616271597224228 5.606870086264755 2.365127379970002 5.127691964925924 2.8634982551848958 4.648196253626248 3.368214820522954 4.164530544127472 
9	0.7	200.003	8	10	10	10	1	6.834395020662042	7.684955089792886	2.5832175948354243 5.6484409595571465 3.061572933200688 5.146305673916957 3.539887646111463 4.644567857511271 4.016594432539237 4.151404039466652 4.492391188692332 3.6873732396133594 4.986779503061452 3.242976338063994 5.501372703947754 2.8119161175048752 6.0305613281183446 2.3880508124483866 6.567099364152518 1.9652409904119048 
12	0.7	200.003	8	10	10	10	1	8.898807563935971	10.080365590894008	12.171118861961252 -1.0928925025599148 12.643699667935728 -1.5865012904818927 13.105025487501173 -2.0786808536336214 13.559751113612961 -2.581223723851898 14.001757829235904 -3.094042798523462 14.42958320405122 -3.619922667402748 14.848125063889887 -4.156997554353926 15.26579315450891 -4.696891783180307 15.689514005796793 -5.2341143319028784 16.11714918501557 -5.771744983130595 16.544815798859556 -6.307634668050203 16.97657306367433 -6.843155180959629 
10	0.7	200.003	8	10	10	10	1	7.526138850804889	8.850974579166689	8.108563257921363 -5.591793708745438 8.569777987964914 -6.11194182257322 9.02454447462507 -6.608514024247684 9.49038600218038 -7.082829809761193 9.977574416681174 -7.5410279286046 10.482751090654011 -7.985663020225569 11.003026160331865 -8.420262891004745 11.542073135062852 -8.84770940551439 12.093555009704806 -9.26460761773474 12.651215802896477 -9.677394282168354 
8	0.7	200.003	8	10	10	10	1	6.087708352377604	6.99939891363	-9.21780506866568 6.400354794995269 -8.944115144580087 5.776969187423092 -8.677016400808503 5.164899349534778 -8.412184033181164 4.556311318913899 -8.145604844144755 3.9468844225854336 -7.877420685866142 3.3348872234281703 -7.609948799429403 2.7223434492710656 -7.340947146515737 2.1047770644229282 
8	0.7	200.003	8	10	10	10	1	6.093261607254492	7.129852066987874	-7.138502775640111 1.5723642228429358 -6.686187952883681 1.0709762180725195 -6.242867683477596 0.5731688156336036 -5.811810379873449 0.07767876974366611 -5.389999330142293 -0.42284054832606094 -4.9674754017475635 -0.9430759285163747 -4.545734914420214 -1.481687878972639 -4.128030332453569 -2.025624894220609 
8	0.7	200.003	8	10	10	10	1	6.220333338766999	7.113578272581359	-1.5352276268763265 2.8681389352254154 -1.0241729832780533 2.400557961926029 -0.5238235121281235 1.926696476218716 -0.04582262752614668 1.432322706657615 0.397845728942042 0.9090599052725843 0.8038386040166114 0.3638106023877061 1.1978766934183762 -0.20585137381009888 1.5850393492953085 -0.7798410336959413 
8	0.7	200.003	8	10	10	10	1	6.186417788564388	8.29068431509076	1.3742538623913745 0.3682961433812632 1.7852977075495187 -0.18740536933037452 2.1912057212167197 -0.7310907278057909 2.60475027724475 -1.2639163944540284 3.037609283774436 -1.7896239160404286 3.48504695511557 -2.3132569212081293 3.933797010457263 -2.827962166336488 4.391524223144179 -3.3437984163370715 
8	0.7	200.003	8	10	10	10	1	6.113641739977449	7.778777412873142	-0.9603555255419817 -1.9045186069519733 -0.37513778408413384 -2.2405892759088184 0.19956588346718504 -2.5725167668315176 0.768515527347697 -2.9072725182746804 1.3358945771334902 -3.256292132846389 1.8975384982821284 -3.621905583299213 2.4649569674653375 -4.003904233386635 3.040563117680067 -4.39281693562182 
10	0.7	200.003	8	10	10	10	1	7.510475698488442	8.700615216864461	0.7128518862675934 -3.6334909907455826 1.2974328522343146 -3.9992775737889126 1.8816120475509281 -4.3532461425834565 2.4780827276619024 -4.69268651174014 3.0877522091675176 -5.020487594468537 3.6855292295326585 -5.335753323850683 4.27245697981918 -5.650780847685252 4.848669891634128 -5.970308846607057 5.426515235471387 -6.304132850100725 6.020260625863811 -6.657945742488285 
10	0.7	200.003	8	10	10	10	1	7.6667545118864595	8.195961769484576	10.653194330673818 9.050132406764552 11.06311404541258 8.482220008695135 11.475847123159074 7.919959753622829 11.89822042602234 7.368046026899737 12.332979912847314 6.826758107211801 12.776665407575512 6.291992346203569 13.223906250413677 5.758375328230378 13.670912308503507 5.221753567214079 14.114955038563107 4.685743736428226 14.558990089596712 4.152333056370671 
10	0.7	200.003	8	10	10	10	1	7.508663638559684	11.714556013709768	2.42673504781993 -5.304115961577875 2.9583649560260246 -5.728128884059357 3.4826991837663006 -6.155307150966452 3.9964675108782104 -6.593629976497029 4.49746129053279 -7.03886627866981 5.005650945319834 -7.490008261597293 5.523159035330852 -7.927850533936964 6.053399764880808 -8.350319766311875 6.595820200453443 -8.764024401218617 7.147472888109288 -9.177106535586123 
8	0.7	200.003	8	10	10	10	1	6.155851881882555	6.932955084260656	-6.078851787412702 7.170068300165381 -5.561154708366972 6.7263852745029205 -5.0499661959660855 6.282913603268775 -4.551628305580874 5.83418230939571 -4.068251289348781 5.372456144781521 -3.593317793400511 4.892331404963987 -3.1244119688023044 4.399222417884687 -2.6444496028083275 3.886334348939702 
10	0.7	200.003	8	10	10	10	1	7.550129210030676	8.805230049009342	-3.3407377665864564 5.510811993722803 -2.7792288583389566 5.115151757188124 -2.2085494265462806 4.713151433106851 -1.6354655707949424 4.311466504873782 -1.0702842466933782 3.9172937121282843 -0.5124165558796562 3.5218871495868025 0.03194891789228582 3.120234984631272 0.5605482060084988 2.7105936557619223 1.080562865821768 2.292188509260773 1.6078407623635815 1.8631253999623278 
8	0.7	200.003	8	10	10	10	1	6.289312225303911	9.162420353782707	-0.01950738487705815 -7.203261920042491 0.2588846234783665 -7.840976963693482 0.5370587517680608 -8.475466886031565 0.8344688522404301 -9.105586690415594 1.1723504233320206 -9.72546354366691 1.5431804052940554 -10.3211367579594 1.9349285675407917 -10.899346112819964 2.3354941323540226 -11.470765210523737 
10	0.7	200.003	8	10	10	10	1	7.54691985308625	7.954820464008182	1.3123231515773015 -8.951789444227973 1.849761953106171 -9.380614570814611 2.3832851450118846 -9.797739537615438 2.9237305482648517 -10.199299603655394 3.480119557732768 -10.581599206455131 4.052598875392654 -10.944847304012052 4.6386715470718265 -11.29418665087843 5.234847062535018 -11.635031657530496 5.838125542074822 -11.972324635771917 6.446375377593549 -12.309757505443844 
8	0.7	200.003	8	10	10	10	1	6.226931887555532	7.291201743232926	-5.26776335523426 -2.973845718599595 -4.6551994430957135 -3.2649604926107516 -4.038482401483268 -3.565145916874846 -3.4212318976473886 -3.8901581090426105 -2.8229202899473504 -4.2320878042038945 -2.2310435339629926 -4.582722219661881 -1.6353999812084634 -4.935541128239059 -1.0370049405602757 -5.290724083587414 
10	0.7	200.003	8	10	10	10	1	7.5315560023257095	9.234911842294053	-2.116934527262214 -3.98508542735465 -1.5274664938852396 -4.3416833319658785 -0.9462768064222877 -4.699654800316353 -0.3624323367473294 -5.060112379638228 0.22391483277178256 -5.401131569386186 0.8164297499629077 -5.710654732280842 1.4255980526598018 -5.992020242628955 2.0565896197290465 -6.253793601461033 2.6928252665354453 -6.5047440748450525 3.3344900653315124 -6.7557221655331405 
8	0.7	200.003	8	10	10	10	1	6.275215341962399	7.398272773437668	-5.883915766158573 12.628238172678289 -5.185941920150815 12.654434171968258 -4.486903764185256 12.678306245488528 -3.7868269804922043 12.695780781436428 -3.09177903587894 12.709082883757755 -2.3983392418931078 12.726087197356817 -1.704555571472579 12.748645421540111 -1.0109599293244391 12.77335948017974 
8	0.7	200.003	8	10	10	10	1	6.2012511522181875	7.378208306314013	-1.5654987544331416 11.738209891943885 -0.9779143081062128 11.379394281127967 -0.3986304980221335 11.01113842980293 0.16497701174123322 10.624012812322514 0.7073368559618833 10.210279373451137 1.2280433699498878 9.767605490108473 1.7356317078689942 9.305809664348985 2.242745469383713 8.83676428044219 
6	0.7	200.003	8	10	10	10	1	4.762551033745215	5.756113216956445	-10.754263116690696 5.070698688492314 -10.599502466925983 4.411731781224321 -10.439954107242006 3.7607918602405914 -10.270651491603145 3.1128777484286827 -10.095188709325384 2.46795503444644 -9.916018223358613 1.8146661358714207 
8	0.7	200.003	8	10	10	10	1	6.095373547829153	7.072690452624359	-9.71108684870939 1.34075620099181 -9.600371694747917 0.6803485568792639 -9.4878366093554 0.027552884198278966 -9.373914296441788 -0.6221774392848117 -9.256926489613708 -1.2756702797864299 -9.1287714279071 -1.9381251278398246 -8.985675021542706 -2.6013328309158013 -8.831565357104619 -3.2704083964357245 
6	0.7	200.003	8	10	10	10	1	4.816874198070312	6.025493672038015	-8.53886858283195 -1.4460965153613574 -8.345843915370358 -2.1127315557866657 -8.151889431690918 -2.7748813064269533 -7.958565278087195 -3.4286366393720207 -7.770169522264499 -4.0703645995135735 -7.580233690351747 -4.725729736819138 
8	0.7	200.003	8	10	10	10	1	6.211423424636079	7.34406319394732	-7.026802847656727 -4.363972318050165 -6.90770178505802 -5.048247553767904 -6.789720321021263 -5.7224674376550455 -6.67399649192935 -6.40296422721231 -6.566058776231746 -7.090346085974379 -6.468375365824555 -7.762847903133493 -6.376257091495422 -8.432921982167382 -6.285740007415353 -9.117351078012847 
9	0.7	200.003	8	10	10	10	1	6.850594365005554	9.573033501167949	-5.5365318625185305 4.063057188147745 -5.295394007115672 3.418085459420048 -5.051887588403275 2.7632505422635836 -4.793787055336509 2.107514248875655 -4.5104018643126125 1.4789255620353756 -4.199236960034369 0.8824992690086157 -3.865981791095147 0.3115045650995856 -3.5199022245648655 -0.24555641526333438 -3.156561903875529 -0.8197529118247728 
9	0.7	200.003	8	10	10	10	1	6.8606651474213365	10.028362144856601	-3.638713211175354 -0.8872078398182535 -3.152926380953579 -1.3907222342876913 -2.6784473018589 -1.8779977991302392 -2.2040703411546114 -2.3597386983304434 -1.7282006780609112 -2.840218712300351 -1.247924021601703 -3.324652215021924 -0.7715890157274028 -3.8088049508162407 -0.2953923030282445 -4.291406488700017 0.1897402951469191 -4.780945503874315 
9	0.7	200.003	8	10	10	10	1	6.952844174803504	8.741719077547753	0.8598400371272056 13.137324251042417 1.426707611958891 12.729399674365677 1.9918048658013636 12.321724731856767 2.5543297183880433 11.913104970349025 3.113453881460264 11.502342241388128 3.669284239683645 11.089038238677013 4.22254826567053 10.6739152438569 4.774446560636699 10.259235228670532 5.3297575507600286 9.843102339690224 
9	0.7	200.003	8	10	10	10	1	6.826306810469635	8.758816838165012	3.682439078179348 9.625759847350086 4.301658532119918 9.355961411340905 4.924817550799319 9.08233003878321 5.5461973610924575 8.795340855736029 6.147934490760565 8.489424399643315 6.734880652943053 8.162486725337418 7.313762785728465 7.82357149433615 7.896242533593191 7.480712338259038 8.494171258532527 7.131898436502485 
11	0.7	200.003	8	10	10	10	1	8.275310671898183	9.741215718869283	-3.1262606007222336 6.840008276565294 -2.479620491728125 6.593670859474262 -1.8336307271876005 6.342045558556519 -1.2012100251222726 6.07522130730987 -0.5884178084499219 5.783037951508864 0.013450894407186716 5.46272840408014 0.6098830514724941 5.1240128713252355 1.208149280875004 4.779768465097151 1.8075401499529336 4.442564807609625 2.4057930694352203 4.110354998613385 3.013401458416477 3.773337768380427 
11	0.7	200.003	8	10	10	10	1	8.24448284515411	9.577076011497866	1.420543894842627 3.9327448213457235 2.05610007370508 3.6670034059896124 2.6969907132165973 3.394377540383825 3.3319900123218025 3.1123528647906253 3.9411173006707583 2.8148410083661863 4.5320044948763725 2.497118035720629 5.117267071942877 2.1629931070717174 5.706681381374079 1.8098613430941848 6.291167452825954 1.4404591367555282 6.858360501013395 1.0634935722998455 7.420058334878468 0.676616972882282 
9	0.7	200.003	8	10	10	10	1	6.795164735913261	7.124196047401382	-3.801621866700767 -4.186224658998931 -3.355633990773805 -4.696808465435186 -2.9182250522239435 -5.19269276856706 -2.471264093072223 -5.6912285626530625 -2.006905261293397 -6.198608103359797 -1.5475982906711856 -6.692350358529724 -1.0966497054546978 -7.1757380674438265 -0.6411144988118703 -7.669704852952211 -0.17586262082646714 -8.180968752716657 
9	0.7	200.003	8	10	10	10	1	6.91648238228964	7.925573032757541	-1.1404915622160288 -8.074621368801008 -0.7567186000939193 -8.651346261846049 -0.3806495488895033 -9.2223240188726 -0.014232119633146318 -9.797859730832442 0.34408666720814635 -10.38336178622472 0.6979417269715293 -10.974639270559752 1.0530385261713566 -11.56800092908788 1.4128162377768272 -12.161756292375058 1.7763224200251289 -12.755866721510424 
9	0.7	200.003	8	10	10	10	1	6.92425115139689	8.78991587337999	-9.17041905894014 2.3707961248691065 -8.96661149944698 1.7171854343347301 -8.761914772942944 1.0621261459710039 -8.541583451461815 0.38982633520665877 -8.308094380042455 -0.2611670252768284 -8.070366232146666 -0.8928875231215735 -7.837074171239627 -1.5326463429188364 -7.610663072510201 -2.192242317429951 -7.388028398992627 -2.8568555281943953 
9	0.7	200.003	8	10	10	10	1	6.864871331028629	8.673390360948328	-7.157573174237372 -1.7712172230259886 -6.949416875910136 -2.440553671722315 -6.743488974973782 -3.0995308843148033 -6.539594047959059 -3.7442422983195645 -6.336750062033353 -4.39417635393035 -6.147309900103256 -5.04899497313029 -5.978062701840803 -5.703258536457287 -5.825786227473378 -6.360221603501918 -5.680332327736563 -7.029214684722673 
9	0.7	200.003	8	10	10	10	1	6.845512192596194	8.168274080684366	-8.95115836618092 8.313806467429043 -8.414423478444998 7.879581151265935 -7.882810305073543 7.4517790230917385 -7.351511383188591 7.0287099988272805 -6.81820048306127 6.612432802044899 -6.279027153133977 6.201305708500913 -5.737580778291844 5.795144031762148 -5.191735224548439 5.389751143092266 -4.643207668515454 4.984082444210094 
9	0.7	200.003	8	10	10	10	1	6.90827554935197	8.15854200542433	-4.132112560838501 4.46111254970906 -3.6325963508398997 3.988257654723972 -3.1254345108735153 3.509475911936782 -2.619673043355444 3.035823942626734 -2.120034743379134 2.56716321163237 -1.6176203842715455 2.1041814357508577 -1.1059037228218536 1.6518338175028207 -0.5834569885717027 1.2058678149154936 -0.05399654236331493 0.7604044393564037 
9	0.7	200.003	8	10	10	10	1	6.769108038075453	8.52316649502391	-2.7048114559126364 4.2601767728906745 -2.143279426118222 3.864943595186056 -1.5980912329702965 3.4842442651541843 -1.0472332323946825 3.096449717148529 -0.5027280286998143 2.69619905069251 0.0267023873852224 2.2845775737148686 0.5433895121244192 1.8645857247349948 1.0541512749861766 1.4421872624971948 1.5705592702690883 1.0172657408999075 
9	0.7	200.003	8	10	10	10	1	6.718900045398012	8.426053922177546	2.028700727386751 1.5669358156901647 2.5380521269335445 1.1444758517391111 3.044652382698924 0.7280589955130311 3.5639191904289675 0.31447522731621824 4.093727971211139 -0.0887209753055916 4.634857864216742 -0.47732797247123027 5.188795614845335 -0.850982070629236 5.749889474527412 -1.2112121174177153 6.317773744879137 -1.5678384754478887 
7	0.7	200.003	8	10	10	10	1	5.438433662558863	7.132710050980492	-10.756935387365823 2.0783155026697995 -10.67128689675804 1.396085409011305 -10.585588574186009 0.7249012159141998 -10.498193956675408 0.0606101121538438 -10.406627280407553 -0.60093696094322 -10.309420800898637 -1.259928552392202 -10.206605619702259 -1.9222189709309578 
9	0.7	200.003	8	10	10	10	1	6.813922078569265	8.530697189835543	-10.244372186413832 -2.4305922831742857 -9.83774523479405 -2.972347717247622 -9.43028261674814 -3.5121029356331195 -9.022120352676998 -4.049177168643278 -8.622088055906442 -4.587372573734505 -8.230707841456391 -5.14204408488436 -7.85769206645797 -5.705945813756524 -7.500489114318435 -6.278118852583565 -7.145363918381056 -6.864604181818968 
7	0.7	200.003	8	10	10	10	1	5.505432759062225	8.583544363375887	-10.261240974452043 7.299615653947755 -10.09659803636839 6.632387690430328 -9.935562394496987 5.963457489678277 -9.780110753653448 5.29721449851645 -9.6337965624303 4.634986529298644 -9.498798330791658 3.9709779853284086 -9.36896493379828 3.293077926395755 
7	0.7	200.003	8	10	10	10	1	5.491169750011416	7.759515200144303	-8.944909579082562 3.5954850356155528 -8.63468957992769 2.9832591058912428 -8.31868039331825 2.381763261776103 -7.986368180998351 1.792252506709739 -7.630802915181867 1.2143836226852684 -7.254223496312524 0.6455069529103921 -6.866221077463468 0.07743651219348703 
6	0.7	200.003	8	10	10	10	1	4.791599341219233	5.954261732757011	-11.473380727188442 -1.8625054191777337 -11.191658210499149 -2.4843648144786314 -10.896461096617855 -3.0958015914709427 -10.576861355821183 -3.6917274177601747 -10.236861000119784 -4.273432436945448 -9.884527638554873 -4.854958122432057 
7	0.7	200.003	8	10	10	10	1	5.490317918314256	7.369620313509646	-10.489749537305288 -5.273904708960601 -10.14508149014957 -5.86064037673165 -9.803674567212596 -6.44282560146819 -9.463117748979915 -7.029449024208363 -9.123702739416396 -7.620752840593367 -8.784547954204266 -8.216424304280027 -8.44427821542131 -8.815962749196053 
7	0.7	200.003	8	10	10	10	1	5.498232675138867	8.38405045823089	-5.983459049125891 5.089854539246212 -5.4526450678838945 4.661252115410712 -4.921389331646012 4.2306691687901266 -4.394610111209043 3.8020013373871655 -3.8621553127711277 3.370094337418754 -3.327379789453357 2.942606878545783 -2.790694107497365 2.5205720234056685 
7	0.7	200.003	8	10	10	10	1	5.48613918246768	7.534321220788085	-2.740721817069577 2.010111586310264 -2.1858423654069634 1.6287507489083302 -1.6372984217414501 1.2485543878490013 -1.0803896295151778 0.8553390086578203 -0.5210792828538038 0.44957479052864646 0.031902110069218906 0.03922690327956892 0.5773789908201292 -0.373608215315771 
12	0.7	200.003	8	10	10	10	1	8.811041764293895	10.579680078494711	2.900272814780106 -0.6775604773715856 3.355863312293944 -1.1908727567640605 3.799975631570652 -1.7019610873822473 4.234427167708258 -2.219107746080986 4.672423803510069 -2.746095280894236 5.110256166125353 -3.2633361068508786 5.5548968342004255 -3.756262608524656 6.024335536982441 -4.224268056589494 6.51478779632305 -4.671916646399341 7.013117571079137 -5.109635389862756 7.513889127580282 -5.550602096901781 8.027601828326146 -6.00829676866246 
12	0.7	200.003	8	10	10	10	1	8.80036899735981	9.360986331323902	5.97109654397516 -3.381744043961396 6.55238872303906 -3.7433415491514106 7.121644578133876 -4.10382079087488 7.6809353736690325 -4.469345634523941 8.234426540596502 -4.847299098430279 8.784821262451848 -5.244377035838608 9.32469044669102 -5.649910726135549 9.861294408289776 -6.050767043881901 10.405785756745974 -6.436863792703107 10.963607756261533 -6.8013826968804025 11.535178642586283 -7.145090819981564 12.124759888669658 -7.482146026468306 
7	0.7	200.003	8	10	10	10	1	5.518658365414144	6.874770967837614	-13.164740441905408 9.639270654886424 -13.007649343374746 8.962078590353018 -12.856006856137158 8.288215053327157 -12.713192714257241 7.616177137359609 -12.582524983953698 6.946364450273105 -12.464891631531167 6.277919743474704 -12.352455627224447 5.602647496024272 
7	0.7	200.003	8	10	10	10	1	5.511805221681948	8.484631253137323	-12.991330755762354 5.167664597631586 -12.889781937476702 4.487579433187045 -12.789112589459743 3.8116169493231826 -12.68183496008923 3.136382222193759 -12.562781687681436 2.4654495230145868 -12.433911301966594 1.7949405136914698 -12.300284115808203 1.1150836524821668 
7	0.7	200.003	8	10	10	10	1	5.495926222398275	6.5093434308501426	-0.2035824058289668 12.302015741943666 0.3637155002386933 11.915991114884475 0.9311309745963668 11.534729579070298 1.5009633722444573 11.162194093006686 2.0751428885732635 10.799879590911587 2.6564963350058934 10.441308059681797 3.238864089416314 10.083778438133548 
9	0.7	200.003	8	10	10	10	1	6.868105125358346	8.304982246646036	2.019514818637283 9.912919278173709 2.520249340788471 9.430102514127467 3.0152564742592673 8.952673425962823 3.502494209143626 8.484659751343889 3.994100902625611 8.014395997617505 4.497153670027051 7.540948066121708 5.002041853309691 7.088465607342251 5.518238559230586 6.651966146334108 6.047869087257398 6.219009312058193 
7	0.7	200.003	8	10	10	10	1	5.413916455643156	6.416223172336508	-2.2283253815585913 8.730286051307433 -1.6139255872850398 8.434417842349545 -1.0064877769271905 8.145796363571705 -0.4033395151863914 7.867421199889916 0.19653686622747693 7.597877918065185 0.8012809264299972 7.325407825825796 1.4146553463620066 7.045466317236215 
9	0.7	200.003	8	10	10	10	1	6.779884466465921	7.333221203074036	1.5019643089942607 7.650684118209452 2.116698626053591 7.3271315242762745 2.7213177789223932 7.01383622885436 3.3238374058253677 6.714742726449622 3.9255412081015986 6.435444233235626 4.5278334785357215 6.181975537061458 5.1438643350418625 5.953741436085044 5.784271278112097 5.7478693688644835 6.44194896387938 5.555960392660659 
5	0.7	200.003	8	10	10	10	1	4.1696237585832865	7.499915901893832	-15.315989559852657 4.117545964745943 -15.21678103030263 3.4282346587068426 -15.116273812037814 2.742385708348925 -15.012030588452822 2.059599720901326 -14.903391690169856 1.3788763780505946 
7	0.7	200.003	8	10	10	10	1	5.494887982585105	7.097208038030202	-13.2120680100045 1.5517485253454566 -13.050033336775963 0.8776178273040859 -12.886423009997417 0.21815802164609827 -12.717198953712384 -0.43281383356112013 -12.538879114948283 -1.0872924206683947 -12.351839723161792 -1.742921332562388 -12.156911624205968 -2.4041624730287388 
7	0.7	200.003	8	10	10	10	1	5.554420450997398	7.143410325577193	-4.462205110692891 -4.081625740482697 -4.168112555435484 -4.723838308407768 -3.885307574254906 -5.35327198532292 -3.613344064739614 -5.985416594037852 -3.3491810700263747 -6.620302598720107 -3.0859101830089757 -7.255355633404627 -2.8181085591053505 -7.896415400432428 
7	0.7	200.003	8	10	10	10	1	5.435723225244743	8.908028499804466	-2.8104777780310854 -6.149920308588028 -2.5292243571045425 -6.775026159168035 -2.260581206107622 -7.3957994878476825 -2.0077384308201567 -8.015874475348921 -1.7630835055160814 -8.636402527030754 -1.5174293074580205 -9.255365094397792 -1.2680053957072965 -9.878566954448731 
7	0.7	200.003	8	10	10	10	1	5.517445488728896	7.300519663081223	-3.77801624325153 -7.56087885204053 -3.411963058163423 -8.141347287489008 -3.048937400653546 -8.718664081283539 -2.694412226300613 -9.297479974488885 -2.3469095664642636 -9.886884014035674 -2.0022204217993917 -10.48584386713239 -1.6572438883839171 -11.089397331568007 
7	0.7	200.003	8	10	10	10	1	5.491814122703843	8.539968659446059	-0.9153483796805837 -10.255276266103326 -0.643132860680919 -10.87559927402757 -0.3677990504588828 -11.490102434694274 -0.0824041705885068 -12.10375991481066 0.21345186883730205 -12.718426817508156 0.5170761912817029 -13.335880431122177 0.8252484830887585 -13.957725227666968 
7	0.7	200.003	8	10	10	10	1	5.462006686286504	7.099633556316562	-8.4508278059623 0.7235863678171474 -7.903262484765375 0.3067449597502866 -7.35674482243472 -0.0950510531906173 -6.799777278669938 -0.4759548340623583 -6.237994873789881 -0.839779306108068 -5.67515720168206 -1.2049512912289595 -5.107106488771057 -1.5796918141848895 
8	0.7	200.003	8	10	10	10	1	6.086510311855902	8.11868770979684	-6.026826137190923 -1.8234005596563776 -5.426463180847734 -2.119022501585076 -4.829053609538642 -2.4036777806667633 -4.225038003693222 -2.678657568324727 -3.6167122048408347 -2.9406443629299304 -2.996520345597797 -3.1906316974589055 -2.362660769312293 -3.426634507193279 -1.7183485659034576 -3.657713648353195 
10	0.7	200.003	8	10	10	10	1	7.382471219023657	10.225115112518605	1.6445708356293716 6.75681155851195 2.2190034384006916 6.431134050099402 2.784709611892767 6.0976382061198455 3.340885938622195 5.7362726583186605 3.8699731466559184 5.347113110812067 4.381121637187983 4.926698582387496 4.887661964822392 4.479968013503898 5.373212200789955 4.029258896571446 5.850523225151401 3.567294464776504 6.3352984098829115 3.0884145132461485 
10	0.7	200.003	8	10	10	10	1	7.481449521967059	9.134625267882479	6.630127086340735 4.928028791654275 7.032705255992577 4.380975250603402 7.425737949506289 3.844503430130466 7.820813563860978 3.3077853186025483 8.21414594498964 2.773022590035848 8.600968902159044 2.2265231782579797 8.972336909378733 1.665286597103326 9.33429263335601 1.0863868963252454 9.691905621920139 0.4979495979506537 10.049697952094338 -0.09560987803783316 
7	0.7	200.003	8	10	10	10	1	5.470920023209551	7.128826847549758	-11.24595293180031 9.624735737072365 -10.789337089817227 9.121183895662432 -10.336687494573441 8.624331505782663 -9.882489138097936 8.128370100697895 -9.42063315995999 7.626716621450035 -8.956963725645814 7.128137492672889 -8.489531721173579 6.629071044206979 
8	0.7	200.003	8	10	10	10	1	6.107295218032522	9.23212153919383	-7.9536332438059505 6.37692533353727 -7.7682137933276065 5.7323927951912195 -7.58006572669857 5.092719006807558 -7.386127902388933 4.455570873050146 -7.18783015530117 3.8192380755750017 -6.985780833006727 3.1796773669747416 -6.777364811890531 2.532043981408822 -6.565585033756835 1.8792713969201804 
8	0.7	200.003	8	10	10	10	1	6.274400547535315	10.790480143179973	-15.24873098807354 -1.348876477577702 -14.866659659709304 -1.9329829191795 -14.486614647671553 -2.517082481201701 -14.105262084464893 -3.1016792202201224 -13.72055349467178 -3.6832563439213812 -13.33364622751889 -4.261853590426808 -12.946919002992491 -4.838984760012305 -12.561692004956505 -5.415682475650711 
8	0.7	200.003	8	10	10	10	1	6.236538322091505	7.264445625278929	-11.601569826230618 -5.818288259945747 -11.241888867592962 -6.4036824756737065 -10.884627086071754 -6.991485130268195 -10.531038387384072 -7.5830957481375165 -10.181393471198183 -8.178743592724862 -9.835011151723108 -8.778109863756363 -9.490621442782219 -9.38056260882588 -9.14689919689024 -9.985201519607775 
8	0.7	200.003	8	10	10	10	1	6.155033083865067	7.719893541584364	-9.24053852019477 -5.178890133587899 -8.903844779018648 -5.771548050456777 -8.567365811919696 -6.360798462427419 -8.23225928982411 -6.949935381049026 -7.902653270535077 -7.5419356169474625 -7.584860772692348 -8.13749855175559 -7.275074167448852 -8.741581349592812 -6.963668829487113 -9.352359419274004 
8	0.7	200.003	8	10	10	10	1	6.244691398152169	7.976872823870368	-8.048440534807606 -9.880200885033874 -7.4174386099962835 -10.165194256425298 -6.783755491133959 -10.447307077490198 -6.149148036728706 -10.724971177972956 -5.511960184566848 -10.999597840488077 -4.8774037956993945 -11.273301465109451 -4.24561210710517 -11.5515698651572 -3.6160415627420344 -11.835664165953808 
6	0.7	200.003	8	10	10	10	1	4.872713883912754	7.213562438257727	-16.052589790085516 1.1154672941679415 -15.547759591419934 0.6294359895326781 -15.044448231926722 0.1458979867871399 -14.547389522869826 -0.33748805302926677 -14.057930811460102 -0.8263690202106005 -13.575639287533509 -1.3182224567812144 
6	0.7	200.003	8	10	10	10	1	4.8155795172991045	6.074222597449957	-13.274475009104581 -2.3713980427919887 -12.835266346002147 -2.907771380415294 -12.399324270929242 -3.4399969853085572 -11.972315865852408 -3.968398892380008 -11.552298145794426 -4.498889823209043 -11.133973988368032 -5.032890102297609 
9	0.7	200.003	8	10	10	10	1	6.876935558332725	8.81703291008119	-11.053773208685831 10.616810667787101 -10.456674229894396 10.257340451000056 -9.865364610335849 9.901602917680773 -9.27930081005402 9.548618776478499 -8.699204875251512 9.190247194849661 -8.131211525945202 8.81335018650319 -7.5826490004626645 8.413701961566362 -7.043228742713486 7.995116168523961 -6.509200061391947 7.5729549559688065 
9	0.7	200.003	8	10	10	10	1	6.869630291840615	7.933539212505043	-6.822966991264502 8.673027012831344 -6.179549559803874 8.426048935306877 -5.537828063767821 8.187656488041258 -4.88816012390221 7.960627848052339 -4.235632263609912 7.750268949516777 -3.591436806691237 7.558220515764884 -2.94489518803153 7.372113378732826 -2.2873774658792763 7.18009547769506 -1.624005068346273 6.982805480737558 
6	0.7	200.003	9	10	10	10	1	4.880380057714834	7.059949421050639	7.878511269047765 10.581534756078442 8.344284443706831 10.061054237207857 8.806977651715018 9.539702832730143 9.263708733902709 9.015035867479897 9.713265409981524 8.485889228072548 10.159611642813896 7.9532708218147405 
6	0.7	200.003	9	10	10	10	1	4.877365059454805	7.695313127187362	10.228950905605798 6.999620996248145 10.762423980659014 6.5612176518200105 11.291066414478438 6.114997910897321 11.812235606807581 5.655670912044813 12.32653939045876 5.182398291998466 12.83644473813146 4.700696292403103 
10	0.7	200.003	8	10	10	10	1	7.576007743683858	8.470917185564277	-5.889946878371745 3.3773248692708537 -5.3855728352941945 2.9050863832231992 -4.871233437097392 2.4277002792973574 -4.363050062929817 1.9437279518518733 -3.87982712911127 1.4539515364803217 -3.417579137800678 0.9559502842438837 -2.9743894561155995 0.45225849839076254 -2.54508175481957 -0.06268180863338418 -2.123598891742842 -0.5967542796159047 -1.7044670421273103 -1.1478412902207615 
11	0.7	200.003	8	10	10	10	1	8.216001464478015	10.005458630042277	-1.5294041807256893 -0.872594196106953 -0.9200718270764493 -1.1853396007173158 -0.3168013022548391 -1.4864186270304944 0.28006629653251514 -1.7822343099982223 0.8783257852591794 -2.0795005519811616 1.479459915369763 -2.37647342893221 2.0840058338235337 -2.670409956298311 2.7008025389845565 -2.967827365677847 3.3244176728747306 -3.2768404038318737 3.9422935282042153 -3.5984690540309097 4.562916313895585 -3.927944671297287 
5	0.7	200.003	8	10	10	10	1	4.121544882027852	8.318999791544297	-11.624706310077572 5.849434120948085 -11.654549103661465 5.160028807910826 -11.683403838058641 4.483304133380047 -11.712818602636025 3.812765305408385 -11.745770426282968 3.130589989755745 
7	0.7	200.003	8	10	10	10	1	5.514769318271991	7.161909647189883	-11.305284604160462 3.0811353058162343 -11.38848021934589 2.3969916006221337 -11.458010997859201 1.7118509262000827 -11.505632029099731 1.0212406397804117 -11.52972933391457 0.33681248654172563 -11.532397407661797 -0.3417422541443653 -11.523799250376742 -1.0229514748560902 
7	0.7	200.003	8	10	10	10	1	5.569400359042275	10.84591720810306	-14.714203391233829 10.583515494995023 -14.552208589593196 9.903964587154183 -14.389622691273043 9.226005707594567 -14.224283756240833 8.550418892311678 -14.05486117744827 7.8775046261515 -13.880855557367772 7.2071618356961205 -13.703235912465171 6.538730460790684 
8	0.7	200.003	8	10	10	10	1	6.256620200224711	9.171889440913267	-14.165822441370514 5.771621001113097 -14.091540842667605 5.085070110755073 -14.020987608580704 4.397533731145628 -13.960748836125836 3.7099929058602625 -13.918688230269074 3.021789456009179 -13.900239734603419 2.332079656755006 -13.9032032425983 1.6334678879587992 -13.916429213359452 0.9269127983870317 
4	0.7	200.003	9	10	10	10	1	3.4274714828253003	6.548113565315173	-6.935592745545873 5.823118646755262 -6.733067204364024 5.1737023700594325 -6.533813251348595 4.528368175329014 -6.336951361205567 3.8860454719947684 
4	0.7	200.003	9	10	10	10	1	3.4551693684166187	8.67987004414449	-6.312967496684581 3.117298603911299 -6.141415986556044 2.454784788522766 -5.977521584294371 1.7944995925488922 -5.816153843432921 1.1231372095951133 
4	0.7	200.003	8	10	10	10	1	3.4740979059111434	6.383740998071056	-12.707157420361398 11.476489668936823 -12.450048030361101 10.831437079969369 -12.196717335771018 10.190638666010955 -11.944942712944803 9.547530418564802 
5	0.7	200.003	8	10	10	10	1	4.130941154199752	7.092572477265492	-11.72943223877835 8.520666434666426 -11.519058765959668 7.871104523597491 -11.309919319848134 7.2237176858638685 -11.096091194721494 6.577437101123261 -10.875201464329137 5.9268153492547455 
5	0.7	200.003	9	10	10	10	1	4.095938128091044	8.329189030682988	10.039795218598986 3.373837061665541 10.606680084396773 2.9929903193057585 11.161406000119902 2.6148023368778697 11.70813149409784 2.2326034594397424 12.257947953687102 1.8418054569825126 
6	0.7	200.003	9	10	10	10	1	4.825611395912839	8.783101767197133	12.397431784051392 1.1658636581521136 12.756731574388246 0.5803084368430219 13.112946403801446 -0.007006123369480457 13.461893432855451 -0.5972277372745101 13.80220414149148 -1.1865338223617297 14.141422951960418 -1.7822723848952648 
5	0.7	200.003	9	10	10	10	1	4.15447081781695	7.713096973270004	-2.1395716867262684 5.24315970850379 -1.542778688747399 4.889665702561237 -0.9500554219610774 4.537833742835657 -0.36019387137276193 4.186779930396324 0.22846985893254443 3.8362190743410185 
5	0.7	200.003	9	10	10	10	1	4.159610451356002	6.782763215797582	0.7969799120520045 3.4649665407890184 1.4279329311904791 3.2096338753041898 2.0679842691872583 2.951691746586077 2.7121497959928518 2.693141715587691 3.3575936330123235 2.436046628258277 
6	0.7	200.003	9	10	10	10	1	4.8057867802766285	8.187496996647882	9.746956117054271 1.7593571830548165 10.101224273031766 1.164900469805735 10.44786348349552 0.5717886513759887 10.78222367220602 -0.02292624640835451 11.102578400536355 -0.6129065034991772 11.419860460471236 -1.2066321786458631 
6	0.7	200.003	9	10	10	10	1	4.8373039591948	10.573374824588855	11.793334327981455 -1.9364829597895186 12.211627347469507 -2.4848717653951398 12.62695688641416 -3.0270147038956314 13.047186956936766 -3.5661556319678365 13.47429919534752 -4.110120733345242 13.901612362079767 -4.651203813342643 
5	0.7	200.003	9	10	10	10	1	4.069075644322822	6.049356071134213	6.716578356263256 -1.8553410243770014 7.275008586329407 -2.2253206306227735 7.829382391112048 -2.58527299626346 8.393768289294952 -2.9413394156656314 8.963641798763476 -3.29539437897527 
6	0.7	200.003	9	10	10	10	1	4.824141180490123	9.07036717972348	9.501304519411795 -3.0661114526459237 10.13503731617677 -3.3263665402467786 10.773676279514259 -3.582692070826549 11.418845817889078 -3.8310813709081537 12.052537538802769 -4.072429261632981 12.6882411792713 -4.31793306737667 
5	0.7	200.003	9	10	10	10	1	4.177092212507198	8.451159035714682	1.494561214807761 -8.212949466500335 2.0933792332824144 -8.570006485874048 2.691698188711217 -8.924213608049982 3.290367041163021 -9.274468296291637 3.8881522223707345 -9.621066308056445 
5	0.7	200.003	9	10	10	10	1	4.176103878902501	8.129660085549013	4.677449682572115 -9.952812204224863 5.279798553122965 -10.28815513386402 5.885682622673181 -10.623744599916698 6.4950677838200015 -10.95925557829712 7.107372351024586 -11.295267528678083 
5	0.7	200.003	9	10	10	10	1	4.117918374428682	9.164189288580296	11.369080154366673 -5.837036943471576 11.971551683156786 -6.15441018967537 12.571565730426395 -6.4719530729755705 13.169487823102427 -6.791471336583351 13.768646985554938 -7.113392068833829 
6	0.7	200.003	9	10	10	10	1	4.840010962370439	7.949316838446061	14.467568090682589 -6.982644622928755 15.108281539553937 -7.22450250494771 15.748414986805928 -7.467130722012914 16.39035205958299 -7.712034602412274 17.038161359560355 -7.954457525935432 17.687314142724663 -8.19373054471778 
6	0.7	200.003	9	10	10	10	1	4.84492622569024	8.80306620660948	15.887798505306703 -0.935632044839211 16.213357615690104 -1.540386542411744 16.538334582005508 -2.1460799560767487 16.863176061979534 -2.7533438195603703 17.188885285908302 -3.361851967692801 17.516114476320286 -3.971433954763584 
6	0.7	200.003	9	10	10	10	1	4.884171461314799	8.954588929242831	17.22366814009925 -4.9470636212161185 17.57831199110081 -5.543709784959019 17.929426020426124 -6.144141326147438 18.27535641440356 -6.749620068252666 18.61737793446575 -7.357566649051436 18.958388774820286 -7.96847700964215 
5	0.7	200.003	9	10	10	10	1	4.169971502124248	11.55786263197917	1.6148437696773486 -6.776846227951942 2.259702431766923 -7.0367356011834525 2.9053584968658703 -7.2956914458593065 3.548537527797209 -7.550929782844305 4.187452757910739 -7.8036727627358955 
6	0.7	200.003	9	10	10	10	1	4.85931468551382	8.151467954000097	4.62214795971842 -8.646638343649167 5.211146022992375 -8.986899612545452 5.807715733629786 -9.32526073301113 6.41658006360753 -9.658238111350167 7.037328940648771 -9.983394368508902 7.65905244388934 -10.301836947040762 
5	0.7	200.003	9	10	10	10	1	4.119357766326351	8.083455646304365	13.279347549624898 1.397792906224073 13.729654320122492 0.8848658233588581 14.1745682986493 0.37310747742403166 14.615428279033107 -0.14255758250682793 15.055675595790664 -0.66114991849569 
5	0.7	200.003	9	10	10	10	1	4.154217127168448	9.243784080143756	14.889690228663504 -1.6413749582175239 15.19707712176821 -2.2553724612858943 15.508657529961422 -2.8656431002288913 15.82858358637518 -3.475627947541888 16.154765412188993 -4.087712127162561 
5	0.7	200.003	9	10	10	10	1	4.1518008866401495	6.380272759077959	2.588174352800976 -3.4342418239571866 3.1579593310814156 -3.8362638103012143 3.723767503147664 -4.236465055842984 4.282183944210788 -4.626129218736552 4.8418086367817645 -5.013295061879375 
6	0.7	200.003	9	10	10	10	1	4.900262365346496	8.455035482825176	5.3637121395288885 -4.755915388318684 5.909217570956692 -5.173134454169169 6.462651439351499 -5.5989061794294726 7.0167420484713645 -6.035773252844898 7.569084991666503 -6.47681730978902 8.119768574086711 -6.913496271890051 
5	0.7	200.003	9	10	10	10	1	4.184787206381191	7.294356984189761	5.908425029468033 -5.856365449007438 6.431186565374363 -6.329197852471129 6.949812631540104 -6.795062863413659 7.47051868320081 -7.250164013037587 7.995819908320287 -7.69942559965513 
6	0.7	200.003	9	10	10	10	1	4.846601754874476	9.482075189748485	8.722724251628154 -7.916768582414944 9.220889134280622 -8.38514103974114 9.722943008076413 -8.852344406735455 10.230729467351678 -9.31789001279253 10.7436751092182 -9.78260974905752 11.260716930785295 -10.248485774907898 
5	0.7	200.003	9	10	10	10	1	4.146174842741988	7.850007966784053	4.8355125668441366 -2.191032321525835 5.45620975570101 -2.4830193758943744 6.082857511658882 -2.766511413479382 6.718003468789538 -3.040734993560698 7.344622412281177 -3.3064359089506485 
6	0.7	200.003	9	10	10	10	1	4.819809168878594	9.43790267996407	7.917235557855213 -3.6222125072793543 8.47171845031543 -4.018297237511326 9.030201058480323 -4.414190952895483 9.593653404643177 -4.807080339150346 10.157498356732596 -5.194486764498399 10.721283435009301 -5.579671993821682 
6	0.7	200.003	9	10	10	10	1	4.812033096161965	8.113118187053438	11.860714434085544 -8.018549933232988 12.543137974007097 -8.125328269988472 13.213108011844886 -8.230546910859031 13.884440615294281 -8.33564275901902 14.556914532560022 -8.439889688264364 15.232049216576216 -8.543962708908351 
6	0.7	200.003	9	10	10	10	1	4.8656821694107535	10.192788214133369	15.847095168938955 -9.02154542644324 16.520637237701166 -9.16289166192644 17.196679175695643 -9.305441134828358 17.875886320761737 -9.447408172220804 18.556523281040757 -9.588586917503827 19.239536263706487 -9.73025988407313 
6	0.7	200.003	9	10	10	10	1	4.857693799642924	7.788688401769745	5.213086259417441 1.4579929671419374 5.7719074084894855 1.0442039588300922 6.329134025376148 0.6290133970792728 6.882771101890193 0.20845219250168634 7.429886346539533 -0.21617159624665547 7.9639614902975335 -0.6364835680405545 
6	0.7	200.003	9	10	10	10	1	4.82581003084535	8.502525847785373	8.300523408415277 -1.285546869105832 8.883067721614665 -1.6617625951439712 9.458591288450169 -2.0327554468925664 10.023356580627768 -2.3972271477422415 10.595379283426013 -2.767541015562406 11.17756629191798 -3.1453276897458493 
5	0.7	200.003	9	10	10	10	1	4.128027279845524	7.632268516714756	1.5992826249986207 2.498540855324202 2.243545389466749 2.251973312866543 2.884175305687981 2.017210222308425 3.5267962091757097 1.7984987026603918 4.1704013702034715 1.588226207916045 
5	0.7	200.003	9	10	10	10	1	4.161994405869903	7.260389426338897	4.607754447625755 1.1426112986745283 5.16140364832238 0.7323002646501013 5.718450863702328 0.3247673366329653 6.278259423419011 -0.07778865331925232 6.843551394361857 -0.4789171045920894 
5	0.7	200.003	9	10	10	10	1	4.15881893293221	8.31828993700756	12.771337091718491 2.5422521378862317 13.39437475271192 2.239674446350809 14.015711617771048 1.9353450284864941 14.631273669795481 1.628661906129122 15.24519056236922 1.3212094816129702 
5	0.7	200.003	9	10	10	10	1	4.175833014386515	8.269301037225848	15.693694229967464 0.5756096496019392 16.232989086972132 0.14634424569566917 16.773092858327505 -0.28971442085079013 17.309879158484154 -0.7311811709108843 17.846994890886407 -1.175989323322541 
5	0.7	200.003	9	10	10	10	1	4.120894167541455	7.4717402264536386	6.296673910645644 4.209870585499761 6.607103103974193 3.599805949919778 6.905782083175922 2.9846365377234227 7.184505557401203 2.371548242636284 7.4566209441004485 1.7493777653056746 
5	0.7	200.003	9	10	10	10	1	4.13309146949383	7.31708387191688	7.699591669758385 1.0111719426561412 8.078158639451958 0.4372556075820728 8.457132333420667 -0.1268494928929604 8.844478826032086 -0.6867004428898293 9.24052859288527 -1.245837694437285 
5	0.7	200.003	9	10	10	10	1	4.099372075890853	6.582769700278231	-5.413315154189185 7.445925381660306 -4.830374409164489 7.088069290483187 -4.258519796088879 6.7362652532582645 -3.6908419489716016 6.387481971373992 -3.112182798205644 6.034762417474804 
6	0.7	200.003	9	10	10	10	1	4.840385269570572	10.63872774260819	-2.317707699621526 5.951159222684778 -1.698641527218007 5.641630213271262 -1.083984565769345 5.323691726743359 -0.4800578343460099 4.996064814639678 0.11637430984237739 4.659666786206273 0.7099152266197075 4.318909045535924 
5	0.7	200.003	9	10	10	10	1	4.14060651958515	6.810275166940976	3.500095032733156 1.1322866898005468 4.056425698947018 0.7285096570942557 4.610467353611438 0.3261943458800071 5.164030951757022 -0.07548621092086398 5.7180168825265545 -0.4776035702264389 
5	0.7	200.003	9	10	10	10	1	4.134478964614518	7.974681561110008	6.475919442608806 -0.8207883015883666 7.0498906290093295 -1.1934823936397867 7.612080168295863 -1.5687224278408813 8.1755218535 -1.956041479045089 8.74252889367069 -2.3500785737872816 
5	0.7	200.003	9	10	10	10	1	4.104099976951185	7.1738468186563775	-2.013518414198833 -5.485930350068742 -1.3917403401029973 -5.7802384677569165 -0.7776644017012165 -6.061673940827057 -0.16979002215680877 -6.330183747526537 0.4510659179188782 -6.597992433966525 
6	0.7	200.003	9	10	10	10	1	4.845390024119235	8.668851096824127	0.872521015350411 -7.136884878027698 1.481601463578041 -7.444442197111548 2.1021937884571607 -7.753383596114065 2.7225953176642936 -8.061668965770265 3.338827798991639 -8.369887221006946 3.9535413613173533 -8.678947665185028 
5	0.7	200.003	9	10	10	10	1	4.121379749193317	7.92604577665074	9.393538313503795 -3.8461443744302417 10.009853449262023 -4.142450824591093 10.622205361472968 -4.4376816142211615 11.232929009546824 -4.732257509975083 11.845183336328256 -5.027390567770188 
5	0.7	200.003	9	10	10	10	1	4.13045508205375	9.932202175246747	12.51369992058478 -5.250885147900203 13.16111456128326 -5.45703780217825 13.811345664770409 -5.661753231489418 14.463092886226653 -5.863755886760285 15.118835666267792 -6.068559803787676 
6	0.7	200.003	9	10	10	10	1	4.837123539898474	7.9712093143684015	5.193894823717019 -6.796943179249674 5.775347966996182 -7.180476823457362 6.346354661329781 -7.56113971037714 6.907775003262206 -7.947123356810147 7.467998329002859 -8.344068409768004 8.025155502877451 -8.744983563773141 
6	0.7	200.003	9	10	10	10	1	4.848063782474133	8.029189149510703	8.444100048454954 -9.294861552441784 8.924589167041445 -9.781163285253307 9.407242833899701 -10.268653591743396 9.893053483254345 -10.757696026309421 10.3820589710269 -11.248417620010066 10.874032811497159 -11.741190640528728 
